{
  "K": [
    [
      3183.592270336112,
      0.0,
      1911.3122172243477
    ],
    [
      0.0,
      3183.8330165146126,
      1100.814254448177
    ],
    [
      0.0,
      0.0,
      1.0
    ]
  ],
  "cameras_optimized": [
    {
      "R_w2c": [
        [
          1.0,
          0.0,
          -0.0
        ],
        [
          -0.0,
          1.0,
          0.0
        ],
        [
          0.0,
          -0.0,
          1.0
        ]
      ],
      "id": 0,
      "t_w2c": [
        0.0,
        0.0,
        0.0
      ]
    },
    {
      "R_w2c": [
        [
          0.9999454184139932,
          0.007364581365018134,
          0.007411014382801066
        ],
        [
          -0.007371597554465141,
          0.9999724063282798,
          0.0009198540779311546
        ],
        [
          -0.007404035545502207,
          -0.0009744348863370268,
          0.9999721149783594
        ]
      ],
      "id": 1,
      "t_w2c": [
        0.931905601143979,
        -0.04916317591713026,
        -0.2757962832956587
      ]
    },
    {
      "R_w2c": [
        [
          0.9998613736763884,
          0.011754013491012119,
          -0.011793074103839831
        ],
        [
          -0.011971906071985549,
          0.999755716089576,
          -0.018579063787571036
        ],
        [
          0.011571814679172324,
          0.018717673815733166,
          0.9997578415756281
        ]
      ],
      "id": 2,
      "t_w2c": [
        -0.04960966900501707,
        -0.06943264578096274,
        -0.4983975482984058
      ]
    },
    {
      "R_w2c": [
        [
          0.9974767140667272,
          -0.004652983358477992,
          -0.07084175774576817
        ],
        [
          0.002676865891161764,
          0.9996053400738563,
          -0.027964235817036612
        ],
        [
          0.07094391646677756,
          0.02770404016918517,
          0.9970955053928681
        ]
      ],
      "id": 3,
      "t_w2c": [
        -0.9949620519704796,
        -0.05405365739541238,
        -0.7180562058672003
      ]
    },
    {
      "R_w2c": [
        [
          0.990695438811136,
          -0.007552011103584147,
          -0.13588787527628124
        ],
        [
          0.004799883645337925,
          0.999776909890554,
          -0.020569189743067116
        ],
        [
          0.13601289878464481,
          0.01972555646835905,
          0.9905106732318494
        ]
      ],
      "id": 4,
      "t_w2c": [
        -1.8905060138661978,
        -0.0517910959443483,
        -1.1089362618566247
      ]
    },
    {
      "R_w2c": [
        [
          0.9818791942168584,
          -0.032429551145161564,
          -0.1867125388841789
        ],
        [
          0.025258287753929392,
          0.99885372186792,
          -0.04066031493168367
        ],
        [
          0.18781711014652622,
          0.03520747822732193,
          0.9815728025027386
        ]
      ],
      "id": 5,
      "t_w2c": [
        -2.802856097147842,
        -0.05289552202565456,
        -1.4308463232221356
      ]
    },
    {
      "R_w2c": [
        [
          0.9651668474402499,
          -0.015225002987889692,
          -0.26119179904098855
        ],
        [
          0.0013341525732958699,
          0.9985788460152965,
          -0.05327765317344551
        ],
        [
          0.261631757703763,
          0.05107335484161512,
          0.9638155092060212
        ]
      ],
      "id": 6,
      "t_w2c": [
        -3.6728967168500257,
        0.04305306506855,
        -1.8059388079919168
      ]
    },
    {
      "R_w2c": [
        [
          0.948628015453596,
          -0.018826117071002273,
          -0.3158329710663549
        ],
        [
          0.01165303751167794,
          0.9996298239913706,
          -0.024584989398672555
        ],
        [
          0.31617889716634073,
          0.019641596243949525,
          0.948496237569589
        ]
      ],
      "id": 7,
      "t_w2c": [
        -4.523867463306063,
        -0.015960770085895793,
        -2.292535760540125
      ]
    },
    {
      "R_w2c": [
        [
          0.8580530248648014,
          -0.019451329425471467,
          -0.5131926074135774
        ],
        [
          -0.033825046098777366,
          0.9949721439192372,
          -0.09426716862817384
        ],
        [
          0.5124459705927836,
          0.0982449927901609,
          0.8530809156316188
        ]
      ],
      "id": 8,
      "t_w2c": [
        -3.352124053939473,
        0.10130104849246432,
        -4.009261981351619
      ]
    },
    {
      "R_w2c": [
        [
          0.8939946943128578,
          -0.040318147425235,
          -0.44625993941721565
        ],
        [
          0.005931532662969981,
          0.996921147797024,
          -0.07818594499865228
        ],
        [
          0.44803828347667796,
          0.06725081459180382,
          0.891481365187187
        ]
      ],
      "id": 9,
      "t_w2c": [
        -2.6425196222654996,
        -0.1605833043219595,
        -3.677039477674636
      ]
    },
    {
      "R_w2c": [
        [
          0.924439596199042,
          -0.07100032316646968,
          -0.37466036231446886
        ],
        [
          0.03373390089490895,
          0.9938880345497629,
          -0.10511231473629405
        ],
        [
          0.3798334594394821,
          0.08453123025879931,
          0.9211845711914465
        ]
      ],
      "id": 10,
      "t_w2c": [
        -1.912745453128082,
        -0.21083711036526162,
        -3.3447014532366457
      ]
    },
    {
      "R_w2c": [
        [
          0.9424581998483182,
          -0.11970122416456566,
          -0.3121604691055096
        ],
        [
          0.10052889970296447,
          0.9919604454242428,
          -0.07686621519399224
        ],
        [
          0.31885181803335966,
          0.041062046310945274,
          0.9469146880736296
        ]
      ],
      "id": 11,
      "t_w2c": [
        -1.0979207532735566,
        -0.45662061112264907,
        -3.1591812462710904
      ]
    },
    {
      "R_w2c": [
        [
          0.9367117931912001,
          -0.1917585576131653,
          -0.292915810564477
        ],
        [
          0.14437168701781394,
          0.9737809288527699,
          -0.17580534289454086
        ],
        [
          0.3189480090612835,
          0.1223901882699552,
          0.9398365865037859
        ]
      ],
      "id": 12,
      "t_w2c": [
        -0.2705397933507894,
        -0.20952653485996667,
        -2.6292489252437306
      ]
    },
    {
      "R_w2c": [
        [
          0.94008605029878,
          -0.1984731207862049,
          -0.27721226228113405
        ],
        [
          0.21258399003584674,
          0.9769064352248685,
          0.021491021303763062
        ],
        [
          0.2665450528786433,
          -0.07913429813692865,
          0.9605683201336056
        ]
      ],
      "id": 13,
      "t_w2c": [
        0.6731400223170172,
        -0.722034913048376,
        -2.714025609180142
      ]
    },
    {
      "R_w2c": [
        [
          0.9785875621566681,
          -0.09783250220790059,
          -0.18109440826268064
        ],
        [
          0.1027077484149138,
          0.9945537437440891,
          0.017719176621825893
        ],
        [
          0.17837461032279256,
          -0.03593956477696711,
          0.9833060795478863
        ]
      ],
      "id": 14,
      "t_w2c": [
        1.3094073841573592,
        -0.6341984572545016,
        -2.586428585590376
      ]
    },
    {
      "R_w2c": [
        [
          0.982667195453352,
          -0.15399987196217757,
          -0.10319506972465649
        ],
        [
          0.14752928573519214,
          0.9867385570470507,
          -0.06769143141615777
        ],
        [
          0.11225102596550214,
          0.05129385413806679,
          0.9923551016130037
        ]
      ],
      "id": 15,
      "t_w2c": [
        2.0584795589873197,
        -0.28208029827412684,
        -2.3497729393804567
      ]
    },
    {
      "R_w2c": [
        [
          0.9789711370836447,
          -0.14715934294878308,
          0.1412785919381921
        ],
        [
          0.15304042624896808,
          0.9877130841137193,
          -0.03164634898529369
        ],
        [
          -0.13488565783911166,
          0.05260219818075374,
          0.9894639296386012
        ]
      ],
      "id": 16,
      "t_w2c": [
        1.3001732378044883,
        -0.383454125223664,
        -1.7764794283196463
      ]
    },
    {
      "R_w2c": [
        [
          0.9969649543347691,
          -0.0017970083499951797,
          0.07783091024305172
        ],
        [
          -0.008192813227642062,
          0.9917605576625333,
          0.12784316202409074
        ],
        [
          -0.07741936217567863,
          -0.12809280630031877,
          0.9887357965272726
        ]
      ],
      "id": 17,
      "t_w2c": [
        1.806783209478837,
        -0.9883716309923172,
        -2.4423131337167097
      ]
    },
    {
      "R_w2c": [
        [
          0.984812426919421,
          0.07944111875294216,
          0.15438132152679931
        ],
        [
          -0.09895036723476688,
          0.9874495578419745,
          0.12309425470668334
        ],
        [
          -0.14266502237473913,
          -0.1365008401767916,
          0.9803133233930085
        ]
      ],
      "id": 18,
      "t_w2c": [
        1.425681953389711,
        -0.3671145546763655,
        -1.9431496066330212
      ]
    },
    {
      "R_w2c": [
        [
          0.9952064687199523,
          -0.019057612723765317,
          0.0959212803043907
        ],
        [
          0.011282506711212646,
          0.9966538040534292,
          0.0809561604088301
        ],
        [
          -0.09714314005772079,
          -0.0794858620328154,
          0.9920913305117761
        ]
      ],
      "id": 19,
      "t_w2c": [
        0.6062037307824951,
        -0.010357972941413263,
        -2.2210542266783184
      ]
    },
    {
      "R_w2c": [
        [
          0.9989644053020192,
          0.013475219865007668,
          -0.04345728234913822
        ],
        [
          -0.014309136555987279,
          0.9997183042288522,
          -0.01893570175119604
        ],
        [
          0.04318987787207931,
          0.01953792822634588,
          0.9988758200146888
        ]
      ],
      "id": 20,
      "t_w2c": [
        1.5750905660618564,
        0.14227582703475813,
        -2.8540523431261944
      ]
    },
    {
      "R_w2c": [
        [
          0.9983244255640221,
          0.017504992012964266,
          -0.05515357265754629
        ],
        [
          -0.018692177442991266,
          0.9996029712091415,
          -0.021083226799896673
        ],
        [
          0.05476261338454283,
          0.022078840650772633,
          0.9982552684413004
        ]
      ],
      "id": 21,
      "t_w2c": [
        0.6230485312840939,
        0.2104352474082276,
        -2.9890853657471994
      ]
    },
    {
      "R_w2c": [
        [
          0.9940080127218197,
          -0.08240867549750275,
          -0.07181142560599889
        ],
        [
          0.06368995751754489,
          0.9705771675810257,
          -0.23221445063089174
        ],
        [
          0.08883501537249795,
          0.22624935795078144,
          0.9700100865819011
        ]
      ],
      "id": 22,
      "t_w2c": [
        -0.34032017446074664,
        0.8450903281600641,
        -2.7780591310793903
      ]
    },
    {
      "R_w2c": [
        [
          0.9985297496163641,
          -0.01728797698362781,
          -0.05137572367271143
        ],
        [
          0.010001303932819599,
          0.9902641613238903,
          -0.1388411492214591
        ],
        [
          0.053275820507286555,
          0.13812319374133245,
          0.9889811273729998
        ]
      ],
      "id": 23,
      "t_w2c": [
        -1.363120738560678,
        0.6281478554738555,
        -3.0493606570285197
      ]
    },
    {
      "R_w2c": [
        [
          0.9806605065829338,
          -0.03157792739967496,
          -0.19315228533373477
        ],
        [
          0.031749229427072416,
          0.9994934245853672,
          -0.0022092173732311763
        ],
        [
          0.19312420164052654,
          -0.003965943993039384,
          0.9811663029420412
        ]
      ],
      "id": 24,
      "t_w2c": [
        -1.807833806194136,
        0.19466438269766903,
        -3.708300562657143
      ]
    },
    {
      "R_w2c": [
        [
          0.96721642886223,
          -0.047792402921485726,
          -0.24941584946026388
        ],
        [
          0.024484642474297887,
          0.9951061648485974,
          -0.0957299480999648
        ],
        [
          0.2527704136601047,
          0.08648472063495671,
          0.9636532110021702
        ]
      ],
      "id": 25,
      "t_w2c": [
        -2.5886589060477663,
        0.5484115664235951,
        -3.8703844563433214
      ]
    }
  ],
  "notes": {
    "convention": "x_cam = R_w2c * x_world + t_w2c",
    "fix_cam_prefix": 1,
    "huber_delta_px": 3.0,
    "min_track_len": 2,
    "num_cameras": 26,
    "num_observations": 4731,
    "num_points": 2265,
    "prefilter_thresh_px": 50.0,
    "solver": "Ceres BA (Schur)",
    "stage": "B",
    "stageB_free_t": 1,
    "two_stage": 1,
    "zmin": 0.1
  },
  "points_optimized": [
    {
      "X": [
        -4.730557587850055,
        -2.7266342324798685,
        11.305893940460567
      ],
      "id": 0
    },
    {
      "X": [
        -4.656104320297557,
        -2.493196886201169,
        11.151939842396196
      ],
      "id": 1
    },
    {
      "X": [
        -4.6906066539472695,
        -2.644395831464093,
        11.260847627037185
      ],
      "id": 2
    },
    {
      "X": [
        -4.616124047199164,
        -2.685102746025472,
        11.188220419965456
      ],
      "id": 3
    },
    {
      "X": [
        -4.5678165043413586,
        -2.5158997214116785,
        11.14561610844639
      ],
      "id": 4
    },
    {
      "X": [
        -4.600599307923205,
        -2.621029882722658,
        11.2366757739549
      ],
      "id": 5
    },
    {
      "X": [
        -4.4850653222365935,
        -2.4976325587787653,
        11.087099053105156
      ],
      "id": 6
    },
    {
      "X": [
        -4.431766061893422,
        -2.837911444981421,
        11.183508525968074
      ],
      "id": 7
    },
    {
      "X": [
        -3.314399645162812,
        -1.971329814462033,
        9.550158535994438
      ],
      "id": 8
    },
    {
      "X": [
        -3.8120310360750524,
        -2.4493766780328867,
        11.0487379968436
      ],
      "id": 9
    },
    {
      "X": [
        -3.8902850190146223,
        -3.2968961239676724,
        11.364944459968612
      ],
      "id": 10
    },
    {
      "X": [
        -3.2485604247702233,
        -2.052602398612774,
        9.56364039022833
      ],
      "id": 11
    },
    {
      "X": [
        -3.879959304289411,
        -3.4926480857762083,
        11.432108376503303
      ],
      "id": 12
    },
    {
      "X": [
        -3.841364113407766,
        -3.4871600846619475,
        11.331542418756875
      ],
      "id": 13
    },
    {
      "X": [
        -3.1912369476570137,
        -1.673865033552802,
        9.473517263648832
      ],
      "id": 14
    },
    {
      "X": [
        -3.8269417791339397,
        -3.303677405966073,
        11.364894999966305
      ],
      "id": 15
    },
    {
      "X": [
        -3.7494327851457485,
        -2.9609745278325454,
        11.19555530067453
      ],
      "id": 16
    },
    {
      "X": [
        -3.70804619071491,
        -3.617995760278863,
        11.359719501358157
      ],
      "id": 17
    },
    {
      "X": [
        -3.6438760923675777,
        -3.082222610876139,
        11.184638305610346
      ],
      "id": 18
    },
    {
      "X": [
        -3.6804415673006883,
        -3.652381557138563,
        11.426264166422405
      ],
      "id": 19
    },
    {
      "X": [
        -3.636224643334627,
        -3.2626520862528965,
        11.30114889942984
      ],
      "id": 20
    },
    {
      "X": [
        -3.637674172648615,
        -3.3516502238829005,
        11.323382358029415
      ],
      "id": 21
    },
    {
      "X": [
        -3.622341536942366,
        -3.584261579650418,
        11.36959669118152
      ],
      "id": 22
    },
    {
      "X": [
        -3.6317832651467676,
        -3.7052999218320246,
        11.44161399667283
      ],
      "id": 23
    },
    {
      "X": [
        -3.489447392595409,
        -3.5058439990708905,
        11.33798485689673
      ],
      "id": 24
    },
    {
      "X": [
        -3.474019717892529,
        -3.401321058322893,
        11.29778089373289
      ],
      "id": 25
    },
    {
      "X": [
        -3.48374362337494,
        -3.3849036079428507,
        11.332721151883655
      ],
      "id": 26
    },
    {
      "X": [
        -3.423362811060283,
        -3.33630850024446,
        11.288727457315389
      ],
      "id": 27
    },
    {
      "X": [
        -3.4071767044344012,
        -3.382262749507677,
        11.243497388280716
      ],
      "id": 28
    },
    {
      "X": [
        -3.3923120542877148,
        -3.427747324901568,
        11.288557382557297
      ],
      "id": 29
    },
    {
      "X": [
        -1.2164453296119127,
        -2.2404850678206785,
        9.4464777969622
      ],
      "id": 30
    },
    {
      "X": [
        -1.2030466219894158,
        -2.2596759039018095,
        9.483811614163924
      ],
      "id": 31
    },
    {
      "X": [
        -1.1665754199671243,
        -2.2290573421813753,
        9.476952989565913
      ],
      "id": 32
    },
    {
      "X": [
        -1.1596936109103642,
        -2.174794191722503,
        9.44248790020723
      ],
      "id": 33
    },
    {
      "X": [
        -1.1179189383442298,
        -2.1376133425864414,
        9.440038586266246
      ],
      "id": 34
    },
    {
      "X": [
        -1.271103666280262,
        -3.38899386018677,
        11.076167667111738
      ],
      "id": 35
    },
    {
      "X": [
        -1.0478889034130667,
        -2.0699289797772553,
        9.416603876037845
      ],
      "id": 36
    },
    {
      "X": [
        -1.1970160296920642,
        -3.588638918385612,
        11.189776448114324
      ],
      "id": 37
    },
    {
      "X": [
        -0.9860270344021416,
        -2.0223949279234,
        9.368343938928563
      ],
      "id": 38
    },
    {
      "X": [
        -0.9847883012086398,
        -2.0842625847133958,
        9.441406016899416
      ],
      "id": 39
    },
    {
      "X": [
        -0.9768745272332058,
        -2.1886215845745913,
        9.420039327557324
      ],
      "id": 40
    },
    {
      "X": [
        -0.9230269911462351,
        -2.2035529869978316,
        9.436991658500776
      ],
      "id": 41
    },
    {
      "X": [
        -0.8849767255255298,
        -2.1487825060384815,
        9.44138006077857
      ],
      "id": 42
    },
    {
      "X": [
        -0.8349102644787019,
        -2.1983385022623922,
        9.41415013358607
      ],
      "id": 43
    },
    {
      "X": [
        -0.8137989168057639,
        -2.2041103494121184,
        9.362408247840026
      ],
      "id": 44
    },
    {
      "X": [
        -0.8160599979728542,
        -2.0130324285367585,
        9.392974373112086
      ],
      "id": 45
    },
    {
      "X": [
        -0.7815975695597649,
        -2.203646563470815,
        9.335640120851503
      ],
      "id": 46
    },
    {
      "X": [
        -0.07405926389031238,
        -2.1361189893670023,
        9.54592118952688
      ],
      "id": 47
    },
    {
      "X": [
        -0.06710185439665001,
        -2.6730409836630558,
        10.995275408423128
      ],
      "id": 48
    },
    {
      "X": [
        -0.0217237525070183,
        -2.7637779204671857,
        10.971951791602615
      ],
      "id": 49
    },
    {
      "X": [
        0.012974237289801904,
        -2.6507137470512117,
        11.005154105938262
      ],
      "id": 50
    },
    {
      "X": [
        0.16204010832262616,
        -2.8780608994296704,
        10.91978533764061
      ],
      "id": 51
    },
    {
      "X": [
        4.9040419826405355,
        -3.37017366676395,
        10.845756917278365
      ],
      "id": 52
    },
    {
      "X": [
        -3.6732106612967814,
        0.996863269244772,
        7.409531968916326
      ],
      "id": 53
    },
    {
      "X": [
        -1.9766194850517103,
        1.600683594021106,
        9.90845256182436
      ],
      "id": 54
    },
    {
      "X": [
        -0.20845069473137193,
        -0.7390164290779155,
        7.350766878047656
      ],
      "id": 55
    },
    {
      "X": [
        -0.1964184855473582,
        -0.5904613153430363,
        7.280632442112146
      ],
      "id": 56
    },
    {
      "X": [
        -0.12598298154673251,
        -1.0147859776499601,
        7.488385319196155
      ],
      "id": 57
    },
    {
      "X": [
        -0.11230867026790088,
        -0.7663760800803855,
        7.386974447659659
      ],
      "id": 58
    },
    {
      "X": [
        -0.07626668242321316,
        -0.9226055316839445,
        7.490517427824579
      ],
      "id": 59
    },
    {
      "X": [
        0.2094297072233665,
        0.9831316164757273,
        9.253671680881707
      ],
      "id": 60
    },
    {
      "X": [
        0.21580490624347126,
        0.9582258095299268,
        9.29494079905732
      ],
      "id": 61
    },
    {
      "X": [
        0.08105689100050667,
        -0.9440743272694543,
        7.4771805148926935
      ],
      "id": 62
    },
    {
      "X": [
        0.09565299391378278,
        -0.9567068777408413,
        7.488297921230432
      ],
      "id": 63
    },
    {
      "X": [
        0.1776483454829342,
        -1.1053743314731557,
        7.5854894267052675
      ],
      "id": 64
    },
    {
      "X": [
        0.20635632693417452,
        -1.0626493271161375,
        7.576026419664096
      ],
      "id": 65
    },
    {
      "X": [
        0.19860231842042553,
        -0.8918549827255573,
        7.500169430802847
      ],
      "id": 66
    },
    {
      "X": [
        0.19767021544764668,
        -0.8334953764960951,
        7.479682710986545
      ],
      "id": 67
    },
    {
      "X": [
        1.3452444369768413,
        0.6140038029563709,
        8.937099801555778
      ],
      "id": 68
    },
    {
      "X": [
        1.717183942070787,
        1.2680978223436277,
        9.56230249598385
      ],
      "id": 69
    },
    {
      "X": [
        1.7224926113925572,
        1.1753205625954453,
        9.49051668581538
      ],
      "id": 70
    },
    {
      "X": [
        1.7290341873720627,
        0.18203079439191877,
        9.228302152936818
      ],
      "id": 71
    },
    {
      "X": [
        1.746805999979712,
        0.32221328418827155,
        9.204069541585222
      ],
      "id": 72
    },
    {
      "X": [
        1.5720416399770034,
        -1.322869715352786,
        8.611500989218635
      ],
      "id": 73
    },
    {
      "X": [
        1.774474414221619,
        0.36424353387123976,
        9.235361239737317
      ],
      "id": 74
    },
    {
      "X": [
        1.9445638058412928,
        0.8543079823641265,
        9.622341419311537
      ],
      "id": 75
    },
    {
      "X": [
        1.9460887041739041,
        0.7405801075132558,
        9.606444465384431
      ],
      "id": 76
    },
    {
      "X": [
        1.5617627599890478,
        -1.5654394658405346,
        8.856804835790253
      ],
      "id": 77
    },
    {
      "X": [
        1.5758054214267134,
        -1.5086615248209305,
        8.872990771603384
      ],
      "id": 78
    },
    {
      "X": [
        1.9950458868400058,
        0.8002759389342636,
        9.630036201869636
      ],
      "id": 79
    },
    {
      "X": [
        1.546413213386228,
        0.33779128503447686,
        8.19330494466016
      ],
      "id": 80
    },
    {
      "X": [
        2.019714940952751,
        1.224838398097722,
        9.671032084709728
      ],
      "id": 81
    },
    {
      "X": [
        2.0471329805444416,
        0.9853267122621575,
        9.680079879278958
      ],
      "id": 82
    },
    {
      "X": [
        1.6486446309057672,
        -1.5828202809968153,
        8.896490415622257
      ],
      "id": 83
    },
    {
      "X": [
        2.1025517402169243,
        0.9191031324273647,
        9.744015772987883
      ],
      "id": 84
    },
    {
      "X": [
        2.121525078317727,
        0.9086631580222044,
        9.727039613685745
      ],
      "id": 85
    },
    {
      "X": [
        1.6809089007066236,
        -1.4322062178104125,
        8.820703941584219
      ],
      "id": 86
    },
    {
      "X": [
        1.7173773449540246,
        -1.2677508318744368,
        8.841694235803251
      ],
      "id": 87
    },
    {
      "X": [
        2.1759642292249706,
        0.8694736026899813,
        9.733627278200567
      ],
      "id": 88
    },
    {
      "X": [
        1.7923769853363722,
        -1.0176094620183236,
        8.603742207238563
      ],
      "id": 89
    },
    {
      "X": [
        2.2057469937504557,
        0.9696814030825084,
        9.767556082811478
      ],
      "id": 90
    },
    {
      "X": [
        1.7608283552501487,
        -1.2825360647422033,
        8.87958999229433
      ],
      "id": 91
    },
    {
      "X": [
        2.208537169563326,
        0.9955679248606669,
        9.732258410475797
      ],
      "id": 92
    },
    {
      "X": [
        2.2240676630458505,
        1.2571168849458945,
        9.742772872946592
      ],
      "id": 93
    },
    {
      "X": [
        2.236375411230688,
        1.0137822044301334,
        9.737319888649242
      ],
      "id": 94
    },
    {
      "X": [
        2.261916201306025,
        1.2485899545069477,
        9.784364437635551
      ],
      "id": 95
    },
    {
      "X": [
        1.4963430601354373,
        1.8555767782919963,
        7.45934845673596
      ],
      "id": 96
    },
    {
      "X": [
        1.8600110135463623,
        -0.8825579501250622,
        8.587694672918243
      ],
      "id": 97
    },
    {
      "X": [
        1.5108360058067627,
        1.957977169264944,
        7.468483438971348
      ],
      "id": 98
    },
    {
      "X": [
        2.1950837393271514,
        1.2812488760351497,
        9.499862050771123
      ],
      "id": 99
    },
    {
      "X": [
        1.9076690218172894,
        -0.9751843071880002,
        8.670513999251288
      ],
      "id": 100
    },
    {
      "X": [
        2.161540203050384,
        -0.17510490774180987,
        9.229930076085079
      ],
      "id": 101
    },
    {
      "X": [
        2.157069744297783,
        -0.13272206718102994,
        9.188641727362338
      ],
      "id": 102
    },
    {
      "X": [
        1.9619025587513705,
        -1.0019761043853481,
        8.624756875505556
      ],
      "id": 103
    },
    {
      "X": [
        2.369097389986028,
        0.9362899531349157,
        9.73607421738966
      ],
      "id": 104
    },
    {
      "X": [
        2.3764557847655965,
        1.2240420108519643,
        9.726142073167779
      ],
      "id": 105
    },
    {
      "X": [
        2.371754660349538,
        0.9543050432205293,
        9.705107644396469
      ],
      "id": 106
    },
    {
      "X": [
        2.247579342001391,
        -0.5926701400313517,
        9.145001218779841
      ],
      "id": 107
    },
    {
      "X": [
        2.5199527947986358,
        0.5968598902993024,
        9.749616650460267
      ],
      "id": 108
    },
    {
      "X": [
        2.5480773423246244,
        1.2733339945872437,
        9.810143179333089
      ],
      "id": 109
    },
    {
      "X": [
        2.5222203105637933,
        1.0374915036484524,
        9.731551697723004
      ],
      "id": 110
    },
    {
      "X": [
        2.55389569543554,
        0.764662679618788,
        9.780337712091335
      ],
      "id": 111
    },
    {
      "X": [
        2.3027763257463603,
        -0.7821926178015137,
        9.502138248098726
      ],
      "id": 112
    },
    {
      "X": [
        2.6377616876311483,
        0.9161018285565716,
        9.805157992251475
      ],
      "id": 113
    },
    {
      "X": [
        2.6476942864834148,
        0.5042804076050655,
        9.67942455486952
      ],
      "id": 114
    },
    {
      "X": [
        2.4380536912234496,
        -0.7490487411914267,
        9.543197012378167
      ],
      "id": 115
    },
    {
      "X": [
        2.4358247231573196,
        -0.7282627113296162,
        9.528617072490063
      ],
      "id": 116
    },
    {
      "X": [
        2.503945384422143,
        -0.7020345830759888,
        9.55123065186033
      ],
      "id": 117
    },
    {
      "X": [
        2.9059381572983134,
        1.1333592375579609,
        9.913129665036264
      ],
      "id": 118
    },
    {
      "X": [
        2.9099968158129332,
        1.2870293138918085,
        9.8693553857943
      ],
      "id": 119
    },
    {
      "X": [
        2.9627968540996505,
        0.71358861837358,
        9.846134211605097
      ],
      "id": 120
    },
    {
      "X": [
        2.9885969543737514,
        1.089974258025245,
        9.867404197556386
      ],
      "id": 121
    },
    {
      "X": [
        2.987284726752811,
        1.1448030119188772,
        9.83563466069662
      ],
      "id": 122
    },
    {
      "X": [
        2.985756852989431,
        0.7266402177784141,
        9.826965280807459
      ],
      "id": 123
    },
    {
      "X": [
        3.0009898404797406,
        0.6758969204263505,
        9.848555462365056
      ],
      "id": 124
    },
    {
      "X": [
        3.036331171961343,
        1.012417328399256,
        9.882103011773955
      ],
      "id": 125
    },
    {
      "X": [
        3.0686889588818875,
        1.1382424221545753,
        9.949667860547708
      ],
      "id": 126
    },
    {
      "X": [
        2.7796171605417763,
        0.003219847642496119,
        9.264752296455372
      ],
      "id": 127
    },
    {
      "X": [
        2.976542222623864,
        0.5006534406614449,
        9.731907100312805
      ],
      "id": 128
    },
    {
      "X": [
        2.6284233739014304,
        -0.459780245326524,
        9.28773958129944
      ],
      "id": 129
    },
    {
      "X": [
        3.0706497971986044,
        1.3241249558834747,
        9.942141688710388
      ],
      "id": 130
    },
    {
      "X": [
        2.655676827604377,
        -0.4692508398828269,
        9.311036398301189
      ],
      "id": 131
    },
    {
      "X": [
        2.8339707876654234,
        -0.052813317289029625,
        9.313128650332384
      ],
      "id": 132
    },
    {
      "X": [
        2.689657584357372,
        -0.6248612901230444,
        9.321379043547317
      ],
      "id": 133
    },
    {
      "X": [
        2.6925095579741383,
        -0.4624163436211314,
        9.31412321722242
      ],
      "id": 134
    },
    {
      "X": [
        3.1688009097688945,
        1.1469663856589893,
        9.891085768384094
      ],
      "id": 135
    },
    {
      "X": [
        2.8588984279096303,
        0.2710564785817207,
        9.064435097414052
      ],
      "id": 136
    },
    {
      "X": [
        3.227464174345083,
        0.5620513377922912,
        10.025168603084209
      ],
      "id": 137
    },
    {
      "X": [
        3.374783596888307,
        1.2215842083816864,
        9.957964497775022
      ],
      "id": 138
    },
    {
      "X": [
        2.9855836680017376,
        0.11376239820760498,
        9.297804171564792
      ],
      "id": 139
    },
    {
      "X": [
        3.161248233288749,
        0.26112610272333975,
        9.373955777442928
      ],
      "id": 140
    },
    {
      "X": [
        2.508562790809299,
        1.8346850298412523,
        7.528606808548765
      ],
      "id": 141
    },
    {
      "X": [
        3.709595447994632,
        1.3545022528666726,
        10.117101505666035
      ],
      "id": 142
    },
    {
      "X": [
        5.077196173015009,
        1.7890814522673446,
        12.469349179225283
      ],
      "id": 143
    },
    {
      "X": [
        2.968693922412755,
        1.875183908459646,
        8.102773583771993
      ],
      "id": 144
    },
    {
      "X": [
        4.487352330240998,
        1.5456319469387156,
        10.73069408163208
      ],
      "id": 145
    },
    {
      "X": [
        2.625660242441844,
        1.70975078161443,
        7.187059915540928
      ],
      "id": 146
    },
    {
      "X": [
        5.283028790886765,
        1.7884306841058883,
        12.569185106288401
      ],
      "id": 147
    },
    {
      "X": [
        5.341677623879226,
        1.8157333171478396,
        12.635888833418758
      ],
      "id": 148
    },
    {
      "X": [
        5.359053338095484,
        1.7800948499353586,
        12.607271461877847
      ],
      "id": 149
    },
    {
      "X": [
        5.641074134858946,
        1.6745492775542807,
        12.720432701112799
      ],
      "id": 150
    },
    {
      "X": [
        5.764656660760842,
        1.717663172791253,
        12.90832133192795
      ],
      "id": 151
    },
    {
      "X": [
        5.570092281145244,
        1.3769179394918034,
        12.403658889078285
      ],
      "id": 152
    },
    {
      "X": [
        5.888169513810349,
        1.6991428702624818,
        12.989198702244288
      ],
      "id": 153
    },
    {
      "X": [
        5.927549472336474,
        1.6772696402423133,
        12.994827563980188
      ],
      "id": 154
    },
    {
      "X": [
        5.958373109624936,
        1.739048539286443,
        13.026748015636691
      ],
      "id": 155
    },
    {
      "X": [
        5.963509378597514,
        1.759038024244876,
        12.998282765715583
      ],
      "id": 156
    },
    {
      "X": [
        5.9816267616211265,
        1.6057805869597246,
        13.002529949365105
      ],
      "id": 157
    },
    {
      "X": [
        5.1922788515128655,
        1.6370612274557965,
        11.162583356767062
      ],
      "id": 158
    },
    {
      "X": [
        6.006155863544189,
        1.606309360295774,
        12.991875356115488
      ],
      "id": 159
    },
    {
      "X": [
        5.97684497362785,
        1.873266499352434,
        12.932501778064772
      ],
      "id": 160
    },
    {
      "X": [
        6.003563848296149,
        1.5808479657129777,
        12.957133472126237
      ],
      "id": 161
    },
    {
      "X": [
        3.1562006313037227,
        1.9712250724567588,
        7.69722350611509
      ],
      "id": 162
    },
    {
      "X": [
        6.278393404485493,
        1.7357208957604982,
        12.99300051493553
      ],
      "id": 163
    },
    {
      "X": [
        5.533440484858527,
        1.6002638852618163,
        11.321872265493349
      ],
      "id": 164
    },
    {
      "X": [
        6.414025621229866,
        1.8089897431412634,
        13.04036117320795
      ],
      "id": 165
    },
    {
      "X": [
        6.470080818327918,
        1.810428414629912,
        13.010743303763409
      ],
      "id": 166
    },
    {
      "X": [
        6.470544835268739,
        1.7151081829118893,
        12.965717759457329
      ],
      "id": 167
    },
    {
      "X": [
        6.597781108105728,
        1.8026779313813859,
        13.03937483431585
      ],
      "id": 168
    },
    {
      "X": [
        6.609940244860967,
        1.8695793532265212,
        13.026514392892233
      ],
      "id": 169
    },
    {
      "X": [
        -0.042426631893817145,
        0.3913562268009899,
        6.925122421981447
      ],
      "id": 170
    },
    {
      "X": [
        -0.026412487211482896,
        1.047970109920839,
        6.915770020032348
      ],
      "id": 171
    },
    {
      "X": [
        0.08813910004711902,
        0.6961744918583209,
        6.97395745697769
      ],
      "id": 172
    },
    {
      "X": [
        1.1404045537228,
        0.23054080188105427,
        6.8500735040236655
      ],
      "id": 173
    },
    {
      "X": [
        1.261040167071113,
        0.2921795229351705,
        6.883762204712525
      ],
      "id": 174
    },
    {
      "X": [
        1.2850852729490214,
        0.28128268366028286,
        6.914964800136373
      ],
      "id": 175
    },
    {
      "X": [
        1.417830300042651,
        0.3484171055855288,
        9.091125731754499
      ],
      "id": 176
    },
    {
      "X": [
        1.1360474909738025,
        1.3997963380218175,
        5.785811803631694
      ],
      "id": 177
    },
    {
      "X": [
        1.5795013109431968,
        -0.3583652580941832,
        6.88670804715809
      ],
      "id": 178
    },
    {
      "X": [
        2.32385461806027,
        0.9170740173583152,
        7.475320758408411
      ],
      "id": 179
    },
    {
      "X": [
        3.5638177506873836,
        1.285671954443807,
        8.97454532580936
      ],
      "id": 180
    },
    {
      "X": [
        3.0058917883951883,
        0.7663615158695551,
        7.575216589474215
      ],
      "id": 181
    },
    {
      "X": [
        3.670074289182192,
        1.2947540465593403,
        9.057593374533413
      ],
      "id": 182
    },
    {
      "X": [
        3.6987918623856504,
        1.3138044359889378,
        9.086815423822229
      ],
      "id": 183
    },
    {
      "X": [
        3.731114428897973,
        1.3079955930558234,
        9.050217695063713
      ],
      "id": 184
    },
    {
      "X": [
        3.8432684819331193,
        1.1053574404853725,
        9.020389658081156
      ],
      "id": 185
    },
    {
      "X": [
        2.892545355464016,
        0.3866775330939072,
        6.5722922452095744
      ],
      "id": 186
    },
    {
      "X": [
        3.047465609974425,
        0.20977214140030945,
        6.806630387350879
      ],
      "id": 187
    },
    {
      "X": [
        4.334392336454396,
        1.3448529716041429,
        9.492789690776211
      ],
      "id": 188
    },
    {
      "X": [
        6.222906815471663,
        1.9826238966383523,
        14.479931103491975
      ],
      "id": 189
    },
    {
      "X": [
        5.314377069787873,
        0.17218722246555865,
        11.494709792363269
      ],
      "id": 190
    },
    {
      "X": [
        4.39476244939437,
        1.265056284257959,
        9.54103439588501
      ],
      "id": 191
    },
    {
      "X": [
        5.367104718850921,
        1.379914967997808,
        10.750135975825911
      ],
      "id": 192
    },
    {
      "X": [
        2.736736557261845,
        -0.007755634362159113,
        6.032965074380823
      ],
      "id": 193
    },
    {
      "X": [
        3.1510225097679028,
        -0.011312526487864684,
        7.323597691860188
      ],
      "id": 194
    },
    {
      "X": [
        3.1480947112657836,
        0.137858924594306,
        7.3061607705375184
      ],
      "id": 195
    },
    {
      "X": [
        3.1719790515025705,
        0.09236597888284939,
        7.322266788965479
      ],
      "id": 196
    },
    {
      "X": [
        2.770825477915282,
        -0.1775710727035606,
        6.046053499378065
      ],
      "id": 197
    },
    {
      "X": [
        2.772846594651869,
        -0.10388444236109319,
        6.030883633062952
      ],
      "id": 198
    },
    {
      "X": [
