{
  "frame_002": {
    "R_w2c": [
      [
        1.0,
        0.0,
        0.0
      ],
      [
        0.0,
        1.0,
        0.0
      ],
      [
        0.0,
        0.0,
        1.0
      ]
    ],
    "t_w2c": [
      0.0,
      0.0,
      0.0
    ]
  },
  "frame_003": {
    "R_w2c": [
      [
        0.999971,
        0.001747,
        -0.007354
      ],
      [
        -0.001806,
        0.999966,
        -0.008036
      ],
      [
        0.00734,
        0.008049,
        0.999941
      ]
    ],
    "t_w2c": [
      -0.982320122965301,
      -0.1297220748916382,
      0.13496981939791183
    ]
  },
  "frame_004": {
    "R_w2c": [
      [
        0.9995192714180001,
        0.0005131552559999999,
        -0.030996163746
      ],
      [
        -0.001133671068,
        0.999799072177,
        -0.019999304867
      ],
      [
        0.030980177347000003,
        0.020025111664000003,
        0.9993200545309999
      ]
    ],
    "t_w2c": [
      0.013334458551802871,
      -0.08734259043069066,
      0.14363774546059735
    ]
  },
  "frame_005": {
    "R_w2c": [
      [
        0.9997749046231467,
        0.00395491176683731,
        -0.020857096277118847
      ],
      [
        -0.004687552185211529,
        0.999369451339023,
        -0.035174942488592854
      ],
      [
        0.020705581778964796,
        0.0352653994355116,
        0.9991640676954955
      ]
    ],
    "t_w2c": [
      -0.8163865571292065,
      -0.09131534416279836,
      -0.41427172853885874
    ]
  },
  "frame_006": {
    "R_w2c": [
      [
        0.9996753698561525,
        0.009873239660508456,
        -0.023498955509271634
      ],
      [
        -0.01106128936448979,
        0.9986389593552273,
        -0.0509574262240267
      ],
      [
        0.022963639961148745,
        0.051201002031267685,
        0.9984247304315811
      ]
    ],
    "t_w2c": [
      -1.7735255507904644,
      -0.07762473990972951,
      -0.7056226207692118
    ]
  },
  "frame_007": {
    "R_w2c": [
      [
        0.9997198987135542,
        0.016143619570693147,
        -0.017310272733799124
      ],
      [
        -0.017126187855313522,
        0.9981582832465622,
        -0.05817792183772498
      ],
      [
        0.01633852785323356,
        0.058458940796462744,
        0.9981568339869753
      ]
    ],
    "t_w2c": [
      -2.7568854914341148,
      0.022689951080457627,
      -0.5058524008498818
    ]
  },
  "frame_008": {
    "R_w2c": [
      [
        0.9997969071270637,
        0.019566343029348256,
        0.0048302232596517565
      ],
      [
        -0.019256889919033415,
        0.9981659240715294,
        -0.057368060689712286
      ],
      [
        -0.005944216735198373,
        0.05726391183856886,
        0.9983421169587541
      ]
    ],
    "t_w2c": [
      -3.610209100691529,
      0.03209557050899747,
      -0.9825088017857124
    ]
  },
  "frame_009": {
    "R_w2c": [
      [
        0.9997829173262016,
        0.020428540230523665,
        0.004026433984312986
      ],
      [
        -0.020228107658062336,
        0.9987984707771788,
        -0.044606880280032846
      ],
      [
        -0.004932762365418717,
        0.04451662577465733,
        0.9989971692096323
      ]
    ],
    "t_w2c": [
      -2.621912216709165,
      -0.09767822528875353,
      -1.087022382150452
    ]
  },
  "frame_010": {
    "R_w2c": [
      [
        0.9967409254941987,
        0.013898226963955419,
        0.07946288374808087
      ],
      [
        -0.011323123663859722,
        0.9993978014348843,
        -0.03275973604968121
      ],
      [
        -0.07987041428221592,
        0.03175410614193225,
        0.9962999377953178
      ]
    ],
    "t_w2c": [
      -3.6926329942766056,
      -0.15528656288281087,
      -0.9517080547845721
    ]
  },
  "frame_011": {
    "R_w2c": [
      [
        0.9942731030587203,
        0.004587414742275803,
        0.10677350844845665
      ],
      [
        -0.0020092492950040714,
        0.9997026620438084,
        -0.024236969016769333
      ],
      [
        -0.10685327588216754,
        0.023884109867053065,
        0.9939881474013282
      ]
    ],
    "t_w2c": [
      -4.666413517136284,
      -0.2157921332118935,
      -1.1582078074749511
    ]
  },
  "frame_012": {
    "R_w2c": [
      [
        0.987899599672616,
        -0.0024707503232307953,
        0.15507546228422292
      ],
      [
        0.00537610483093562,
        0.9998160974884327,
        -0.018313919309884515
      ],
      [
        -0.15500243507110398,
        0.018927280252417314,
        0.9877330422666443
      ]
    ],
    "t_w2c": [
      -5.702981192979226,
      -0.19207786688777578,
      -1.0698864945902398
    ]
  },
  "frame_013": {
    "R_w2c": [
      [
        0.9820508808087066,
        -0.0031476058929319215,
        0.1885898448308271
      ],
      [
        0.005767491231828328,
        0.999893130512014,
        -0.013338678237323109
      ],
      [
        -0.1885284089146313,
        0.01418801120309738,
        0.981965393721295
      ]
    ],
    "t_w2c": [
      -6.7347911587712295,
      -0.202252030570674,
      -0.8295718597441216
    ]
  },
  "frame_014": {
    "R_w2c": [
      [
        0.9648119157154795,
        -0.006885957914320447,
        0.26285012359064225
      ],
      [
        0.007220190464232799,
        0.9999726728462595,
        -0.00030181514589283095
      ],
      [
        -0.2628417200395811,
        0.0021897938529335265,
        0.9648365630460124
      ]
    ],
    "t_w2c": [
      -7.731531383174313,
      -0.4678805735202796,
      -0.5040910911753945
    ]
  },
  "frame_015": {
    "R_w2c": [
      [
        0.9560455991649531,
        -0.004558426931230681,
        0.29318246956374716
      ],
      [
        0.0062872290499572684,
        0.999967000423616,
        -0.004950486815500661
      ],
      [
        -0.2931507005773324,
        0.006577053550863882,
        0.9560433088975248
      ]
    ],
    "t_w2c": [
      -8.686250359391694,
      -0.3541573674102142,
      -0.5845353170475119
    ]
  },
  "frame_016": {
    "R_w2c": [
      [
        0.9341026086186067,
        -0.0038055316351524823,
        0.35698544264627574
      ],
      [
        0.008073593521331659,
        0.9999114741610573,
        -0.010462744801777191
      ],
      [
        -0.3569149688972834,
        0.01265618803548462,
        0.934051106923051
      ]
    ],
    "t_w2c": [
      -9.705764852617204,
      -0.36776297851221246,
      -0.01427111298228181
    ]
  },
  "frame_017": {
    "R_w2c": [
      [
        0.9220905827706284,
        -0.006982686934117135,
        0.3869120007974126
      ],
      [
        0.014051861838442916,
        0.9997810916097006,
        -0.015442792201965512
      ],
      [
        -0.3867205161795864,
        0.01967716000248668,
        0.9219865888903537
      ]
    ],
    "t_w2c": [
      -10.676048166671078,
      -0.4324869328765572,
      0.08057902883189669
    ]
  },
  "frame_018": {
    "R_w2c": [
      [
        0.9139312498312238,
        -0.005857672790253135,
        0.40582709811959417
      ],
      [
        0.013728373919068821,
        0.9997685562635477,
        -0.01648386087345574
      ],
      [
        -0.4056382858184974,
        0.020636758301733733,
        0.9138001910248733
      ]
    ],
    "t_w2c": [
      -11.553980878608758,
      -0.3634259367691688,
      -0.16770623668693235
    ]
  },
  "frame_019": {
    "R_w2c": [
      [
        0.9006316104859998,
        -0.0073344120104205405,
        0.43452221516853007
      ],
      [
        0.014319594339425291,
        0.9998141332468913,
        -0.012802667571901643
      ],
      [
        -0.4343487552629314,
        0.017753120960729146,
        0.9005691701752145
      ]
    ],
    "t_w2c": [
      -12.55048125115404,
      -0.33144602693227626,
      0.16207555202664115
    ]
  },
  "frame_020": {
    "R_w2c": [
      [
        0.8906960091971323,
        -0.00915860078895451,
        0.4545071793005415
      ],
      [
        0.015163555861761982,
        0.9998374829778852,
        -0.009566765392234729
      ],
      [
        -0.4543474607457608,
        0.015413573695739303,
        0.8906900240011315
      ]
    ],
    "t_w2c": [
      -13.458007751165677,
      -0.3213345244232337,
      0.04086891443707378
    ]
  },
  "frame_021": {
    "R_w2c": [
      [
        0.8848278460199185,
        -0.0048019995957009325,
        0.46589232939853553
      ],
      [
        0.011538925843862723,
        0.999863927277889,
        -0.01160702843259944
      ],
      [
        -0.46577481135644283,
        0.01564618334370499,
        0.8847636615580386
      ]
    ],
    "t_w2c": [
      -14.066400146345886,
      -0.2549127768897586,
      -0.5791489066245851
    ]
  },
  "frame_022": {
    "R_w2c": [
      [
        0.8613345270007577,
        -0.003677734652692087,
        0.5080241505113413
      ],
      [
        0.012575961215100438,
        0.9998192340440072,
        -0.014081439969239003
      ],
      [
        -0.5078824300092686,
        0.01851818564068887,
        0.86122568032721
      ]
    ],
    "t_w2c": [
      -15.073534268425094,
      -0.31093313388778604,
      0.02648124435743796
    ]
  },
  "frame_023": {
    "R_w2c": [
      [
        0.8463510348373872,
        -0.0010824311908565767,
        0.532623982173449
      ],
      [
        0.016240307261669144,
        0.9995826161325517,
        -0.023774056118616
      ],
      [
        -0.5323785542053511,
        0.028771837042243356,
        0.84601597836125
      ]
    ],
    "t_w2c": [
      -16.055112532336217,
      -0.17907090897936004,
      0.34559706167850907
    ]
  },
  "frame_024": {
    "R_w2c": [
      [
        0.8346252161739177,
        0.0012274704999518196,
        0.5508162139614969
      ],
      [
        0.02318716819483501,
        0.9990295706454205,
        -0.037359723672795206
      ],
      [
        -0.5503305261999017,
        0.043953917980011976,
        0.8337880646864914
      ]
    ],
    "t_w2c": [
      -15.25095955575005,
      -0.0802008381794435,
      1.2949540835026452
    ]
  },
  "frame_025": {
    "R_w2c": [
      [
        0.8148426851684555,
        0.007928040794653417,
        0.5796274835128546
      ],
      [
        0.02655213311160768,
        0.998342997823792,
        -0.050980627373085285
      ],
      [
        -0.5790743485841245,
        0.056931828289501746,
        0.8132829008967002
      ]
    ],
    "t_w2c": [
      -16.181282676409133,
      0.011840286638609131,
      1.9984020850222812
    ]
  },
  "frame_026": {
    "R_w2c": [
      [
        0.7976787189384561,
        0.012876717738527249,
        0.6029452933823091
      ],
      [
        0.029906947513899183,
        0.9976936454094189,
        -0.060870558914740004
      ],
      [
        -0.6023414638501488,
        0.06658764741076742,
        0.7954550930671197
      ]
    ],
    "t_w2c": [
      -17.086612613860513,
      0.09900829722150395,
      2.7035068996129556
    ]
  },
  "frame_027": {
    "R_w2c": [
      [
        0.7847723056227517,
        0.005521283003474588,
        0.6197591535854365
      ],
      [
        0.04153965766615986,
        0.9972395305415215,
        -0.061481400544308284
      ],
      [
        -0.6183910643656831,
        0.07399360536630184,
        0.7823777357968309
      ]
    ],
    "t_w2c": [
      -17.998071150373185,
      -0.2984929605606883,
      3.139251668286932
    ]
  },
  "frame_028": {
    "R_w2c": [
      [
        0.7741896532384728,
        0.004673703271226177,
        0.6329362361223788
      ],
      [
        0.04466568427737799,
        0.9970727432848918,
        -0.06199336551258002
      ],
      [
        -0.6313762565100371,
        0.07626569459238267,
        0.7717153475546944
      ]
    ],
    "t_w2c": [
      -18.913956142484317,
      -0.36271263894543515,
      3.6753093792168157
    ]
  },
  "frame_029": {
    "R_w2c": [
      [
        0.7556442201354364,
        0.008062547395024168,
        0.654931802367272
      ],
      [
        0.04942979339255553,
        0.9963672734542097,
        -0.06929427474403672
      ],
      [
        -0.6531142093917713,
        0.08473616517985555,
        0.7525013021633509
      ]
    ],
    "t_w2c": [
      -19.715425761276727,
      -0.4349324991641467,
      4.616518630792787
    ]
  },
  "frame_030": {
    "R_w2c": [
      [
        0.7356741541056191,
        0.015488752316799905,
        0.6771575450682564
      ],
      [
        0.054467491013533195,
        0.9951448700125428,
        -0.08193501652041585
      ],
      [
        -0.6751419962774552,
        0.0971620548421918,
        0.731259458926139
      ]
    ],
    "t_w2c": [
      -20.541156444318084,
      -0.39004505381918103,
      5.437958029057803
    ]
  },
  "frame_031": {
    "R_w2c": [
      [
        0.7187078899457884,
        0.011988879833863972,
        0.6952077067482194
      ],
      [
        0.06300209140196253,
        0.994612057574609,
        -0.08228121312007748
      ],
      [
        -0.6924516110756701,
        0.10293736544949432,
        0.7140815094117893
      ]
    ],
    "t_w2c": [
      -21.389965164976388,
      -0.5857808651648534,
      5.795089813927206
    ]
  },
  "frame_032": {
    "R_w2c": [
      [
        0.68633017336462,
        0.011925092923060833,
        0.7271906895720541
      ],
      [
        0.05936112110212083,
        0.9956079359991326,
        -0.07235060557689664
      ],
      [
        -0.7248631084229055,
        0.09282421301318565,
        0.6826084623668176
      ]
    ],
    "t_w2c": [
      -22.075711424257253,
      -0.6912512477152423,
      6.543003189193775
    ]
  },
  "frame_033": {
    "R_w2c": [
      [
        0.6772148057459503,
        0.01675825796800716,
        0.735592194174588
      ],
      [
        0.03778996600245633,
        0.9976255179435572,
        -0.057517037242166835
      ],
      [
        -0.734813563767233,
        0.06675015126844819,
        0.6749739162328255
      ]
    ],
    "t_w2c": [
      -21.0009803766035,
      -0.5045672479921015,
      6.730733658937052
    ]
  },
  "frame_034": {
    "R_w2c": [
      [
        0.6714219029123452,
        0.013851116189971048,
        0.7409439841415076
      ],
      [
        0.021273426705895812,
        0.9990494354276153,
        -0.037951429276405456
      ],
      [
        -0.740769680087866,
        0.04124488472123701,
        0.6704890779639985
      ]
    ],
    "t_w2c": [
      -21.937636701849357,
      -0.4239634657373546,
      6.770637656511352
    ]
  },
  "frame_035": {
    "R_w2c": [
      [
        0.6902539116617376,
        0.010446869174402776,
        0.723490573560543
      ],
      [
        0.011882047700621312,
        0.9995941248040746,
        -0.02576834632203002
      ],
      [
        -0.7234704102671657,
        0.026383631793527394,
        0.6898490337587402
      ]
    ],
    "t_w2c": [
      -21.114799683566766,
      -0.3658406868099201,
      6.062860533355228
    ]
  },
  "frame_036": {
    "R_w2c": [
      [
        0.6745357318014902,
        0.0053892012421880246,
        0.7382209573354801
      ],
      [
        0.010008809972878934,
        0.9998117752128728,
        -0.01644313880798359
      ],
      [
        -0.7381753526568191,
        0.018479901715190074,
        0.6743543523165059
      ]
    ],
    "t_w2c": [
      -21.974947532905585,
      -0.4732262413363701,
      6.581559522853368
    ]
  },
  "frame_037": {
    "R_w2c": [
      [
        0.666034330657851,
        0.004533493426179109,
        0.7459057420806096
      ],
      [
        0.007315463229990141,
        0.999890811352855,
        -0.01260781814556086
      ],
      [
        -0.7458863420606651,
        0.013853666113968842,
        0.6659277325726303
      ]
    ],
    "t_w2c": [
      -22.88352209867613,
      -0.45771648375915996,
      6.667252400897946
    ]
  },
  "frame_038": {
    "R_w2c": [
      [
        0.6471412026053944,
        0.009115039704670288,
        0.7623134612908975
      ],
      [
        0.002264606922537663,
        0.9998977494037208,
        -0.013877400455639103
      ],
      [
        -0.7623673774909331,
        0.010706927380189805,
        0.6470543796588837
      ]
    ],
    "t_w2c": [
      -23.44582485582463,
      -0.32860104617640373,
      6.562216883688206
    ]
  },
  "frame_039": {
    "R_w2c": [
      [
        0.6283896246595062,
        0.010247924629531738,
        0.7778287444490503
      ],
      [
        -0.0038780748470780132,
        0.9999389071121528,
        -0.01004067709294714
      ],
      [
        -0.7778895945905693,
        0.0032923548649489557,
        0.6283910970100891
      ]
    ],
    "t_w2c": [
      -24.269657251477437,
      -0.32186962894203824,
      7.256136034687824
    ]
  },
  "frame_040": {
    "R_w2c": [
      [
        0.6134430334503974,
        0.01264462882801063,
        0.7896355329008128
      ],
      [
        -0.010529734170791788,
        0.9999102962219403,
        -0.007830531846431713
      ],
      [
        -0.7896693344804707,
        -0.003512009709289872,
        0.6135215888154824
      ]
    ],
    "t_w2c": [
      -23.14534993382215,
      -0.1983210647448504,
      7.532419173915925
    ]
  },
  "frame_041": {
    "R_w2c": [
      [
        0.595204348094486,
        0.01745860605829848,
        0.8033829607476491
      ],
      [
        -0.01609627009661552,
        0.999819235877428,
        -0.009801173293418222
      ],
      [
        -0.8034142789188726,
        -0.007099131120043268,
        0.5953779976572694
      ]
    ],
    "t_w2c": [
      -22.05338855592487,
      0.09579606426153123,
      8.431971040000263
    ]
  },
  "frame_042": {
    "R_w2c": [
      [
        0.5399724609473635,
        0.012549079525552393,
        0.8415873673637594
      ],
      [
        -0.01736674635366463,
        0.9998389419955551,
        -0.003765666531594878
      ],
      [
        -0.8415047114599353,
        -0.012584012166136537,
        0.5401036626325073
      ]
    ],
    "t_w2c": [
      -22.421334026662795,
      0.01037299182550441,
      9.717689740123605
    ]
  },
  "frame_043": {
    "R_w2c": [
      [
        0.5096867866018688,
        0.010903223597879333,
        0.8602889116440117
      ],
      [
        -0.01788639596249146,
        0.9998342849151325,
        -0.0020740445911485205
      ],
      [
        -0.860174962286595,
        -0.014331658117229092,
        0.5097983830871368
      ]
    ],
    "t_w2c": [
      -23.055040385096394,
      -0.043705270111323746,
      10.408256428534534
    ]
  },
  "frame_044": {
    "R_w2c": [
      [
        0.5194419504472654,
        0.010660547287405854,
        0.8544369154387305
      ],
      [
        -0.01768083298887999,
        0.9998386863890315,
        -0.0017251177835496086
      ],
      [
        -0.8543232951452208,
        -0.014212745009629477,
        0.5195476038508077
      ]
    ],
    "t_w2c": [
      -22.27571797313417,
      -0.06808575575541947,
      9.701945318900982
    ]
  },
  "frame_045": {
    "R_w2c": [
      [
        0.5139530944830724,
        0.01003912045092978,
        0.8577569408354653
      ],
      [
        -0.015037840900757424,
        0.9998797597426238,
        -0.0026922048245655687
      ],
      [
        -0.8576869979723404,
        -0.011517301148702395,
        0.5140440270487294
      ]
    ],
    "t_w2c": [
      -23.037699890502264,
      -0.24911216138334163,
      9.297278855553621
    ]
  },
  "frame_046": {
    "R_w2c": [
      [
        0.5052047202960367,
        0.01308172686905669,
        0.8628978982370226
      ],
      [
        -0.013177838965800588,
        0.9998819461119787,
        -0.00744408126253227
      ],
      [
        -0.862899912196496,
        -0.007611739486091141,
        0.5053189795173832
      ]
    ],
    "t_w2c": [
      -23.732471514300748,
      -0.32950347278001535,
      8.925751640345807
    ]
  },
  "frame_047": {
    "R_w2c": [
      [
        0.4974418919209283,
        0.01556887455197377,
        0.8673552756807406
      ],
      [
        -0.009401546741590617,
        0.9998736596110541,
        -0.012556702196433076
      ],
      [
        -0.8674474885567705,
        -0.0019090349008661681,
        0.4975265042870762
      ]
    ],
    "t_w2c": [
      -24.646815338759144,
      -0.42928437611019105,
      9.136092854954411
    ]
  },
  "frame_048": {
    "R_w2c": [
      [
        0.4734622854591021,
        0.02446217773813892,
        0.8804720866291998
      ],
      [
        -0.003695559930781555,
        0.9996571570959278,
        -0.02578768888400049
      ],
      [
        -0.8808073442255093,
        0.008954620144814473,
        0.47339073943900517
      ]
    ],
    "t_w2c": [
      -25.38282917615992,
      -0.19673066279705798,
      9.827627319807483
    ]
  },
  "frame_049": {
    "R_w2c": [
      [
        0.47759489603133964,
        0.02519254796731818,
        0.8782170576866369
      ],
      [
        0.014605575525972178,
        0.9992196292376622,
        -0.036608172648061106
      ],
      [
        -0.878459899650652,
        0.030309768866476322,
        0.4768538082266576
      ]
    ],
    "t_w2c": [
      -25.436601733666997,
      -0.8877342958595229,
      10.565679434956872
    ]
  },
  "frame_050": {
    "R_w2c": [
      [
        0.4706696520500635,
        0.008014804712562522,
        0.8822709694812136
      ],
      [
        0.028416031481308144,
        0.9992987903716837,
        -0.024238604077159578
      ],
      [
        -0.8818523434116354,
        0.03647827789986489,
        0.4701115434695749
      ]
    ],
    "t_w2c": [
      -25.010109999825968,
      -1.2885318672976063,
      11.686021204986094
    ]
  },
  "frame_051": {
    "R_w2c": [
      [
        0.35449615730248707,
        0.004500629278013534,
        0.9350440570867861
      ],
      [
        -0.0032525141980469575,
        0.9999848223427797,
        -0.0035819114400247724
      ],
      [
        -0.935052472279396,
        -0.001772519615812631,
        0.35450512518862165
      ]
    ],
    "t_w2c": [
      -24.308848971052896,
      -0.9225659912617109,
      14.868327968736217
    ]
  },
  "frame_052": {
    "R_w2c": [
      [
        0.33234396302095,
        0.02735437826355855,
        0.9427591108344491
      ],
      [
        -0.03822761528489441,
        0.9991453181585304,
        -0.015516794132969277
      ],
      [
        -0.9423835237784193,
        -0.030883218308419946,
        0.333105071096215
      ]
    ],
    "t_w2c": [
      -24.879306508544147,
      0.10501509457123062,
      15.025197784174383
    ]
  },
  "frame_053": {
    "R_w2c": [
      [
        0.3301337219647779,
        0.03604277354548297,
        0.9432437200074851
      ],
      [
        -0.04520770955531684,
        0.9987242204955846,
        -0.02234320385961415
      ],
      [
        -0.9428515616753476,
        -0.0352661871869924,
        0.33134158956940807
      ]
    ],
    "t_w2c": [
      -25.72890517484304,
      0.35484461314909155,
      14.60122950513552
    ]
  },
  "frame_054": {
    "R_w2c": [
      [
        0.3406860850003978,
        0.03393789473346473,
        0.9395619652094496
      ],
      [
        -0.03802761661397431,
        0.9990241602858861,
        -0.02229994384148229
      ],
      [
        -0.9394089011141095,
        -0.028132351048485084,
        0.34164356699807746
      ]
    ],
    "t_w2c": [
      -26.884810614816338,
      0.16938111048283142,
      14.216584328025453
    ]
  },
  "frame_055": {
    "R_w2c": [
      [
        0.35252837285708644,
        0.02829730275333114,
        0.9353706311426108
      ],
      [
        -0.023341363755978266,
        0.9994941849646253,
        -0.02144352265728059
      ],
      [
        -0.9355112047002291,
        -0.0142742659763016,
        0.35301024693564426
      ]
    ],
    "t_w2c": [
      -26.090091027701277,
      -0.08351842093735402,
      13.655186259835041
    ]
  },
  "frame_056": {
    "R_w2c": [
      [
        0.3721579362085303,
        0.027975819907248813,
        0.9277449693642117
      ],
      [
        -0.009754779520518835,
        0.9996046585807047,
        -0.026233863480621823
      ],
      [
        -0.9281199258599896,
        0.0007119492684134433,
        0.3722829813637539
      ]
    ],
    "t_w2c": [
      -25.390112772374792,
      -0.2372468897741677,
      13.284175905990312
    ]
  },
  "frame_057": {
    "R_w2c": [
      [
        0.39893011050794974,
        0.020844595743257113,
        0.9167421172348906
      ],
      [
        0.007627324440681721,
        0.9996279843048063,
        -0.02605225715620532
      ],
      [
        -0.9169515382494277,
        0.017383236379281977,
        0.3986221111106011
      ]
    ],
    "t_w2c": [
      -24.81526529633368,
      -0.6120846828125478,
      12.212561980739292
    ]
  },
  "frame_058": {
    "R_w2c": [
      [
        0.406037023206401,
        0.01071083842886958,
        0.9137916002503702
      ],
      [
        0.02483562990037115,
        0.9994285689156143,
        -0.02275443072540178
      ],
      [
        -0.9135204562933485,
        0.03193154707098697,
        0.40553888716067255
      ]
    ],
    "t_w2c": [
      -25.87915687995254,
      -1.0600083212047922,
      11.78670991218884
    ]
  },
  "frame_059": {
    "R_w2c": [
      [
        0.29778646562012867,
        0.008166112993441816,
        0.9545948711083818
      ],
      [
        0.023307863881750518,
        0.9995992379660514,
        -0.015825646198569684
      ],
      [
        -0.9543488324663045,
        0.026960303285712684,
        0.2974765990601925
      ]
    ],
    "t_w2c": [
      -25.31932347070975,
      -1.2330700226055282,
      14.883930229712186
    ]
  },
  "frame_060": {
    "R_w2c": [
      [
        0.31709329780405726,
        0.011693231426737326,
        0.9483198726162289
      ],
      [
        -0.00042402149850254476,
        0.999921971722589,
        -0.01219231206047939
      ],
      [
        -0.9483950144865309,
        0.0034613571092120313,
        0.3170732967928005
      ]
    ],
    "t_w2c": [
      -24.621265622120383,
      -0.7973970000530126,
      14.335133550656156
    ]
  },
  "frame_061": {
    "R_w2c": [
      [
        0.32442263388900805,
        0.006014340188533213,
        0.9458906964593813
      ],
      [
        -0.019801288947545688,
        0.9998005556467154,
        0.0004297415338837583
      ],
      [
        -0.9457059247722315,
        -0.01887184187186241,
        0.324477463673258
      ]
    ],
    "t_w2c": [
      -25.633957590753685,
      -0.6135244541985803,
      13.741268956819017
    ]
  },
  "frame_062": {
    "R_w2c": [
      [
        0.27031103832480424,
        0.006715613742038014,
        0.9627475197086144
      ],
      [
        -0.031177288054592536,
        0.9995086426346601,
        0.001777021537507901
      ],
      [
        -0.9622686043127464,
        -0.030498553670253073,
        0.27038828182590774
      ]
    ],
    "t_w2c": [
      -25.8101490256107,
      -0.49730204090456037,
      15.210171653163314
    ]
  },
  "frame_063": {
    "R_w2c": [
      [
        0.22721426289243712,
        0.015537647463266939,
        0.9737184167463139
      ],
      [
        -0.028454744317656558,
        0.9995483098126923,
        -0.009314311953696681
      ],
      [
        -0.9734293413707885,
        -0.025592826465891963,
        0.227553669172719
      ]
    ],
    "t_w2c": [
      -26.11089622452868,
      -0.4118864732584851,
      16.266373476091932
    ]
  },
  "frame_064": {
    "R_w2c": [
      [
        0.20083900694200468,
        0.02736877645918554,
        0.9792394340173739
      ],
      [
        -0.020235254133403442,
        0.9995084236265533,
        -0.02378963720394573
      ],
      [
        -0.9794160426833732,
        -0.015038961667644664,
        0.20129388248011262
      ]
    ],
    "t_w2c": [
      -26.551741876529007,
      -0.3304715465076768,
      16.48233342302401
    ]
  },
  "frame_065": {
    "R_w2c": [
      [
        0.19700147675391488,
        0.02719067831578681,
        0.9800233017941686
      ],
      [
        -0.010825862394972794,
        0.9996107261559766,
        -0.02556198992035822
      ],
      [
        -0.9803435931655875,
        -0.005575059904880992,
        0.19721954597118485
      ]
    ],
    "t_w2c": [
      -27.486780413415097,
      -0.5010237851583812,
      16.57019626697354
    ]
  },
  "frame_066": {
    "R_w2c": [
      [
        0.1974447657808284,
        0.025420728117894448,
        0.9799812670922883
      ],
      [
        -0.008366052718629767,
        0.9996669126990227,
        -0.024249900064095234
      ],
      [
        -0.9802788509147962,
        -0.0034110045349233656,
        0.19759238675067844
      ]
    ],
    "t_w2c": [
      -28.425001333479337,
      -0.5221656058722357,
      16.200161059289314
    ]
  },
  "frame_067": {
    "R_w2c": [
      [
        0.2086150973449487,
        0.03246424009850046,
        0.9774561237755102
      ],
      [
        -0.013945388479149095,
        0.9994423622137484,
        -0.030222098097195036
      ],
      [
        -0.9778989017782552,
        -0.007326931776505992,
        0.20895238391630458
      ]
    ],
    "t_w2c": [
      -29.528370126846635,
      -0.29364360651592314,
      15.47581368753767
    ]
  },
  "frame_068": {
    "R_w2c": [
      [
        0.1189023149779489,
        0.00986604013933475,
        0.9928543920374305
      ],
      [
        -0.01149692518767918,
        0.9998932473738982,
        -0.008563366503440539
      ],
      [
        -0.992839669045714,
        -0.010397083815983662,
        0.11900361942372228
      ]
    ],
    "t_w2c": [
      -28.975902633720892,
      -1.0070476729393725,
      18.069886918487086
    ]
  },
  "frame_069": {
    "R_w2c": [
      [
        0.025358746148137476,
        0.01644645355924602,
        0.9995407618020038
      ],
      [
        -0.02774279326675405,
        0.9994869518112454,
        -0.01574596796296132
      ],
      [
        -0.9992940994197996,
        -0.027330688483873447,
        0.025802697753286186
      ]
    ],
    "t_w2c": [
      -28.16034139952231,
      -0.49849979081189716,
      20.631342109445377
    ]
  },
  "frame_070": {
    "R_w2c": [
      [
        0.046853984798783374,
        0.03061745633206301,
        0.9984300294243028
      ],
      [
        -0.06329013680645153,
        0.9976088118756761,
        -0.02762601759624851
      ],
      [
        -0.9968953821477227,
        -0.06189644286841391,
        0.04868090249122023
      ]
    ],
    "t_w2c": [
      -29.591300727749342,
      0.6115696811969571,
      19.812608604920538
    ]
  },
  "frame_071": {
    "R_w2c": [
      [
        0.07474089331685245,
        0.03326443832415506,
        0.9966455459306518
      ],
      [
        -0.055776229026050894,
        0.998014740042298,
        -0.029131867614258372
      ],
      [
        -0.9956429102629356,
        -0.0534119333127345,
        0.07644887746346643
      ]
    ],
    "t_w2c": [
      -31.133693422727454,
      0.451132355950812,
      18.959959252593688
    ]
  },
  "frame_072": {
    "R_w2c": [
      [
        0.07423487453986762,
        0.03290195529738508,
        0.9966955936647258
      ],
      [
        -0.021826880996328187,
        0.9992656893733957,
        -0.03136639523885344
      ],
      [
        -0.9970025707357523,
        -0.019426695105288598,
        0.07489864837111566
      ]
    ],
    "t_w2c": [
      -32.10404826269586,
      -0.1802063932076316,
      18.783993664764054
    ]
  },
  "frame_073": {
    "R_w2c": [
      [
        0.06397995896024763,
        0.03708983012854786,
        0.9972589114300845
      ],
      [
        0.010959158034975606,
        0.9992182752155491,
        -0.03787116303491412
      ],
      [
        -0.9978919748352019,
        0.013350959365659882,
        0.06352350870594474
      ]
    ],
    "t_w2c": [
      -32.82970110163428,
      -0.8059788560026613,
      18.72492870047267
    ]
  },
  "frame_074": {
    "R_w2c": [
      [
        0.019738665409004437,
        0.04227711707213427,
        0.9989085515720695
      ],
      [
        0.03451454160311336,
        0.9984763867565822,
        -0.042946597347745835
      ],
      [
        -0.9992103326168236,
        0.03532305883588743,
        0.01824993847201049
      ]
    ],
    "t_w2c": [
      -32.93176989935544,
      -1.1465170384355527,
      19.863635442230628
    ]
  },
  "frame_075": {
    "R_w2c": [
      [
        -0.10736757623464556,
        0.03247386488603127,
        0.9936863691546427
      ],
      [
        0.022862386179958186,
        0.9992774674246211,
        -0.030191600311101248
      ],
      [
        -0.9939576035747928,
        0.01947503612845533,
        -0.10803290944071903
      ]
    ],
    "t_w2c": [
      -31.12941652907239,
      -1.2330180575033702,
      23.866574996060884
    ]
  },
  "frame_076": {
    "R_w2c": [
      [
        -0.1610053372364248,
        0.020314748911807814,
        0.9867415185900826
      ],
      [
        -0.03967627025831613,
        0.9988408608621383,
        -0.027043181458819922
      ],
      [
        -0.9861565491543866,
        -0.04350524926645434,
        -0.1600127012024638
      ]
    ],
    "t_w2c": [
      -30.769327161217536,
      -0.000676748560985506,
      25.421994892553705
    ]
  },
  "frame_077": {
    "R_w2c": [
      [
        -0.16691680637601491,
        0.018330392307125395,
        0.9857975550599875
      ],
      [
        -0.07130727233269275,
        0.9969790224730181,
        -0.03061746696472686
      ],
      [
        -0.9833895054110379,
        -0.07540576910033857,
        -0.16510545914896102
      ]
    ],
    "t_w2c": [
      -31.24382910689719,
      0.641054518425873,
      24.829258481362864
    ]
  },
  "frame_078": {
    "R_w2c": [
      [
        -0.20119234053907614,
        0.014135209446647893,
        0.9794471635772509
      ],
      [
        -0.06604576234453118,
        0.9974196892699987,
        -0.027966681012423018
      ],
      [
        -0.977323310551615,
        -0.07031609555857522,
        -0.1997389064788291
      ]
    ],
    "t_w2c": [
      -31.352510075916836,
      0.5108360797955399,
      25.892960030920264
    ]
  },
  "frame_079": {
    "R_w2c": [
      [
        -0.20562485569563996,
        0.005988110622769904,
        0.9786103913942635
      ],
      [
        -0.05419330146505574,
        0.9983725965931404,
        -0.017501508661545713
      ],
      [
        -0.9771301287840577,
        -0.056634295597903034,
        -0.20496489100018453
      ]
    ],
    "t_w2c": [
      -30.62771363924341,
      0.05889493307914226,
      25.26427984808744
    ]
  },
  "frame_080": {
    "R_w2c": [
      [
        -0.2411502030914422,
        0.004187550770172588,
        0.9704763823127874
      ],
      [
        -0.057669740354260465,
        0.9981568760375201,
        -0.018642453236630645
      ],
      [
        -0.9687740204600274,
        -0.06046374145543844,
        -0.24046387226772858
      ]
    ],
    "t_w2c": [
      -30.64979362005083,
      -0.09090130885434944,
      26.28874334046165
    ]
  },
  "frame_081": {
    "R_w2c": [
      [
        -0.29452035104007784,
        0.011499239273049798,
        0.9555736404323082
      ],
      [
        -0.06031919128773712,
        0.9977053401741073,
        -0.030602518347913648
      ],
      [
        -0.9537411418874049,
        -0.06665306411413326,
        -0.29314997516376706
      ]
    ],
    "t_w2c": [
      -30.156200024405408,
      0.45987038552663345,
      27.859638144129047
    ]
  },
  "frame_082": {
    "R_w2c": [
      [
        -0.32933487239282827,
        0.018427823925159993,
        0.9440306464153141
      ],
      [
        -0.0621184614672564,
        0.9972162317074327,
        -0.04114093955577694
      ],
      [
        -0.9421694649323374,
        -0.07219080349005554,
        -0.3272729745108917
      ]
    ],
    "t_w2c": [
      -30.052135588114666,
      0.9943837417219177,
      28.57064943326046
    ]
  },
  "frame_083": {
    "R_w2c": [
      [
        -0.370212816741114,
        0.024743867168557823,
        0.9286150265658903
      ],
      [
        -0.056343999557744454,
        0.997202040923807,
        -0.04903789520695776
      ],
      [
        -0.927238994557131,
        -0.07047602210919211,
        -0.36778253670524486
      ]
    ],
    "t_w2c": [
      -29.777687178609245,
      1.1631542451150696,
      29.755447973881854
    ]
  },
  "frame_084": {
    "R_w2c": [
      [
        -0.3941085240521879,
        0.024181865085882655,
        0.9187438714446182
      ],
      [
        -0.045116729489765854,
        0.9979351446905068,
        -0.04562280655776564
      ],
      [
        -0.9179585503075591,
        -0.05943077761958137,
        -0.39220330436902606
      ]
    ],
    "t_w2c": [
      -29.937017336262056,
      0.8347912027507683,
      30.183399144111714
    ]
  },
  "frame_085": {
    "R_w2c": [
      [
        -0.4213648685892901,
        0.026490414837672994,
        0.9065025040350151
      ],
      [
        -0.030061200968642728,
        0.9986112300651848,
        -0.04315844165790603
      ],
      [
        -0.9063949367482329,
        -0.045435626443810564,
        -0.4199836833029024
      ]
    ],
    "t_w2c": [
      -29.863933170015745,
      0.3367417662859498,
      30.550484309665404
    ]
  },
  "frame_086": {
    "R_w2c": [
      [
        -0.43421815046982176,
        0.02475812307760444,
        0.9004661341132864
      ],
      [
        -0.02876087063244672,
        0.9987263099895711,
        -0.041331799734474185
      ],
      [
        -0.9003507176661646,
        -0.04384441265512225,
        -0.43295252986462335
      ]
    ],
    "t_w2c": [
      -30.397746224530255,
      0.17142162670987832,
      31.196181357248083
    ]
  },
  "frame_087": {
    "R_w2c": [
      [
        -0.44569562036659777,
        0.026771675262603076,
        0.8947829293974449
      ],
      [
        -0.03694608686348821,
        0.998145400819097,
        -0.048270138139330586
      ],
      [
        -0.8944240904443149,
        -0.05457208873591287,
        -0.4438789762547501
      ]
    ],
    "t_w2c": [
      -30.951589355702517,
      0.666606562524833,
      31.86460007148267
    ]
  },
  "frame_088": {
    "R_w2c": [
      [
        -0.45785499496608484,
        0.03276743701131857,
        0.8884217750376766
      ],
      [
        -0.047123496528499204,
        0.9970159217397216,
        -0.06106062045348178
      ],
      [
        -0.8877786631332085,
        -0.06982176649100727,
        -0.454944046742698
      ]
    ],
    "t_w2c": [
      -31.37359987083896,
      1.2497041626745735,
      31.752836826325197
    ]
  },
  "frame_089": {
    "R_w2c": [
      [
        -0.49676874810823396,
        0.03531824307803436,
        0.8671635363278675
      ],
      [
        -0.04733721193775532,
        0.9965766109714631,
        -0.06770885054755625
      ],
      [
        -0.866593006212395,
        -0.07468370730759934,
        -0.4933961012057112
      ]
    ],
    "t_w2c": [
      -30.932084274705122,
      1.4898693172310613,
      33.188526096935306
    ]
  },
  "frame_090": {
    "R_w2c": [
      [
        -0.5253629721385356,
        0.03462695398401081,
        0.8501734452230878
      ],
      [
        -0.03795506086679766,
        0.9972181939045544,
        -0.06407162876676432
      ],
      [
        -0.8500326854222691,
        -0.06592836142391136,
        -0.5225873246082274
      ]
    ],
    "t_w2c": [
      -30.780914610797666,
