{
  "K": [
    [
      3183.592270336112,
      0.0,
      1911.3122172243477
    ],
    [
      0.0,
      3183.8330165146126,
      1100.814254448177
    ],
    [
      0.0,
      0.0,
      1.0
    ]
  ],
  "cameras_optimized": [
    {
      "R_w2c": [
        [
          0.999859709029649,
          -0.01080475366386268,
          0.012799201436374997
        ],
        [
          0.010765729319793471,
          0.9999371992076569,
          0.003113954553258103
        ],
        [
          -0.012832043148251841,
          -0.002975724955378712,
          0.9999132381010022
        ]
      ],
      "id": 0,
      "t_w2c": [
        3.280461523902741,
        -0.2550227088842495,
        -1.8463428072088182
      ]
    },
    {
      "R_w2c": [
        [
          0.9997889335332926,
          0.012348673501934686,
          -0.016419459403529915
        ],
        [
          -0.012651289634939084,
          0.9997496290384792,
          -0.018456004659625654
        ],
        [
          0.01618744127199953,
          0.018659836552495767,
          0.9996948420617663
        ]
      ],
      "id": 1,
      "t_w2c": [
        4.0723318384326666,
        -0.24162928186456487,
        -2.4202975621525247
      ]
    },
    {
      "R_w2c": [
        [
          0.999445075051454,
          0.022557692048702775,
          -0.0245090286390439
        ],
        [
          -0.02301330643419358,
          0.9995645399479768,
          -0.01846938563015507
        ],
        [
          0.024081729222783958,
          0.01902317029375929,
          0.9995289837266427
        ]
      ],
      "id": 2,
      "t_w2c": [
        5.0813484328309535,
        -0.35185462248480187,
        -2.28925196959151
      ]
    },
    {
      "R_w2c": [
        [
          0.9993623575214264,
          0.019845984867653845,
          -0.02968190111582379
        ],
        [
          -0.020245137790459524,
          0.9997077969745898,
          -0.013208143853612426
        ],
        [
          0.029411099351469246,
          0.013800635958000868,
          0.9994721255153106
        ]
      ],
      "id": 3,
      "t_w2c": [
        4.132606615194124,
        -0.39077898903506053,
        -2.532569550979048
      ]
    },
    {
      "R_w2c": [
        [
          0.9989208774263142,
          0.007781933103950069,
          -0.045787794869465166
        ],
        [
          -0.008450938211710269,
          0.9998600877584909,
          -0.014435600123467774
        ],
        [
          0.04566905172197502,
          0.014806972166802154,
          0.9988468808030925
        ]
      ],
      "id": 4,
      "t_w2c": [
        3.2103836829755252,
        -0.3290329313875159,
        -2.7188616598506354
      ]
    },
    {
      "R_w2c": [
        [
          0.9986072138573509,
          -0.007432344709137844,
          -0.052234018457168005
        ],
        [
          0.006383591414002611,
          0.9997752520579618,
          -0.020216209662004398
        ],
        [
          0.05237253280793558,
          0.019854612173588245,
          0.9984302239930031
        ]
      ],
      "id": 5,
      "t_w2c": [
        2.2514406886436658,
        -0.2034691275385777,
        -2.8787081953169698
      ]
    },
    {
      "R_w2c": [
        [
          0.9976481695612682,
          -0.018380766674441263,
          -0.06603239498542043
        ],
        [
          0.01678586967395781,
          0.999555763119104,
          -0.024627443933032404
        ],
        [
          0.06645573226095497,
          0.02346111318427795,
          0.9975135146040953
        ]
      ],
      "id": 6,
      "t_w2c": [
        1.313109000419234,
        -0.15411262191414996,
        -3.04302877863782
      ]
    },
    {
      "R_w2c": [
        [
          0.996485814856617,
          -0.018668171964932326,
          -0.08165488439175965
        ],
        [
          0.01646645480813433,
          0.9994846687259562,
          -0.02755454314296037
        ],
        [
          0.08212719802596206,
          0.026113144913114342,
          0.9962796931620915
        ]
      ],
      "id": 7,
      "t_w2c": [
        0.42331937187899527,
        -0.16254201716831884,
        -3.3706292223535432
      ]
    },
    {
      "R_w2c": [
        [
          0.9932083909473594,
          -0.010994539102889918,
          -0.11582837416484995
        ],
        [
          0.00797967036010941,
          0.9996180133942972,
          -0.026460388481324506
        ],
        [
          0.11607504905319424,
          0.02535640762319544,
          0.9929167314431482
        ]
      ],
      "id": 8,
      "t_w2c": [
        -1.37973078639192,
        -0.20617822164328373,
        -3.915977762215054
      ]
    },
    {
      "R_w2c": [
        [
          0.990747227612027,
          -0.01222536870770837,
          -0.13516830745053657
        ],
        [
          0.00966571627657063,
          0.9997616315513786,
          -0.01957687428029102
        ],
        [
          0.13537542209700784,
          0.018089235409106362,
          0.9906292316777103
        ]
      ],
      "id": 9,
      "t_w2c": [
        -2.265923605063732,
        -0.22989646621538262,
        -4.209873186358986
      ]
    },
    {
      "R_w2c": [
        [
          0.9871391115948998,
          -0.013510296656242555,
          -0.1592917017420943
        ],
        [
          0.011552787944260477,
          0.999846022197577,
          -0.013208519462729686
        ],
        [
          0.15944562537224707,
          0.011198382916416116,
          0.9871431956761442
        ]
      ],
      "id": 10,
      "t_w2c": [
        -3.0734980125835123,
        -0.28472160563551385,
        -4.673504192597275
      ]
    },
    {
      "R_w2c": [
        [
          0.9849680718632202,
          -0.01578940526055206,
          -0.17201334858541734
        ],
        [
          0.01519535191712998,
          0.9998731671868085,
          -0.004769781958858948
        ],
        [
          0.17206684366886266,
          0.002084279573025912,
          0.9850830711612584
        ]
      ],
      "id": 11,
      "t_w2c": [
        -3.9409578595068733,
        -0.3991214239495953,
        -5.074837937677199
      ]
    },
    {
      "R_w2c": [
        [
          0.9840116035035811,
          -0.015918471577659084,
          -0.17739156246265564
        ],
        [
          0.014797684107711581,
          0.9998613241780989,
          -0.0076394343944413915
        ],
        [
          0.1774885706612101,
          0.004892307783638914,
          0.9841107013995889
        ]
      ],
      "id": 12,
      "t_w2c": [
        -2.9132633028735215,
        -0.40051366168825664,
        -5.101565237125276
      ]
    },
    {
      "R_w2c": [
        [
          0.9837935992904253,
          -0.011019201521399331,
          -0.17896572630819801
        ],
        [
          0.008194153545531017,
          0.9998300082334272,
          -0.016516975619564306
        ],
        [
          0.17911730749110288,
          0.014782822253406514,
          0.9837166555077543
        ]
      ],
      "id": 13,
      "t_w2c": [
        -1.907309852679106,
        -0.3488030425536329,
        -5.113713351046085
      ]
    },
    {
      "R_w2c": [
        [
          0.9846049211536083,
          -0.0027645324971206525,
          -0.17477272842228292
        ],
        [
          -0.004462849306316927,
          0.999151373870251,
          -0.040946490316742384
        ],
        [
          0.17473760962129992,
          0.041096100219635626,
          0.9837570219981008
        ]
      ],
      "id": 14,
      "t_w2c": [
        -2.914335925173453,
        -0.09348921876569692,
        -4.954147616429931
      ]
    },
    {
      "R_w2c": [
        [
          0.9810976611209717,
          -0.011042765015944532,
          -0.1931979210130419
        ],
        [
          0.0038314798767956643,
          0.99928327288974,
          -0.037659796663329186
        ],
        [
          0.19347531911050736,
          0.03620770447808342,
          0.9804367919613763
        ]
      ],
      "id": 15,
      "t_w2c": [
        -3.7421418477138686,
        -0.108663759593536,
        -5.390302066692381
      ]
    },
    {
      "R_w2c": [
        [
          0.9767242423710656,
          -0.024521799922597155,
          -0.21309255194216423
        ],
        [
          0.017659743716719474,
          0.9992642136751348,
          -0.034046508192093525
        ],
        [
          0.21377064301846413,
          0.02949089006406247,
          0.9764386307324704
        ]
      ],
      "id": 16,
      "t_w2c": [
        -4.5942286873241,
        -0.16803357007902667,
        -5.720092085461446
      ]
    },
    {
      "R_w2c": [
        [
          0.9724121787903096,
          -0.035705178590539004,
          -0.2305204866429461
        ],
        [
          0.027870955157968537,
          0.9989208397597286,
          -0.03715327377635994
        ],
        [
          0.23159828237460117,
          0.029703469755844404,
          0.9723579276612075
        ]
      ],
      "id": 17,
      "t_w2c": [
        -5.472385863184254,
        -0.20034599459494654,
        -5.97260919169421
      ]
    },
    {
      "R_w2c": [
        [
          0.9681878220201209,
          -0.04219232775918727,
          -0.2466417417433552
        ],
        [
          0.031532607183239095,
          0.9983964854581127,
          -0.047012259136486725
        ],
        [
          0.2482298047700198,
          0.03773943962421748,
          0.9679657528656104
        ]
      ],
      "id": 18,
      "t_w2c": [
        -6.35970528903686,
        -0.18348426778740423,
        -6.206620460580302
      ]
    },
    {
      "R_w2c": [
        [
          0.964655510940803,
          -0.04111167778257168,
          -0.2602874856028238
        ],
        [
          0.025814765822166942,
          0.9977472878913174,
          -0.06191887734017181
        ],
        [
          0.2622467217661355,
          0.0530111257701868,
          0.9635437081251128
        ]
      ],
      "id": 19,
      "t_w2c": [
        -7.256067724770284,
        0.004738973522480804,
        -6.458202493609011
      ]
    },
    {
      "R_w2c": [
        [
          0.9593893008191652,
          -0.0345908065670863,
          -0.2799565065769178
        ],
        [
          0.015411764560883051,
          0.9973982676161418,
          -0.07042139780946688
        ],
        [
          0.2816640676174959,
          0.06324691184048195,
          0.9574263319732799
        ]
      ],
      "id": 20,
      "t_w2c": [
        -8.109263598872046,
        0.13924727574583967,
        -6.77903726252191
      ]
    },
    {
      "R_w2c": [
        [
          0.9547875376487216,
          -0.027063575289530878,
          -0.29605459098490405
        ],
        [
          0.006910210802703487,
          0.9975990199752287,
          -0.06890895682801687
        ],
        [
          0.2972086925669455,
          0.06374761357895045,
          0.9526821268532519
        ]
      ],
      "id": 21,
      "t_w2c": [
        -8.9848434234421,
        0.2520456746980194,
        -7.0583454690070155
      ]
    },
    {
      "R_w2c": [
        [
          0.9465614107396703,
          -0.01652610674619833,
          -0.32209995885491605
        ],
        [
          0.006938526755201326,
          0.9994986671682629,
          -0.030891279923848693
        ],
        [
          0.3224489921599891,
          0.027005594321908195,
          0.9462015352610288
        ]
      ],
      "id": 22,
      "t_w2c": [
        -10.653318397804789,
        0.07181596379546447,
        -8.02977075279733
      ]
    },
    {
      "R_w2c": [
        [
          0.9421668435464027,
          -0.013261858147158934,
          -0.33488171350537027
        ],
        [
          0.009635135544878255,
          0.9998755880777883,
          -0.012488896233409838
        ],
        [
          0.3350056761979416,
          0.008539993242484974,
          0.9421774065591778
        ]
      ],
      "id": 23,
      "t_w2c": [
        -9.562933524054,
        -0.04822583634301931,
        -7.98048948381497
      ]
    },
    {
      "R_w2c": [
        [
          0.9384750622700563,
          -0.012284220588496198,
          -0.34512846220175336
        ],
        [
          0.011221441173852837,
          0.9999241483625715,
          -0.005077083746383094
        ],
        [
          0.34516465165945903,
          0.0008918777490178977,
          0.9385417240585978
        ]
      ],
      "id": 24,
      "t_w2c": [
        -8.539023245501875,
        -0.056168788862220036,
        -7.735613133924206
      ]
    },
    {
      "R_w2c": [
        [
          0.9355414607901029,
          -0.017030893023060614,
          -0.35280607112910795
        ],
        [
          0.01418289297290089,
          0.9998426344067141,
          -0.010656076649550282
        ],
        [
          0.3529320340938739,
          0.004965390767997775,
          0.9356357860860611
        ]
      ],
      "id": 25,
      "t_w2c": [
        -9.467843062891468,
        -0.020881888143497958,
        -7.9151945656443
      ]
    },
    {
      "R_w2c": [
        [
          0.9317986136418236,
          -0.024918629949375964,
          -0.36211932494223736
        ],
        [
          0.01664544438920157,
          0.9995246799616414,
          -0.02594885987214676
        ],
        [
          0.36259381240757765,
          0.01815147456887108,
          0.9317704927581223
        ]
      ],
      "id": 26,
      "t_w2c": [
        -10.37927999357296,
        0.041619839787016215,
        -8.132692001119102
      ]
    },
    {
      "R_w2c": [
        [
          0.9218538747015806,
          -0.03168083358822368,
          -0.3862405448432851
        ],
        [
          0.020131403196915705,
          0.9992220675738237,
          -0.03391144760720291
        ],
        [
          0.3870144187275271,
          0.023485835234203074,
          0.9217745143148329
        ]
      ],
      "id": 27,
      "t_w2c": [
        -12.114405414856096,
        0.08654540533234499,
        -8.660515839937425
      ]
    },
    {
      "R_w2c": [
        [
          0.9190992804617407,
          -0.029829744054917156,
          -0.3928952774268593
        ],
        [
          0.01506775216412774,
          0.9990617117257046,
          -0.04060368220279598
        ],
        [
          0.3937378258428202,
          0.031398766429962845,
          0.9186863675745089
        ]
      ],
      "id": 28,
      "t_w2c": [
        -12.813397834761524,
        0.8061394638243653,
        -8.92116428979253
      ]
    },
    {
      "R_w2c": [
        [
          0.8965497054572242,
          -0.0408488949090473,
          -0.4410555446077898
        ],
        [
          0.03173081553417969,
          0.999103257374825,
          -0.028032774542488717
        ],
        [
          0.4418051391621654,
          0.011137723632940086,
          0.8970418998698867
        ]
      ],
      "id": 29,
      "t_w2c": [
        -12.85863850174325,
        1.2498418801437179,
        -10.017148351462511
      ]
    },
    {
      "R_w2c": [
        [
          0.8937977504968186,
          -0.012327411470289245,
          -0.4483008098735367
        ],
        [
          -0.015836473633191957,
          0.9981311417798984,
          -0.05902058888237008
        ],
        [
          0.4481905703042981,
          0.05985197353136078,
          0.8919321464969795
        ]
      ],
      "id": 30,
      "t_w2c": [
        -12.722700779327461,
        1.1114329746331586,
        -9.954329587766301
      ]
    },
    {
      "R_w2c": [
        [
          0.9173004510607002,
          -0.02003099880965934,
          -0.39769164131337137
        ],
        [
          0.015035315465875998,
          0.999764067135215,
          -0.015676394805404434
        ],
        [
          0.3979118266308221,
          0.00840054474071456,
          0.9173852021236127
        ]
      ],
      "id": 31,
      "t_w2c": [
        -11.760312579028165,
        0.34963807548865045,
        -7.623880586834935
      ]
    },
    {
      "R_w2c": [
        [
          0.93307835929983,
          -0.03719004164180601,
          -0.3577452672070144
        ],
        [
          0.02351702478120714,
          0.9988198019189454,
          -0.04249650385665734
        ],
        [
          0.3589035036772106,
          0.03123946378028179,
          0.9328517411416152
        ]
      ],
      "id": 32,
      "t_w2c": [
        -11.104709139675341,
        0.2779743570318544,
        -6.888716531655409
      ]
    },
    {
      "R_w2c": [
        [
          0.9394486624825947,
          -0.05873317069525795,
          -0.3376190534015305
        ],
        [
          0.04299767416259542,
          0.9976199062151238,
          -0.05390475619029409
        ],
        [
          0.3399814856374845,
          0.03612391705517922,
          0.9397380762959003
        ]
      ],
      "id": 33,
      "t_w2c": [
        -10.251385676197053,
        0.019420893392101603,
        -6.56652846964784
      ]
    },
    {
      "R_w2c": [
        [
          0.94001735155558,
          -0.06501360841204665,
          -0.33487402033552593
        ],
        [
          0.042043323817627536,
          0.9962666452382808,
          -0.07539980442963756
        ],
        [
          0.3385258301766636,
          0.056797907592679296,
          0.9392413214910714
        ]
      ],
      "id": 34,
      "t_w2c": [
        -11.175462973726882,
        0.05871122030634817,
        -6.958985446972448
      ]
    },
    {
      "R_w2c": [
        [
          0.9445148417347218,
          -0.06736614970713567,
          -0.3214864159128178
        ],
        [
          0.04030973714687741,
          0.9951171576429637,
          -0.09009421543994162
        ],
        [
          0.32598594882906096,
          0.07213629071573299,
          0.9426184364459419
        ]
      ],
      "id": 35,
      "t_w2c": [
        -10.300393788614052,
        0.19542902553547753,
        -6.575035489211927
      ]
    },
    {
      "R_w2c": [
        [
          0.9509543597737538,
          -0.0676879660731763,
          -0.3018346316713285
        ],
        [
          0.04482876632346822,
          0.9956206166634661,
          -0.08203639061157718
        ],
        [
          0.30606565853948053,
          0.06448198914065788,
          0.9498241341107616
        ]
      ],
      "id": 36,
      "t_w2c": [
        -9.443040311223248,
        0.05584859396023519,
        -6.24421389642531
      ]
    },
    {
      "R_w2c": [
        [
          0.9563993100155846,
          -0.06868181769898699,
          -0.28387174519362907
        ],
        [
          0.05290560569875098,
          0.9966176600520904,
          -0.06288272066270884
        ],
        [
          0.2872304940067503,
          0.04512258403348705,
          0.956798095589022
        ]
      ],
      "id": 37,
      "t_w2c": [
        -8.568167016533137,
        -0.19310490463692898,
        -5.967814705509303
      ]
    },
    {
      "R_w2c": [
        [
          0.9620598363916161,
          -0.06984592667570444,
          -0.26374688193218315
        ],
        [
          0.06011913113221392,
          0.9971861593435839,
          -0.04478229209743769
        ],
        [
          0.266132600923007,
          0.027227011227908986,
          0.9635518297349399
        ]
      ],
      "id": 38,
      "t_w2c": [
        -7.694636358675907,
        -0.40347363035719325,
        -5.7328171200992335
      ]
    },
    {
      "R_w2c": [
        [
          0.9668026711417054,
          -0.07292550183540063,
          -0.24489684819392504
        ],
        [
          0.06689791639822197,
          0.9972188068662199,
          -0.03285300616213735
        ],
        [
          0.24661156472241907,
          0.015379285235924023,
          0.9689923703160888
        ]
      ],
      "id": 39,
      "t_w2c": [
        -6.802673576014095,
        -0.515082569186225,
        -5.565401695463728
      ]
    },
    {
      "R_w2c": [
        [
          0.9710849504750345,
          -0.09547330398920476,
          -0.2188124018109681
        ],
        [
          0.09169389468799691,
          0.995410564627033,
          -0.02738681262647603
        ],
        [
          0.2204228859212359,
          0.0065311602549679194,
          0.9753825379346699
        ]
      ],
      "id": 40,
      "t_w2c": [
        -6.925828485493011,
        -0.6426768439219441,
        -5.437691216573062
      ]
    },
    {
      "R_w2c": [
        [
          0.9702243417854376,
          -0.11841539401094928,
          -0.21128776838294724
        ],
        [
          0.1151875975101784,
          0.9929612301566739,
          -0.027564701804625284
        ],
        [
          0.2130646474355787,
          0.002406214241585724,
          0.9770351406915598
        ]
      ],
      "id": 41,
      "t_w2c": [
        -7.944726377237506,
        -0.8105411162522244,
        -5.3204157306473165
      ]
    },
    {
      "R_w2c": [
        [
          0.9690967560431369,
          -0.14782777361020397,
          -0.1974801933767515
        ],
        [
          0.1441118355514003,
          0.9890063626997727,
          -0.03313900109194273
        ],
        [
          0.20020803250787672,
          0.003655665304142564,
          0.9797465895988151
        ]
      ],
      "id": 42,
      "t_w2c": [
        -8.978453690680492,
        -1.0730814061105005,
        -5.339703762684514
      ]
    },
    {
      "R_w2c": [
        [
          0.9663802148727928,
          -0.17768453699796338,
          -0.1858426366963033
        ],
        [
          0.17154689233805565,
          0.9839698860020963,
          -0.04873322450009876
        ],
        [
          0.19152269847610842,
          0.015214097174688388,
          0.9813702600015902
        ]
      ],
      "id": 43,
      "t_w2c": [
        -9.984324229916599,
        -1.3889695160915643,
        -5.117151975218747
      ]
    },
    {
      "R_w2c": [
        [
          0.9637093666206723,
          -0.19715313423328412,
          -0.17998582819093117
        ],
        [
          0.1855673142598786,
          0.9794301540221629,
          -0.07925493846125779
        ],
        [
          0.19190890694795326,
          0.042979239803828104,
          0.9804711909994739
        ]
      ],
      "id": 44,
      "t_w2c": [
        -10.79744082795579,
        -1.642259938682277,
        -5.651549791729207
      ]
    },
    {
      "R_w2c": [
        [
          0.9660191179709471,
          -0.19908808617054524,
          -0.16483627531457662
        ],
        [
          0.18375784800041295,
          0.9774869601036388,
          -0.10369327907634275
        ],
        [
          0.18176940615210935,
          0.06987973076863364,
          0.9808550893046397
        ]
      ],
      "id": 45,
      "t_w2c": [
        -11.672574331520021,
        -1.6986133312151417,
        -4.940972227134422
      ]
    },
    {
      "R_w2c": [
        [
          0.9715692234924503,
          -0.18961958784977473,
          -0.14176620142318355
        ],
        [
          0.17390546913126537,
          0.9778889491071923,
          -0.11614685109922547
        ],
        [
          0.1606553197641198,
          0.0881907881681115,
          0.9830626903274153
        ]
      ],
      "id": 46,
      "t_w2c": [
        -12.703466425999833,
        -1.7140625524745412,
        -4.280219488146235
      ]
    },
    {
      "R_w2c": [
        [
          0.9671093190705158,
          -0.19058285094541919,
          -0.16845694373482895
        ],
        [
          0.20380512984745094,
          0.9768593972112666,
          0.06487824849596763
        ],
        [
          0.15219406695015036,
          -0.09707674801700455,
          0.9835715891482512
        ]
      ],
      "id": 47,
      "t_w2c": [
        -9.017051762118982,
        -2.619439071375595,
        -5.9275360129024675
      ]
    },
    {
      "R_w2c": [
        [
          0.9661776926378814,
          -0.20254024656916517,
          -0.15961865420006863
        ],
        [
          0.2177872441502328,
          0.972333204487063,
          0.08447991321826845
        ],
        [
          0.13809193508089532,
          -0.11638551444067705,
          0.9835573341163151
        ]
      ],
      "id": 48,
      "t_w2c": [
        -8.060865594714441,
        -2.697519717912847,
        -5.675669505571356
      ]
    },
    {
      "R_w2c": [
        [
          0.9675959805797477,
          -0.20407470301060532,
          -0.1486994753085894
        ],
        [
          0.2191574186832107,
          0.9712324473557871,
          0.09315341668130159
        ],
        [
          0.12541149948082292,
          -0.12272346472627613,
          0.9844850974004381
        ]
      ],
      "id": 49,
      "t_w2c": [
        -7.1426520568272815,
        -2.582026167028202,
        -5.454174827335738
      ]
    },
    {
      "R_w2c": [
        [
          0.9729122865929107,
          -0.18737129349477483,
          -0.1354019238070453
        ],
        [
          0.20102872074481448,
          0.9749353110136837,
          0.09533411128423738
        ],
        [
          0.11414524095317047,
          -0.11997140372916754,
          0.9861935541540493
        ]
      ],
      "id": 50,
      "t_w2c": [
        -6.28453250781263,
        -2.288985380638003,
        -5.176564548778918
      ]
    },
    {
      "R_w2c": [
        [
          0.981499170486858,
          -0.14917965530760172,
          -0.1200200348938243
        ],
        [
          0.16140561537840883,
          0.9818555549237875,
          0.09953841765679418
        ],
        [
          0.10299323112674356,
          -0.11706878195149371,
          0.9877688467624735
        ]
      ],
      "id": 51,
      "t_w2c": [
        -5.455446610818335,
        -1.9218509356830422,
        -4.913970153801992
      ]
    },
    {
      "R_w2c": [
        [
          0.9882427117315901,
          -0.11911655722750925,
          -0.09585190923324888
        ],
        [
          0.1284482394622916,
          0.9868705892979318,
          0.09791572783669981
        ],
        [
          0.08293004575201474,
          -0.10907651338862275,
          0.9905679793626232
        ]
      ],
      "id": 52,
      "t_w2c": [
        -4.661418720914665,
        -1.714832572984144,
        -4.515448112927719
      ]
    },
    {
      "R_w2c": [
        [
          0.9921312305124929,
          -0.10546095593744517,
          -0.06748042838132386
        ],
        [
          0.11021841098117632,
          0.9913569736077393,
          0.07115653701585341
        ],
        [
          0.0593929568429729,
          -0.07803420821706498,
          0.9951799530865684
        ]
      ],
      "id": 53,
      "t_w2c": [
        -3.8655045373032846,
        -1.4410544975621868,
        -4.10969008109303
      ]
    },
    {
      "R_w2c": [
        [
          0.9931658417111277,
          -0.10894500841121255,
          -0.04186401796899196
        ],
        [
          0.11051304295711933,
          0.9931796072831122,
          0.037163624867884666
        ],
        [
          0.03752969750191372,
          -0.041536162789114116,
          0.9984319050321715
        ]
      ],
      "id": 54,
      "t_w2c": [
        -3.090228522874948,
        -1.2783446084945878,
        -3.577652408953761
      ]
    },
    {
      "R_w2c": [
        [
          0.9918562280934206,
          -0.1234051794881349,
          -0.03150213433711835
        ],
        [
          0.12345552503450757,
          0.9923500447530792,
          -0.00034930934123802364
        ],
        [
          0.031304251001209274,
          -0.0035426478886583694,
          0.9995036235628114
        ]
      ],
      "id": 55,
      "t_w2c": [
        -2.1580674224322136,
        -1.0428464996543199,
        -3.3241811337728278
      ]
    },
    {
      "R_w2c": [
        [
          0.990464139681466,
          -0.1369804245704896,
          -0.014736054069591912
        ],
        [
          0.13673673680523357,
          0.9904709533939877,
          -0.01644248432145381
        ],
        [
          0.016847932006920422,
          0.01427073114081325,
          0.9997562169948216
        ]
      ],
      "id": 56,
      "t_w2c": [
        -1.3424531738908756,
        -0.9553240196993183,
        -2.792347140525919
      ]
    },
    {
      "R_w2c": [
        [
          0.9862206053037887,
          -0.16379804421126287,
          0.023218923032598416
        ],
        [
          0.16411965147522722,
          0.9863588780921808,
          -0.012684778609982877
        ],
        [
          -0.020824448945374417,
          0.016320671594622038,
          0.9996499277271129
        ]
      ],
      "id": 57,
      "t_w2c": [
        0.4710012080152765,
        -0.7360276814089027,
        -2.146391035052859
      ]
    },
    {
      "R_w2c": [
        [
          0.9848539752031886,
          -0.16964774321539214,
          0.03580908751143452
        ],
        [
          0.17021471898489807,
          0.9853158079849826,
          -0.013405520347713112
        ],
        [
          -0.03300904372091651,
          0.019297713771976935,
          0.999268733262382
        ]
      ],
      "id": 58,
      "t_w2c": [
        1.4026066303839557,
        -0.5364670526366583,
        -1.9249159554459274
      ]
    },
    {
      "R_w2c": [
        [
          0.9847146578508564,
          -0.16812510356392138,
          0.045508154931742144
        ],
        [
          0.16898539713760044,
          0.9854928621105236,
          -0.015740212306577607
        ],
        [
          -0.04220163702889023,
          0.0231898314101113,
          0.9988399539221748
        ]
      ],
      "id": 59,
      "t_w2c": [
        2.364965690376995,
        -0.3935492035805926,
        -1.8123757965243386
      ]
    },
    {
      "R_w2c": [
        [
          0.9843471835477929,
          -0.16633008446206346,
          0.058265987028201224
        ],
        [
          0.16760176199288376,
          0.9856971282214066,
          -0.01763011040670271
        ],
        [
          -0.05450019833366131,
          0.02711963161465549,
          0.9981454072241563
        ]
      ],
      "id": 60,
      "t_w2c": [
        3.3095480492583285,
        -0.21286342554299037,
        -1.672529415480597
      ]
    },
    {
      "R_w2c": [
        [
          0.9830765479747196,
          -0.16874050002875376,
          0.0713242207959886
        ],
        [
          0.1704876228893951,
          0.9851743368909334,
          -0.019117959436957373
        ],
        [
          -0.06704081789202895,
          0.030954314425551247,
          0.9972699529990924
        ]
      ],
      "id": 61,
      "t_w2c": [
        4.250484957531539,
        0.03575907953362115,
        -1.5825133251087555
      ]
    },
    {
      "R_w2c": [
        [
          0.9824650953524873,
          -0.17116781340792017,
          0.07391830671206912
        ],
        [
          0.17276195753711557,
          0.984838600138504,
          -0.015691963075913636
        ],
        [
          -0.07011164269914077,
          0.02818707736505115,
          0.9971408357035854
        ]
      ],
      "id": 62,
      "t_w2c": [
        5.222191297368488,
        0.2594907731045117,
        -1.6039162531772362
      ]
    },
    {
      "R_w2c": [
        [
          0.9899313929345654,
          -0.12119445908094933,
          0.073128246052445
        ],
        [
          0.11642695169128048,
          0.9909849961241012,
          0.06628350003425768
        ],
        [
          -0.08050218756348848,
          -0.057102018747074906,
          0.995117459023055
        ]
      ],
      "id": 63,
      "t_w2c": [
        5.521621484471014,
        -0.42721888889510706,
        -2.4689480240407797
      ]
    },
    {
      "R_w2c": [
        [
          0.9935229265460453,
          -0.09218553899686201,
          0.06643809770936623
        ],
        [
          0.0863802340097188,
          0.992585543336184,
          0.08551253903632222
        ],
        [
          -0.07382851481512737,
          -0.07921972961245416,
          0.9941195022935231
        ]
      ],
      "id": 64,
      "t_w2c": [
        5.450878254370692,
        0.3340327755833545,
        -2.632397642740392
      ]
    },
    {
      "R_w2c": [
        [
          0.9974883629092611,
          -0.0705381960683676,
          -0.00642874451371743
        ],
        [
          0.07081059565681798,
          0.9952454530737519,
          0.06687561348315922
        ],
        [
          0.0016808936101826732,
          -0.06716286944021084,
          0.9977406093595812
        ]
      ],
      "id": 65,
      "t_w2c": [
        5.191681559078845,
        0.739856592852326,
        -3.702880412514677
      ]
    },
    {
      "R_w2c": [
        [
          0.995867208431737,
          -0.06019504962179445,
          -0.06800778757913657
        ],
        [
          0.06507946748227517,
          0.9952757018078094,
          0.07204818042945961
        ],
        [
          0.06334955471511027,
          -0.07617633091716995,
          0.9950798965537366
        ]
      ],
      "id": 66,
      "t_w2c": [
        5.066408892179114,
        1.5333240257087144,
        -3.7863708952300135
      ]
    },
    {
      "R_w2c": [
        [
          0.9980140881075263,
          0.022331499507190718,
          -0.058899779869393765
        ],
        [
          -0.015373095442634073,
          0.9931242595925812,
          0.11605116520396981
        ],
        [
          0.06108639681151906,
          -0.1149152258773735,
          0.9914953065880533
        ]
      ],
      "id": 67,
      "t_w2c": [
        6.088191999803406,
        0.5786902333219531,
        -3.8957786000759786
      ]
    },
    {
      "R_w2c": [
        [
          0.9990418443498831,
          0.032300173482639034,
          -0.02953120436039387
        ],
        [
          -0.028448227823769465,
          0.9920415765092602,
          0.12265483606735
        ],
        [
          0.03325795501336233,
          -0.12169720321360314,
          0.9920099289615584
        ]
      ],
      "id": 68,
      "t_w2c": [
        6.671204290674257,
        -0.23641193071352123,
        -3.9163962111134167
      ]
    },
    {
      "R_w2c": [
        [
          0.99942511446069,
          -0.013063836964943686,
          0.03128540792430072
        ],
        [
          0.010231306869362387,
          0.995974994732556,
          0.08904566371940856
        ],
        [
          -0.03232276202587683,
          -0.08867438204599132,
          0.9955360832354496
        ]
      ],
      "id": 69,
      "t_w2c": [
        6.174713959917804,
        0.16843316553177312,
        -2.379971425942609
      ]
    },
    {
      "R_w2c": [
        [
          0.9979558903608067,
          -0.06187393070100497,
          0.015989296225193263
        ],
        [
          0.06030303607675511,
          0.9945619429381958,
          0.0849122223176777
        ],
        [
          -0.021156198479294838,
          -0.08377444931844305,
          0.9962601351591343
        ]
      ],
      "id": 70,
      "t_w2c": [
        5.22975131410855,
        0.3092666396414707,
        -2.5484061153459883
      ]
    },
    {
      "R_w2c": [
        [
          0.9968346954685856,
          -0.07918109882718462,
          -0.007137471441052967
        ],
        [
          0.07948170862421162,
          0.9945893567664978,
          0.06689296974256789
        ],
        [
          0.0018021942814660094,
          -0.06724853154771337,
          0.9977346275941554
        ]
      ],
      "id": 71,
      "t_w2c": [
        3.5167893567312376,
        0.879929870854347,
        -3.270429439161388
      ]
    },
    {
      "R_w2c": [
        [
          0.9966954575793383,
          -0.07802091709022549,
          -0.022603126711004076
        ],
        [
          0.07908707499685638,
          0.9955669800813438,
          0.05090798306901211
        ],
        [
          0.018531039073812296,
          -0.05252737065676686,
          0.9984475328842931
        ]
      ],
      "id": 72,
      "t_w2c": [
        2.6469853208457046,
        1.0577352032984044,
        -3.571318924481375
      ]
    },
    {
      "R_w2c": [
        [
          0.9953988235566913,
          -0.05592467172318821,
          -0.07780496870128879
        ],
        [
          0.05212731049627614,
          0.9973874116171988,
          -0.05001094528170095
        ],
        [
          0.08039854204138104,
          0.04572507233671807,
          0.9957134588813301
        ]
      ],
      "id": 73,
      "t_w2c": [
        1.0907335718164766,
        1.7878644257856282,
        -4.190188495510116
      ]
    },
    {
      "R_w2c": [
        [
          0.9955380117097495,
          -0.04672880090110073,
          -0.08197857285500759
        ],
        [
          0.042019406363497915,
          0.9974166653061749,
          -0.05826118140210557
        ],
        [
          0.0844892699096029,
          0.054556529727019014,
          0.9949297202990205
        ]
      ],
      "id": 74,
      "t_w2c": [
        2.1122970601039057,
        1.7289891197701828,
        -4.051654848556132
      ]
    },
    {
      "R_w2c": [
        [
          0.9959006466910891,
          -0.0365763358236463,
          -0.08272891621426179
        ],
        [
          0.03150303350810683,
          0.9975900232359753,
          -0.06181993545639932
        ],
        [
          0.08479068816832186,
          0.05896030187984224,
          0.9946528148063425
        ]
      ],
      "id": 75,
      "t_w2c": [
        3.1219135684278854,
        1.6005703570175822,
        -4.005815510449516
      ]
    },
    {
      "R_w2c": [
        [
          0.9955165865473781,
          -0.031962192374487615,
          -0.08902327879646436
        ],
        [
          0.025954971950608564,
          0.9973586814348497,
          -0.06783804240675771
        ],
        [
          0.09095639251916217,
          0.06522329971071826,
          0.9937166879119752
        ]
      ],
      "id": 76,
      "t_w2c": [
        4.141998042365137,
        1.5151333031939627,
        -3.856102528178885
      ]
    },
    {
      "R_w2c": [
        [
          0.9942698206680807,
          -0.03355220970265264,
          -0.1014976498877288
        ],
        [
          0.026190141392041927,
          0.9969867659773003,
          -0.07301688133568003
        ],
        [
          0.10364169143027147,
          0.06994024370984954,
          0.992152590132828
        ]
      ],
      "id": 77,
      "t_w2c": [
        5.115220708200026,
        1.5057787937254272,
        -3.419781464937872
      ]
    },
    {
      "R_w2c": [
        [
          0.9934280674747086,
          -0.04036958042339493,
          -0.10710262242309938
        ],
        [
          0.03304038543495012,
          0.9970454192854528,
          -0.06934525803691051
        ],
        [
          0.10958561805171278,
          0.0653508137541899,
          0.991826730562294
        ]
      ],
      "id": 78,
      "t_w2c": [
        4.151804470179168,
        1.603436642246745,
        -3.604784430493671
      ]
    },
    {
      "R_w2c": [
        [
          0.9910746200833745,
