{
  "K": [
    [
      3183.592270336112,
      0.0,
      1911.3122172243477
    ],
    [
      0.0,
      3183.8330165146126,
      1100.814254448177
    ],
    [
      0.0,
      0.0,
      1.0
    ]
  ],
  "cameras_optimized": [
    {
      "R_w2c": [
        [
          0.999859709029649,
          -0.01080475366386268,
          0.012799201436374997
        ],
        [
          0.010765729319793471,
          0.9999371992076569,
          0.003113954553258103
        ],
        [
          -0.012832043148251841,
          -0.002975724955378712,
          0.9999132381010022
        ]
      ],
      "id": 0,
      "t_w2c": [
        3.280461523902741,
        -0.2550227088842495,
        -1.8463428072088182
      ]
    },
    {
      "R_w2c": [
        [
          0.9985216958842176,
          -0.03678195774608256,
          0.04001887595712121
        ],
        [
          0.035480721530524076,
          0.9988334650583708,
          0.03275404523355636
        ],
        [
          -0.04117695044778648,
          -0.03128572619987983,
          0.99866193583613
        ]
      ],
      "id": 1,
      "t_w2c": [
        4.028781674773609,
        -0.28306998291369256,
        -1.862514059132644
      ]
    },
    {
      "R_w2c": [
        [
          0.9977006978749559,
          -0.017134886884495295,
          -0.06557219770056157
        ],
        [
          0.01620022920717327,
          0.9997598308035542,
          -0.014759176307762172
        ],
        [
          0.06580934609507248,
          0.013662955869946636,
          0.9977386699950217
        ]
      ],
      "id": 2,
      "t_w2c": [
        3.84681240529981,
        -0.8135297457523801,
        -1.8215874565495611
      ]
    },
    {
      "R_w2c": [
        [
          0.9986511503777513,
          -0.01307940092626716,
          -0.05024747874872935
        ],
        [
          0.012577061699901746,
          0.9998678496338119,
          -0.010300523659199406
        ],
        [
          0.050375563204701844,
          0.009654664161265467,
          0.9986836786949821
        ]
      ],
      "id": 3,
      "t_w2c": [
        3.3241489663443042,
        -0.6126794387964825,
        -1.9489709832010855
      ]
    },
    {
      "R_w2c": [
        [
          0.9995410767254111,
          -0.00015557631869970274,
          -0.030292106803829946
        ],
        [
          -7.97410861570975e-05,
          0.9999698339075348,
          -0.007766911631812783
        ],
        [
          0.03029240135685448,
          0.007765762740791794,
          0.9995109120710433
        ]
      ],
      "id": 4,
      "t_w2c": [
        2.6184693686335057,
        -0.5199939227051871,
        -2.071683759795543
      ]
    },
    {
      "R_w2c": [
        [
          0.9998472130226753,
          0.014690625458860384,
          -0.009472915834967066
        ],
        [
          -0.014739699336537357,
          0.999878196555797,
          -0.005131599730635972
        ],
        [
          0.00939637559154416,
          0.0052704436202720235,
          0.9999419635907817
        ]
      ],
      "id": 5,
      "t_w2c": [
        1.8980033415531807,
        -0.44926765782030675,
        -2.2698268065547103
      ]
    },
    {
      "R_w2c": [
        [
          0.9996859143499396,
          0.024878904710394282,
          0.0030187332999744936
        ],
        [
          -0.024870927145997878,
          0.9996871528356668,
          -0.002652063011450193
        ],
        [
          -0.0030837693207695547,
          0.0025761513405383697,
          0.9999919268729358
        ]
      ],
      "id": 6,
      "t_w2c": [
        1.170389432085555,
        -0.4332086696875693,
        -2.431731075561125
      ]
    },
    {
      "R_w2c": [
        [
          0.9996962938517743,
          0.02448601016214528,
          -0.00278484566292727
        ],
        [
          -0.024483502088347743,
          0.9996998004606665,
          0.0009311736645197322
        ],
        [
          0.0028068103813542957,
          -0.000862708086748748,
          0.9999956887658267
        ]
      ],
      "id": 7,
      "t_w2c": [
        -0.024549506642901155,
        -0.4183522596450569,
        -2.3700075983624105
      ]
    },
    {
      "R_w2c": [
        [
          0.997697581062197,
          -0.012376058932087645,
          -0.0666811060792379
        ],
        [
          0.012019692392256226,
          0.9999112691239951,
          -0.005742897669038943
        ],
        [
          0.06674626384627548,
          0.004928188729240052,
          0.9977578109032335
        ]
      ],
      "id": 8,
      "t_w2c": [
        -3.4006342410387247,
        -0.5871424364828814,
        -1.2491210185188195
      ]
    },
    {
      "R_w2c": [
        [
          0.9987304101405056,
          -0.011696211892435403,
          -0.04899761716598845
        ],
        [
          0.011185443468158618,
          0.9998803445493296,
          -0.010685618294438266
        ],
        [
          0.04911673558979812,
          0.010123991864924561,
          0.9987417339200965
        ]
      ],
      "id": 9,
      "t_w2c": [
        -4.376741255921981,
        -0.5431092142995237,
        -1.5631282368888113
      ]
    },
    {
      "R_w2c": [
        [
          0.999768077278131,
          -0.010780344962827376,
          -0.018643385370463842
        ],
        [
          0.010479198306091437,
          0.9998142452257334,
          -0.016175952724916978
        ],
        [
          0.018814304623099767,
          0.015976833421538234,
          0.9996953349572907
        ]
      ],
      "id": 10,
      "t_w2c": [
        -5.304021074983973,
        -0.5448167448225946,
        -1.8994388966456321
      ]
    },
    {
      "R_w2c": [
        [
          0.9933634832869459,
          -0.0016241075909393932,
          -0.11500587961734227
        ],
        [
          -0.001994772632677341,
          0.9995066393189981,
          -0.031344837523685616
        ],
        [
          0.11500004762681401,
          0.031366227566849376,
          0.992870157076974
        ]
      ],
      "id": 11,
      "t_w2c": [
        -6.544712379739621,
        -0.5627515730256976,
        -2.2308668193993655
      ]
    },
    {
      "R_w2c": [
        [
          0.9947589998875191,
          -0.0020595923339928844,
          -0.10222666101463165
        ],
        [
          -0.0009442245723911026,
          0.9995694307578279,
          -0.02932680573176821
        ],
        [
          0.10224304662293443,
          0.029269628864912817,
          0.9943287425411028
        ]
      ],
      "id": 12,
      "t_w2c": [
        -4.712787471211809,
        -0.5788561811663082,
        -2.1425393197330402
      ]
    },
    {
      "R_w2c": [
        [
          0.994093644325099,
          -0.008541393369751363,
          -0.10818905171849266
        ],
        [
          0.006943047980927802,
          0.9998612515652142,
          -0.015141720614839819
        ],
        [
          0.108303372048972,
          0.014301126450266013,
          0.9940150186919086
        ]
      ],
      "id": 13,
      "t_w2c": [
        -3.7987593199985747,
        -0.38248477069865966,
        -2.109741300457151
      ]
    },
    {
      "R_w2c": [
        [
          0.9799487481142307,
          -0.04723573771079341,
          -0.19356971909952525
        ],
        [
          0.04577333517822192,
          0.9988794969469729,
          -0.012022993205710236
        ],
        [
          0.1939207385918642,
          0.0029215855078248273,
          0.9810128498047854
        ]
      ],
      "id": 14,
      "t_w2c": [
        -6.454971226020277,
        -0.32150347096776954,
        -0.9270811578959699
      ]
    },
    {
      "R_w2c": [
        [
          0.9893210585351054,
          -0.040718156572412734,
          -0.1399495439946947
        ],
        [
          0.038956813720487704,
          0.9991237050481094,
          -0.015303224355853674
        ],
        [
          0.14045002600115716,
          0.009687813803064868,
          0.9900403711263452
        ]
      ],
      "id": 15,
      "t_w2c": [
        -6.888559733152251,
        -0.36520248487451706,
        -1.434152736382004
      ]
    },
    {
      "R_w2c": [
        [
          0.993214340223913,
          -0.028930754317652112,
          -0.11264229147255868
        ],
        [
          0.026665294396630092,
          0.999411735230961,
          -0.021567233419712437
        ],
        [
          0.11319998431235871,
          0.018417245647788023,
          0.9934015143004518
        ]
      ],
      "id": 16,
      "t_w2c": [
        -7.827119355987698,
        -0.45789536384011037,
        -1.8966036960553796
      ]
    },
    {
      "R_w2c": [
        [
          0.9952545654870248,
          -0.0181985815919457,
          -0.09558850090504883
        ],
        [
          0.01624661295760968,
          0.999644101741714,
          -0.021159334120128617
        ],
        [
          0.09593955099248097,
          0.019505934508320923,
          0.9951960214321187
        ]
      ],
      "id": 17,
      "t_w2c": [
        -8.879492358587623,
        -0.5483801717997259,
        -2.2109420593697475
      ]
    },
    {
      "R_w2c": [
        [
          0.9965116267408911,
          -0.011037938521283455,
          -0.08272086607031662
        ],
        [
          0.010004177809991025,
          0.9998667304803646,
          -0.012901073786781974
        ],
        [
          0.08285224315954864,
          0.012028515773206459,
          0.9964892476147069
        ]
      ],
      "id": 18,
      "t_w2c": [
        -9.898697386750156,
        -0.6032645617193806,
        -2.5140724518294384
      ]
    },
    {
      "R_w2c": [
        [
          0.9976854637749126,
          -0.013406268129559144,
          -0.06666323834825191
        ],
        [
          0.013442915193320491,
          0.9999096348147988,
          0.00010117134488399571
        ],
        [
          0.06665585798219592,
          -0.0009970854397689686,
          0.9977755270687306
        ]
      ],
      "id": 19,
      "t_w2c": [
        -10.738552769920766,
        -0.5363937806673678,
        -2.7366268479313396
      ]
    },
    {
      "R_w2c": [
        [
          0.9956034112530923,
          -0.03755939046934275,
          -0.08580873900004345
        ],
        [
          0.03885558186767309,
          0.9991538397322257,
          0.01348511424031957
        ],
        [
          0.08522963838319793,
          -0.016759974221977798,
          0.9962203631753107
        ]
      ],
      "id": 20,
      "t_w2c": [
        -12.318823178124145,
        -0.22614883264897317,
        -2.5764845279395576
      ]
    },
    {
      "R_w2c": [
        [
          0.9928286765984582,
          -0.04310665488882445,
          -0.11150352114641868
        ],
        [
          0.04433208451959553,
          0.99898040718899,
          0.00853301439511058
        ],
        [
          0.1110220032511641,
          -0.013415004912988778,
          0.9937274034851222
        ]
      ],
      "id": 21,
      "t_w2c": [
        -14.97979741137265,
        -0.2577832302218802,
        -2.557987591182405
      ]
    },
    {
      "R_w2c": [
        [
          0.956001140385969,
          0.006013765280674088,
          -0.29330130277221034
        ],
        [
          -0.0022434040085817517,
          0.9999104966379552,
          0.013189611506488142
        ],
        [
          0.29335437054726343,
          -0.011951290323089133,
          0.955929066374923
        ]
      ],
      "id": 22,
      "t_w2c": [
        -13.762511052310366,
        0.2493781950659612,
        -6.870474206208441
      ]
    },
    {
      "R_w2c": [
        [
          0.9492478779542962,
          0.0044394579858482225,
          -0.3144976270372438
        ],
        [
          -0.006928809301763862,
          0.9999528892873524,
          -0.0067978531563845914
        ],
        [
          0.3144526320464264,
          0.008631941766941306,
          0.9492339183680737
        ]
      ],
      "id": 23,
      "t_w2c": [
        -13.57349197958012,
        0.05511757730794942,
        -6.409514975566079
      ]
    },
    {
      "R_w2c": [
        [
          0.9530829138130115,
          0.009581124819621683,
          -0.3025576993647504
        ],
        [
          -0.014412930087920977,
          0.9998017043814418,
          -0.013741155782711602
        ],
        [
          0.3023660477698853,
          0.017457203761051643,
          0.9530320137292685
        ]
      ],
      "id": 24,
      "t_w2c": [
        -12.342459422250828,
        0.04621413420282668,
        -6.159217451083649
      ]
    },
    {
      "R_w2c": [
        [
          0.7072770105473997,
          0.44020665560596495,
          -0.5531521768115398
        ],
        [
          -0.6741614194236161,
          0.6554875031338301,
          -0.3403564510863756
        ],
        [
          0.2127571641845906,
          0.6136401499214246,
          0.7603815854507149
        ]
      ],
      "id": 25,
      "t_w2c": [
        -93.51497424191051,
        -78.08414892627079,
        51.59217785986196
      ]
    },
    {
      "R_w2c": [
        [
          -0.9554957574370512,
          0.29054055890129327,
          -0.0511276945805303
        ],
        [
          -0.29171435398927703,
          -0.9563532687511481,
          0.017063441200794824
        ],
        [
          -0.04393851609254223,
          0.031218728070156493,
          0.9985463423503522
        ]
      ],
      "id": 26,
      "t_w2c": [
        -3.5051433650817727,
        -3.038273581799011,
        -85.82641072146389
      ]
    },
    {
      "R_w2c": [
        [
          0.7356279292215558,
          0.18270431642955454,
          -0.6522811376294848
        ],
        [
          -0.11903208225368289,
          0.9828209910570906,
          0.1410470238321631
        ],
        [
          0.6668454942065352,
          -0.026115748037678882,
          0.7447382456681504
        ]
      ],
      "id": 27,
      "t_w2c": [
        -20.14689185498218,
        0.6020735255361425,
        -6.737788681607925
      ]
    },
    {
      "R_w2c": [
        [
          0.7635355616374234,
          0.1647805551267879,
          -0.6243883525235974
        ],
        [
          -0.11858645435420306,
          0.9862314451177128,
          0.11525966122076896
        ],
        [
          0.634783978183699,
          -0.013960849298503372,
          0.7725635221314436
        ]
      ],
      "id": 28,
      "t_w2c": [
        -19.842215369668143,
        0.5679353897474883,
        -7.598981126318898
      ]
    },
    {
      "R_w2c": [
        [
          0.822551593609959,
          0.08123805873390737,
          -0.5628581114835808
        ],
        [
          -0.10401998820165483,
          0.9945391405395073,
          -0.008469946249288676
        ],
        [
          0.5590963404496979,
          0.06551546190087089,
          0.8265101368692771
        ]
      ],
      "id": 29,
      "t_w2c": [
        -19.0034537101555,
        -0.01390324898103737,
        -9.411517827638182
      ]
    },
    {
      "R_w2c": [
        [
          0.8244501036966987,
          0.18708471640676513,
          -0.5341173423523177
        ],
        [
          -0.090594091981166,
          0.9752369194619244,
          0.20175644083033425
        ],
        [
          0.5586364981028457,
          -0.11795024292224413,
          0.8209829493856573
        ]
      ],
      "id": 30,
      "t_w2c": [
        -18.986878176971135,
        2.2280884399860827,
        -9.19736164269163
      ]
    },
    {
      "R_w2c": [
        [
          0.9487098914302929,
          -0.056653036673925294,
          -0.31103050547807143
        ],
        [
          0.03969363522346124,
          0.9973729639056146,
          -0.06059361511641665
        ],
        [
          0.3136462294131217,
          0.045139830590649264,
          0.9484663612744413
        ]
      ],
      "id": 31,
      "t_w2c": [
        -20.37980287399005,
        0.05202775330891717,
        -8.530412428099037
      ]
    },
    {
      "R_w2c": [
        [
          0.9165789107755672,
          -0.03125886267027843,
          -0.39863013411687237
        ],
        [
          0.01757544231005307,
          0.9991256169212998,
          -0.03793554321791251
        ],
        [
          0.3994674006087117,
          0.027764817957133897,
          0.9163268580232309
        ]
      ],
      "id": 32,
      "t_w2c": [
        -21.079283526390668,
        -0.11796078812045772,
        -6.489115293254768
      ]
    },
    {
      "R_w2c": [
        [
          0.9173565962145116,
          -0.01162033090450234,
          -0.39789677466824896
        ],
        [
          -0.0010793298143006403,
          0.9994975395914569,
          -0.031678121752651986
        ],
        [
          0.3980649575494902,
          0.02948959579739521,
          0.9168831186748008
        ]
      ],
      "id": 33,
      "t_w2c": [
        -20.416169735662965,
        -0.4787668131950414,
        -6.273948681836181
      ]
    },
    {
      "R_w2c": [
        [
          0.9268144144528646,
          0.010451168297094474,
          -0.3753742322584485
        ],
        [
          -0.017608870096428877,
          0.9997225775329115,
          -0.015642751192772083
        ],
        [
          0.3751066099875086,
          0.021107843380546647,
          0.9267413285763733
        ]
      ],
      "id": 34,
      "t_w2c": [
        -20.334872828638012,
        -0.803244760943851,
        -7.084734403541823
      ]
    },
    {
      "R_w2c": [
        [
          0.9847170340977945,
          -0.13873433985767708,
          -0.10528601854898623
        ],
        [
          0.13270720852305234,
          0.9891970398128562,
          -0.06227369614453322
        ],
        [
          0.11278811800744801,
          0.04734975575160978,
          0.9924902221516345
        ]
      ],
      "id": 35,
      "t_w2c": [
        -19.712438153390337,
        -2.6926391173964657,
        5.775234069717224
      ]
    },
    {
      "R_w2c": [
        [
          0.9855493510856411,
          -0.13986261154674112,
          -0.09555588137837046
        ],
        [
          0.13673421178007467,
          0.9898566007670165,
          -0.038570263764317984
        ],
        [
          0.09998115774261418,
          0.02494714030290384,
          0.994676534501118
        ]
      ],
      "id": 36,
      "t_w2c": [
        -17.043767967581225,
        -1.6324835443659136,
        5.898545082813198
      ]
    },
    {
      "R_w2c": [
        [
          0.9797859123228895,
          -0.14958787533332077,
          -0.13282708145128383
        ],
        [
          0.1472342538502853,
          0.9887213887565036,
          -0.027424257666535813
        ],
        [
          0.13543131287391721,
          0.0073132050889939525,
          0.9907597471256961
        ]
      ],
      "id": 37,
      "t_w2c": [
        -15.972166866922958,
        -0.1568305400962687,
        6.270257244424073
      ]
    },
    {
      "R_w2c": [
        [
          0.9809414512702256,
          -0.15330379523681098,
          -0.11938096810569793
        ],
        [
          0.14868928024349198,
          0.9877806653853616,
          -0.0466996256036894
        ],
        [
          0.12508144195097864,
          0.028058928291051777,
          0.9917496304121427
        ]
      ],
      "id": 38,
      "t_w2c": [
        -13.283615099195329,
        -0.20336962348238685,
        6.335727424280727
      ]
    },
    {
      "R_w2c": [
        [
          0.9915241826968175,
          -0.011337123718113618,
          -0.1294266771311395
        ],
        [
          0.011598982410824101,
          0.9999319235489558,
          0.0012695962817216905
        ],
        [
          0.12940347265217203,
          -0.0027600531671245175,
          0.9915881823479308
        ]
      ],
      "id": 39,
      "t_w2c": [
        -10.395735817934654,
        -0.7625549788428835,
        1.8028432971640957
      ]
    },
    {
      "R_w2c": [
        [
          0.9807656967770934,
          -0.1405942969401096,
          -0.13539531636381974
        ],
        [
          0.138133414794056,
          0.9900331796027106,
          -0.027449280556693635
        ],
        [
          0.13790506786436757,
          0.008218695374759562,
          0.9904113515624006
        ]
      ],
      "id": 40,
      "t_w2c": [
        -11.296682272851724,
        0.5748639579989137,
        -2.026473107614153
      ]
    },
    {
      "R_w2c": [
        [
          0.9876962450423356,
          -0.11385473430456267,
          -0.10720646904785233
        ],
        [
          0.11132169616802143,
          0.9933511442332427,
          -0.02934253248753593
        ],
        [
          0.10983445493808125,
          0.01704710318338053,
          0.9938036973072246
        ]
      ],
      "id": 41,
      "t_w2c": [
        -11.266400038135703,
        0.2258069623368393,
        -2.49427381983208
      ]
    },
    {
      "R_w2c": [
        [
          0.9916600924061773,
          -0.08662064438954173,
          -0.09543125847704484
        ],
        [
          0.08232454240244025,
          0.9954452154676173,
          -0.04807798582363559
        ],
        [
          0.09916113577002236,
          0.039820685179557606,
          0.9942742992678779
        ]
      ],
      "id": 42,
      "t_w2c": [
        -11.798284738831143,
        -0.4696419553779768,
        -2.5219003774349242
      ]
    },
    {
      "R_w2c": [
        [
          0.9936428061789295,
          -0.057826891385059684,
          -0.0965920512340567
        ],
        [
          0.05334571200079405,
          0.9974048813791918,
          -0.04835015627780967
        ],
        [
          0.09913732263880473,
          0.04289001321637463,
          0.9941490019239112
        ]
      ],
      "id": 43,
      "t_w2c": [
        -12.578491132179133,
        -1.0692160296977502,
        -2.489224577994176
      ]
    },
    {
      "R_w2c": [
        [
          0.995922981206945,
          -0.03343693328731527,
          -0.08378178200665497
        ],
        [
          0.032135803854256614,
          0.9993417855718078,
          -0.016831093867950533
        ],
        [
          0.08428941579173373,
          0.014070078268817267,
          0.9963419730609554
        ]
      ],
      "id": 44,
      "t_w2c": [
        -12.896735631466115,
        -1.3255150337600798,
        -2.864048188354627
      ]
    },
    {
      "R_w2c": [
        [
          0.9808067263554009,
          -0.18850794542440322,
          -0.049828907753151075
        ],
        [
          0.18201893182369375,
          0.9768210959228176,
          -0.11264836890921667
        ],
        [
          0.06990904085855666,
          0.10141647337595441,
          0.9923847161933829
        ]
      ],
      "id": 45,
      "t_w2c": [
        -13.983379643707044,
        -1.186286675062069,
        -0.5664850640197167
      ]
    },
    {
      "R_w2c": [
        [
          0.9782230121867835,
          -0.19588482861954395,
          -0.06862122372056541
        ],
        [
          0.1884633099723633,
          0.9767973992820108,
          -0.10172719179334891
        ],
        [
          0.08695584639618496,
          0.08657929702066058,
          0.9924427973968732
        ]
      ],
      "id": 46,
      "t_w2c": [
        -14.941982422401745,
        -1.2252073686423424,
        -0.1755468509823137
      ]
    },
    {
      "R_w2c": [
        [
          0.9987756449763683,
          0.027540945345131743,
          0.04109388435687339
        ],
        [
          -0.02899530018526725,
          0.9989586931271396,
          0.035225019416369595
        ],
        [
          -0.0400809626781326,
          -0.03637342099959585,
          0.9985341710104769
        ]
      ],
      "id": 47,
      "t_w2c": [
        -10.478048739288537,
        -0.4405869489411912,
        -3.1328378821378067
      ]
    },
    {
      "R_w2c": [
        [
          0.9992739741395162,
          0.03809778617672853,
          -0.00028861020353547815
        ],
        [
          -0.03809245789867295,
          0.9992159597345686,
          0.010790294850604506
        ],
        [
          0.0006994702675170818,
          -0.010771466945473419,
          0.9999417414235628
        ]
      ],
      "id": 48,
      "t_w2c": [
        -10.29595275880801,
        -0.5713041761564218,
        -2.6418336654532637
      ]
    },
    {
      "R_w2c": [
        [
          0.9991171280651836,
          0.03656997555844476,
          -0.020678522539925262
        ],
        [
          -0.03655777820977694,
          0.9993310724764711,
          0.0009676959185075252
        ],
        [
          0.020700078723140225,
          -0.00021088072621914703,
          0.9997857081745943
        ]
      ],
      "id": 49,
      "t_w2c": [
        -9.59240735434433,
        -0.4539795190787743,
        -2.2936111210066477
      ]
    },
    {
      "R_w2c": [
        [
          0.9990637996350656,
          0.017001669835606397,
          -0.039780239837721006
        ],
        [
          -0.016977478460173268,
          0.9998554248089065,
          0.0009458886485179544
        ],
        [
          0.039790570288448075,
          -0.00026963494223462684,
          0.9992080052787398
        ]
      ],
      "id": 50,
      "t_w2c": [
        -8.804406622115504,
        -0.12409180576314825,
        -1.941066260897812
      ]
    },
    {
      "R_w2c": [
        [
          0.9984305726058043,
          -0.023480796461938038,
          -0.050843326834098604
        ],
        [
          0.02360305720368693,
          0.9997197786806171,
          0.0018054931230387307
        ],
        [
          0.050786685033435836,
          -0.0030027174843623807,
          0.9987050096555157
        ]
      ],
      "id": 51,
      "t_w2c": [
        -7.59117026751644,
        0.3725840160685752,
        -1.6024041298237781
      ]
    },
    {
      "R_w2c": [
        [
          0.9953115107646556,
          -0.0558109925212437,
          -0.07899449128371264
        ],
        [
          0.05660658113022741,
          0.9983655710757936,
          0.007866477181789393
        ],
        [
          0.07842634450314417,
          -0.012301203367894972,
          0.9968440143189785
        ]
      ],
      "id": 52,
      "t_w2c": [
        -6.5827757853534985,
        0.6792939151105014,
        -1.0660625109418298
      ]
    },
    {
      "R_w2c": [
        [
          0.9921014548693105,
          -0.06878818937858619,
          -0.10489465309639653
        ],
        [
          0.07265939788843948,
          0.9967927745237655,
          0.0335376885861748
        ],
        [
          0.10225123541887915,
          -0.04089437197499875,
          0.9939176702303282
        ]
      ],
      "id": 53,
      "t_w2c": [
        -5.517232545177722,
        0.8571756386340449,
        -0.5191322675054914
      ]
    },
    {
      "R_w2c": [
        [
          0.9935759139910687,
          -0.08640449122559234,
          -0.0730832883281727
        ],
        [
          0.08935586498133734,
          0.9952699554763567,
          0.03812145222217986
        ],
        [
          0.06944373643640799,
          -0.044406977178563595,
          0.9965970037320067
        ]
      ],
      "id": 54,
      "t_w2c": [
        -3.4032412816940454,
        0.19940876231506988,
        -0.15439104967295
      ]
    },
    {
      "R_w2c": [
        [
          0.9926934835487092,
          -0.06966590072300405,
          -0.09852060696311771
        ],
        [
          0.07675976461194028,
          0.9945791608080179,
          0.0701443613067972
        ],
        [
          0.09309987248459631,
          -0.0771942689768582,
          0.9926597899484397
        ]
      ],
      "id": 55,
      "t_w2c": [
        -2.7491317531878394,
        0.23050491766713493,
        0.2253924953981104
      ]
    },
    {
      "R_w2c": [
        [
          0.9876207575427841,
          -0.1486185090422362,
          -0.05017746546688057
        ],
        [
          0.14931724860834836,
          0.9887340597960594,
          0.010455537634916766
        ],
        [
          0.048058282726809086,
          -0.017818467085168585,
          0.9986855880065982
        ]
      ],
      "id": 56,
      "t_w2c": [
        -2.154197567570598,
        -0.002352754578563273,
        -1.8168951157884665
      ]
    },
    {
      "R_w2c": [
        [
          0.9987856675250537,
          -0.030108067720299617,
          0.03899608447886431
        ],
        [
          0.030332120076142378,
          0.9995265226226158,
          -0.005166533231095109
        ],
        [
          -0.03882206638265602,
          0.006343093258921996,
          0.9992260066319778
        ]
      ],
      "id": 57,
      "t_w2c": [
        1.1250904811427838,
        -1.1464232744784906,
        -1.2616184318824804
      ]
    },
    {
      "R_w2c": [
        [
          0.9979905829294644,
          -0.022888370510853417,
          0.05908399850607324
        ],
        [
          0.022853178293893817,
          0.9997380236154054,
          0.0012713691165625839
        ],
        [
          -0.05909761946115316,
          8.144274641867192e-05,
          0.9982522049768303
        ]
      ],
      "id": 58,
      "t_w2c": [
        2.7926836780490913,
        -0.8651332436796968,
        -0.9860861562950298
      ]
    },
    {
      "R_w2c": [
        [
          0.998918629672226,
          -0.023129465330800274,
          0.040331118596855016
        ],
        [
          0.023091616338839157,
          0.9997323670496596,
          0.001404111158186864
        ],
        [
          -0.040352801000948284,
          -0.0004712820768887523,
          0.9991853828717582
        ]
      ],
      "id": 59,
      "t_w2c": [
        3.4547708244301574,
        -0.7840464077333626,
        -0.9014442908484022
      ]
    },
    {
      "R_w2c": [
        [
          0.9994302472947864,
          -0.026023208380264087,
          0.02149356689522509
        ],
        [
          0.02605579351828623,
          0.9996597244136743,
          -0.0012373396094712088
        ],
        [
          -0.02145405361265316,
          0.0017966665728748935,
          0.999768220925636
        ]
      ],
      "id": 60,
      "t_w2c": [
        4.289446387045082,
        -0.7028558153712755,
        -0.7427028291622342
      ]
    },
    {
      "R_w2c": [
        [
          0.9996773672457433,
          -0.025371958212621486,
          0.0011937977535137266
        ],
        [
          0.025379083818977282,
          0.9996574787515482,
          -0.006389622884586111
        ],
        [
          -0.0010312716075946693,
          0.006417858876205526,
          0.999978873559995
        ]
      ],
      "id": 61,
      "t_w2c": [
        5.0940807200154765,
        -0.607246158845662,
        -0.6162348016922401
      ]
    },
    {
      "R_w2c": [
        [
          0.9996533822498075,
          -0.02403494937673608,
          -0.01074414096044479
        ],
        [
          0.02384530298402525,
          0.9995634611616899,
          -0.0174438710171461
        ],
        [
          0.011158713282462726,
          0.017181627365314592,
          0.9997901153737014
        ]
      ],
      "id": 62,
      "t_w2c": [
        5.8109229426598725,
        -0.5821155633631406,
        -0.592048581902854
      ]
    },
    {
      "R_w2c": [
        [
          0.9992111921873573,
          -0.02465295007354892,
          0.031132386034338558
        ],
        [
          0.023671853608474454,
          0.999223441303919,
          0.0314985348150078
        ],
        [
          -0.03188474171541819,
          -0.030736727239971527,
          0.999018827072001
        ]
      ],
      "id": 63,
      "t_w2c": [
        6.1980758566714504,
        0.06682015926373719,
        -1.695207895491343
      ]
    },
    {
      "R_w2c": [
        [
          0.9974251163037774,
          -0.058702024261705614,
          0.041197205171883314
        ],
        [
          0.05779360705431336,
          0.9980657252448614,
          0.022906485437546014
        ],
        [
          -0.04246217552184231,
          -0.02046656881421537,
          0.9988884238046436
        ]
      ],
      "id": 64,
      "t_w2c": [
        6.1549309922057045,
        1.0467749517181295,
        -1.8676118211847432
      ]
    },
    {
      "R_w2c": [
        [
          0.9974119901577404,
          -0.014756101813123994,
          -0.07036745944579915
        ],
        [
          0.017748275445384917,
          0.9989562445774213,
          0.04208824228320876
        ],
        [
          0.06967295464016303,
          -0.04322821855057242,
          0.9966328313439476
        ]
      ],
      "id": 65,
      "t_w2c": [
        5.418103841442959,
        0.9310631148051153,
        -2.1159280859447676
      ]
    },
    {
      "R_w2c": [
        [
          0.9995921475694801,
          -0.02435291072174408,
          -0.014915570951638736
        ],
        [
          0.02493281746729102,
          0.9988880373210938,
          0.04001304174835891
        ],
        [
          0.01392455136000276,
          -0.04036860953998698,
          0.9990878250850777
        ]
      ],
      "id": 66,
      "t_w2c": [
        4.864578215687074,
        2.3252358088477174,
        -2.442717809304807
      ]
    },
    {
      "R_w2c": [
        [
          0.9940840403321787,
          -0.10664411372821134,
          -0.020590137541445102
        ],
        [
          0.10695158802370006,
          0.9941591360857195,
          0.014455793181442888
        ],
        [
          0.0189282480980159,
          -0.016572421199699074,
          0.9996834880498525
        ]
      ],
      "id": 67,
      "t_w2c": [
        5.520279900650585,
        1.8314580024635652,
        -2.6090414813474143
      ]
    },
    {
      "R_w2c": [
        [
          0.9918190164390054,
          -0.12051538016525783,
          -0.04208422238306541
        ],
        [
          0.1208142644434518,
          0.9926643642161276,
          0.004623150698252691
        ],
        [
          0.04121834709145455,
          -0.009669703150274996,
          0.999103370379679
        ]
      ],
      "id": 68,
      "t_w2c": [
        6.648380178415134,
        0.6015460295296238,
        -2.4947187899750416
      ]
    },
    {
      "R_w2c": [
        [
          0.9857487195336843,
          -0.16783394951053865,
          0.011455449768379509
        ],
        [
          0.16730186951611498,
          0.9851890192902347,
          0.037585645216736324
        ],
        [
          -0.017593930604465097,
          -0.03513348348284734,
          0.9992277477853814
        ]
      ],
      "id": 69,
      "t_w2c": [
        6.725195539058626,
        1.1683727692393375,
        0.39406041125275876
      ]
    },
    {
      "R_w2c": [
        [
          0.9924437675775856,
          -0.12214673851322565,
          0.011642270697295592
        ],
        [
          0.12131174173976068,
          0.9910199097117598,
          0.05624055361535119
        ],
        [
          -0.018407322251567073,
          -0.05440324278457364,
          0.998349366535608
        ]
      ],
      "id": 70,
      "t_w2c": [
        5.35638488732906,
        1.6394590126578932,
        -0.0016471316498868406
      ]
    },
    {
      "R_w2c": [
        [
          0.997006153862653,
          -0.07533421823786077,
          -0.017420812911294502
        ],
        [
          0.07572955450952054,
          0.9968568020259787,
          0.023271244666507113
        ],
        [
          0.015612934823072638,
          -0.024520844541517057,
          0.9995773929262213
        ]
      ],
      "id": 71,
      "t_w2c": [
        3.4398352633008398,
        1.7247547875192515,
        -2.973764546440657
      ]
    },
    {
      "R_w2c": [
        [
          0.9971152460117629,
          -0.07587864737006136,
          -0.0019018528311161745
        ],
        [
          0.07589756827219793,
          0.9964527184799997,
          0.03635297737717579
        ],
        [
          -0.0008633083275399791,
          -0.03639245398579601,
          0.9993372023454462
        ]
      ],
      "id": 72,
      "t_w2c": [
        2.488710362793064,
        1.7947469760470998,
        -2.997421689502979
      ]
    },
    {
      "R_w2c": [
        [
          0.9981474974500262,
          -0.030827370522501556,
          -0.05245232655391363
        ],
        [
          0.028095905849727057,
          0.9982497590671833,
          -0.05203881817253203
        ],
        [
          0.05396474227431522,
          0.05046872050071191,
          0.9972666217427955
        ]
      ],
      "id": 73,
      "t_w2c": [
        0.11408214121268691,
        0.465230695192983,
        -5.269622060464776
      ]
    },
    {
      "R_w2c": [
        [
          0.9977974038053676,
          -0.03687159579213463,
          -0.055143688514729755
        ],
        [
          0.03463141892723777,
          0.9985570355367805,
          -0.041042802086151235
        ],
        [
          0.05657743174052933,
          0.03904269718831247,
          0.997634533290577
        ]
      ],
      "id": 74,
      "t_w2c": [
        0.8105320120730376,
        0.5034681260319722,
        -5.1802611705819555
      ]
    },
    {
      "R_w2c": [
        [
          0.9977154553186567,
          -0.050282356248878605,
          -0.045117123892669884
        ],
        [
          0.04945592313480943,
          0.9985907590784769,
          -0.01925117009314316
        ],
        [
          0.04602153718825009,
          0.01697588092359768,
          0.9987961942166672
        ]
      ],
      "id": 75,
      "t_w2c": [
        1.9829612964350343,
        0.7768443631265547,
        -4.882252108482275
      ]
    },
    {
      "R_w2c": [
        [
          0.9977408035985781,
          -0.053982854107956384,
          -0.03998925226636174
        ],
        [
          0.05336442513258582,
          0.9984408342891046,
          -0.016374936773785907
        ],
        [
          0.040810868218309995,
          0.01420393911687666,
          0.9990659243257333
        ]
      ],
      "id": 76,
      "t_w2c": [
        2.854570918699571,
        0.6565308076035197,
        -4.888233940207602
      ]
    },
    {
      "R_w2c": [
        [
          0.9983267339014276,
          -0.014495013304410184,
          -0.05597880819571859
        ],
        [
          0.013619535194613135,
          0.9997793987584667,
          -0.01598943648918102
        ],
        [
          0.056198226295771765,
          0.015200276558794289,
          0.9983039171283189
        ]
      ],
      "id": 77,
      "t_w2c": [
        3.5327423145050902,
        0.6264346474941395,
        -0.6369800214973386
      ]
    },
    {
      "R_w2c": [
        [
          0.9981500292481599,
          -0.00854012794940681,
          -0.06019622352361734
        ],
        [
          0.0073860847214251525,
          0.999785142687741,
          -0.019367865482324154
        ],
        [
          0.060348693974148854,
          0.01888742109080099,
          0.9979986475242104
        ]
      ],
      "id": 78,
      "t_w2c": [
