{
  "frame_001": {
    "R_w2c": [
      [
        1.0,
        0.0,
        0.0
      ],
      [
        0.0,
        1.0,
        0.0
      ],
      [
        0.0,
        0.0,
        1.0
      ]
    ],
    "t_w2c": [
      0.0,
      0.0,
      0.0
    ]
  },
  "frame_003": {
    "R_w2c": [
      [
        0.999809,
        -0.017827,
        0.008064
      ],
      [
        0.018015,
        0.999552,
        -0.023885
      ],
      [
        -0.007635,
        0.024026,
        0.999682
      ]
    ],
    "t_w2c": [
      -0.7086433321409332,
      -0.32553088586049767,
      -0.6259825741434281
    ]
  },
  "frame_005": {
    "R_w2c": [
      [
        0.9991379590539999,
        -0.04131143036,
        0.004127856836000001
      ],
      [
        0.041472097304000005,
        0.997738776959,
        -0.052891564131
      ],
      [
        -0.001933289325,
        0.053017205977,
        0.998591649471
      ]
    ],
    "t_w2c": [
      -1.656164471935404,
      -0.36059447232694786,
      -0.9227026303322597
    ]
  },
  "frame_007": {
    "R_w2c": [
      [
        0.9989942905313746,
        -0.04388989424430732,
        0.009221454629817162
      ],
      [
        0.04443953607575343,
        0.9964298683293824,
        -0.07177702634732913
      ],
      [
        -0.0060378436712054335,
        0.0721153982096607,
        0.997377471766371
      ]
    ],
    "t_w2c": [
      -2.5421333823712535,
      -0.3685356077491771,
      -1.3911972745413528
    ]
  },
  "frame_009": {
    "R_w2c": [
      [
        0.999256804456621,
        -0.03292353988065514,
        0.020072649891178452
      ],
      [
        0.03465932574085654,
        0.9950267647313396,
        -0.09338153101380738
      ],
      [
        -0.01689792503004692,
        0.09400816327668976,
        0.995426993472278
      ]
    ],
    "t_w2c": [
      -3.5156168267840417,
      -0.38930776251439925,
      -1.6589862052291708
    ]
  },
  "frame_011": {
    "R_w2c": [
      [
        0.9962673716313963,
        -0.03949611422999214,
        0.07675911844497943
      ],
      [
        0.04688479867400801,
        0.99418080363365,
        -0.09697986104453958
      ],
      [
        -0.07248251178488382,
        0.10021753879465774,
        0.9923207750152286
      ]
    ],
    "t_w2c": [
      -4.572418058370889,
      -0.47090755099128606,
      -1.6816419873037576
    ]
  },
  "frame_013": {
    "R_w2c": [
      [
        0.9927508365129656,
        -0.03480404961988599,
        0.11504391708099324
      ],
      [
        0.04864315626257317,
        0.9916081345149913,
        -0.11977054857916979
      ],
      [
        -0.10991061198255826,
        0.12449949383415372,
        0.9861117762802329
      ]
    ],
    "t_w2c": [
      -5.5991142076343445,
      -0.4879657178858951,
      -1.7713525431169554
    ]
  },
  "frame_015": {
    "R_w2c": [
      [
        0.989440037044961,
        -0.026956862976118885,
        0.14241510915471375
      ],
      [
        0.04231498406069684,
        0.9934711040504335,
        -0.10593998016132535
      ],
      [
        -0.13863063507466886,
        0.11084932942927839,
        0.9841189085784936
      ]
    ],
    "t_w2c": [
      -6.632458733224513,
      -0.5324798607353066,
      -1.7810269328391901
    ]
  },
  "frame_017": {
    "R_w2c": [
      [
        0.9888291925231182,
        -0.027777932626395253,
        0.14644034959700383
      ],
      [
        0.04190542000027033,
        0.9946615621921955,
        -0.09428873315982482
      ],
      [
        -0.14304015621774174,
        0.09937395830720643,
        0.984713070742086
      ]
    ],
    "t_w2c": [
      -7.547658022946008,
      -0.6208315294300558,
      -2.161124343452102
    ]
  },
  "frame_019": {
    "R_w2c": [
      [
        0.9907158233565002,
        -0.036495656725593344,
        0.13095486272185508
      ],
      [
        0.049728453128810364,
        0.9938187390085604,
        -0.09924674280104881
      ],
      [
        -0.12652464047628156,
        0.10483958085705684,
        0.9864051758168615
      ]
    ],
    "t_w2c": [
      -8.464387140287077,
      -0.7053254802180295,
      -2.572518956736872
    ]
  },
  "frame_021": {
    "R_w2c": [
      [
        0.9914335755361158,
        -0.030515613900205924,
        0.12699289939744157
      ],
      [
        0.04517086372801619,
        0.9924319099323273,
        -0.11417790046901227
      ],
      [
        -0.12254842520677914,
        0.11893801263773218,
        0.9853072920990382
      ]
    ],
    "t_w2c": [
      -9.426872543706658,
      -0.6623939284038938,
      -2.8607084016993083
    ]
  },
  "frame_023": {
    "R_w2c": [
      [
        0.9882271748869108,
        -0.022561592210821085,
        0.15131414865279227
      ],
      [
        0.03941614395097471,
        0.9932213446883931,
        -0.10933895229520124
      ],
      [
        -0.1478229354556523,
        0.11401842431165894,
        0.9824166122818931
      ]
    ],
    "t_w2c": [
      -10.414691824072728,
      -0.6263338653494387,
      -3.0205025772586027
    ]
  },
  "frame_025": {
    "R_w2c": [
      [
        0.9806420101443458,
        -0.019228724233530173,
        0.19485929133378632
      ],
      [
        0.03596387492283291,
        0.99592280085104,
        -0.08271531655022304
      ],
      [
        -0.19247563702464532,
        0.08812432054196005,
        0.9773339619959152
      ]
    ],
    "t_w2c": [
      -11.498732628776521,
      -0.7315616178038885,
      -2.811875362385336
    ]
  },
  "frame_027": {
    "R_w2c": [
      [
        0.9752924774217774,
        -0.017592462710999672,
        0.22021296417720995
      ],
      [
        0.03340302496326206,
        0.9971054112394986,
        -0.06828442583774287
      ],
      [
        -0.21837572530825805,
        0.07395517287872039,
        0.973055506464608
      ]
    ],
    "t_w2c": [
      -12.508884445265807,
      -0.784478461816449,
      -2.8381764712792217
    ]
  },
  "frame_029": {
    "R_w2c": [
      [
        0.970147921007987,
        -0.008015382965696222,
        0.24237733629411323
      ],
      [
        0.026794403791548918,
        0.9968756591779878,
        -0.07428627470715182
      ],
      [
        -0.24102640702707545,
        0.07856516678328401,
        0.967329996905488
      ]
    ],
    "t_w2c": [
      -13.528461331294805,
      -0.658203565183672,
      -2.856877807868593
    ]
  },
  "frame_031": {
    "R_w2c": [
      [
        0.9604441745867781,
        0.007608763091156965,
        0.27836341021675504
      ],
      [
        0.017230127469367435,
        0.9960855950827753,
        -0.08668233686288038
      ],
      [
        -0.2779349292144248,
        0.08805216434471116,
        0.9565527351470117
      ]
    ],
    "t_w2c": [
      -14.620687778275599,
      -0.4982315381912287,
      -2.5072301793189737
    ]
  },
  "frame_033": {
    "R_w2c": [
      [
        0.9523443860213325,
        0.019602429170921403,
        0.30439080556873804
      ],
      [
        0.012432631375283673,
        0.9946071286267404,
        -0.10295233367740922
      ],
      [
        -0.3047689145133457,
        0.10183326323894715,
        0.9469636440509717
      ]
    ],
    "t_w2c": [
      -15.68478639491966,
      -0.28954839054538806,
      -2.007830359036944
    ]
  },
  "frame_035": {
    "R_w2c": [
      [
        0.9493585857447786,
        0.022375307659541252,
        0.3133928396618912
      ],
      [
        0.012197747511207122,
        0.9940821320167603,
        -0.10792622384309272
      ],
      [
        -0.3139546645186819,
        0.10628651161232208,
        0.9434672174155189
      ]
    ],
    "t_w2c": [
      -16.698675929299785,
      -0.15487977791054977,
      -1.8227823827693777
    ]
  },
  "frame_037": {
    "R_w2c": [
      [
        0.9414433621731193,
        0.029162504233876455,
        0.3359028707389386
      ],
      [
        0.00770127823073673,
        0.9941306074312173,
        -0.1078953176957518
      ],
      [
        -0.33707884819006634,
        0.10416800704306822,
        0.9356929741482095
      ]
    ],
    "t_w2c": [
      -17.738345343891773,
      -0.09344439604875521,
      -1.4411010840514074
    ]
  },
  "frame_039": {
    "R_w2c": [
      [
        0.9293972361720654,
        0.03929869931650652,
        0.36697767370980927
      ],
      [
        0.0009046305837105418,
        0.9940682097529512,
        -0.10874229287690547
      ],
      [
        -0.3690749831893854,
        0.10140022722643693,
        0.9238484060841969
      ]
    ],
    "t_w2c": [
      -18.76236052802587,
      0.057929436321688135,
      -1.0033740295968616
    ]
  },
  "frame_041": {
    "R_w2c": [
      [
        0.9293003923116625,
        0.035961753561443016,
        0.367563929305038
      ],
      [
        0.0027804242690487153,
        0.9945368119172834,
        -0.10433272724778908
      ],
      [
        -0.36930914851940644,
        0.09798208902851202,
        0.9241235201776413
      ]
    ],
    "t_w2c": [
      -19.756707269575415,
      -0.06913791662533127,
      -1.0898638628258663
    ]
  },
  "frame_043": {
    "R_w2c": [
      [
        0.9331820767191714,
        0.030584519391252715,
        0.3580938344044323
      ],
      [
        0.009595968614768864,
        0.9938952480209432,
        -0.10989264831381285
      ],
      [
        -0.3592703572735286,
        0.10598906551300173,
        0.9271922595010508
      ]
    ],
    "t_w2c": [
      -20.741828643247008,
      -0.18040222629027847,
      -1.3461348768447179
    ]
  },
  "frame_045": {
    "R_w2c": [
      [
        0.9304580041171612,
        0.030427715229149062,
        0.36512786212631454
      ],
      [
        0.016718557787772946,
        0.9919807463057118,
        -0.12526600174481722
      ],
      [
        -0.3660129122988845,
        0.12266242750068204,
        0.9224871561337649
      ]
    ],
    "t_w2c": [
      -21.71914517120018,
      -0.2278347637933357,
      -1.440433132520314
    ]
  },
  "frame_047": {
    "R_w2c": [
      [
        0.9216836825625363,
        0.03537904791285704,
        0.38632166553939434
      ],
      [
        0.019263388120662455,
        0.9904296563716499,
        -0.13665827664213895
      ],
      [
        -0.38746062149413196,
        0.13340090101650048,
        0.9121799453045887
      ]
    ],
    "t_w2c": [
      -22.74066722028778,
      -0.20678753598666813,
      -0.8250696023202763
    ]
  },
  "frame_049": {
    "R_w2c": [
      [
        0.9093695585688745,
        0.04287000970033843,
        0.4137694100260545
      ],
      [
        0.013779426764413082,
        0.991024302276453,
        -0.13296073220935867
      ],
      [
        -0.41575707536980117,
        0.12661569185138852,
        0.9006158079954731
      ]
    ],
    "t_w2c": [
      -23.753776266211972,
      -0.1540227368004242,
      -0.06381996327779053
    ]
  },
  "frame_051": {
    "R_w2c": [
      [
        0.9328095277591746,
        0.017057529744027945,
        0.3599594308418973
      ],
      [
        0.02438416683688254,
        0.9936010584757773,
        -0.11027224053399559
      ],
      [
        -0.359538273012363,
        0.11164428859464758,
        0.9264246269201563
      ]
    ],
    "t_w2c": [
      -24.69065908925205,
      -0.5839503743490234,
      -1.633822178512007
    ]
  },
  "frame_053": {
    "R_w2c": [
      [
        0.920862047935389,
        0.011532596027448433,
        0.3897125839655674
      ],
      [
        0.04073420061501926,
        0.9912448600354667,
        -0.12558313187251266
      ],
      [
        -0.3877503098072267,
        0.13152310908164605,
        0.9123300684620451
      ]
    ],
    "t_w2c": [
      -25.72303030084065,
      -0.8138772067128166,
      -0.8863447161817973
    ]
  },
  "frame_055": {
    "R_w2c": [
      [
        0.8795679724118701,
        0.045827441695244865,
        0.4735552926297004
      ],
      [
        0.020090034864992768,
        0.990883758436007,
        -0.13320237815162572
      ],
      [
        -0.47534455761857836,
        0.126677705824866,
        0.8706288434671886
      ]
    ],
    "t_w2c": [
      -26.696421818029236,
      -0.19199766654014092,
      1.5656891026038318
    ]
  },
  "frame_057": {
    "R_w2c": [
      [
        0.8718617439457901,
        0.06636639739181598,
        0.48522849595125417
      ],
      [
        -0.008382215823692559,
        0.9926516540073401,
        -0.12070473791687415
      ],
      [
        -0.4896758116851569,
        0.1011730471609249,
        0.8660109547022362
      ]
    ],
    "t_w2c": [
      -27.664034943030224,
      0.34102211840342234,
      2.0573572113783527
    ]
  },
  "frame_059": {
    "R_w2c": [
      [
        0.8693994446927785,
        0.054488009790527224,
        0.4910898295277367
      ],
      [
        0.01591569323145399,
        0.9902961339160095,
        -0.13805143715060417
      ],
      [
        -0.4938486722443732,
        0.1278398667217494,
        0.8600950577091296
      ]
    ],
    "t_w2c": [
      -28.61989378065883,
      -0.12803859759480204,
      2.452831888996442
    ]
  },
  "frame_061": {
    "R_w2c": [
      [
        0.8699414240607701,
        0.04149100900315066,
        0.4913993026076851
      ],
      [
        0.038613136194884524,
        0.9876633374873867,
        -0.1517489778243813
      ],
      [
        -0.4916349578837358,
        0.15098971415427492,
        0.8576067413971521
      ]
    ],
    "t_w2c": [
      -29.6167998025172,
      -0.5427548491990052,
      2.4706834867921463
    ]
  },
  "frame_063": {
    "R_w2c": [
      [
        0.8542831502695879,
        0.04764951988764055,
        0.5176126385973079
      ],
      [
        0.03262427333058733,
        0.988910600819411,
        -0.14487837708345028
      ],
      [
        -0.5187772609946972,
        0.14065629066936444,
        0.8432542016653694
      ]
    ],
    "t_w2c": [
      -30.516687587015753,
      -0.47548423969761033,
      3.5339054436959856
    ]
  },
  "frame_065": {
    "R_w2c": [
      [
        0.8321001105284127,
        0.060388383051538694,
        0.5513223002486393
      ],
      [
        0.020733576189472767,
        0.9899716607119742,
        -0.13972684176704459
      ],
      [
        -0.5542326802474452,
        0.1276998275105596,
        0.822502432241889
      ]
    ],
    "t_w2c": [
      -31.33417396978042,
      -0.1987050079607475,
      4.954647006557352
    ]
  },
  "frame_067": {
    "R_w2c": [
      [
        0.826619068666637,
        0.055736517084143025,
        0.5599899628992537
      ],
      [
        0.03238511222996691,
        0.9887212823112673,
        -0.14621262343873784
      ],
      [
        -0.5618254607576378,
        0.13899964588847524,
        0.8154895553175737
      ]
    ],
    "t_w2c": [
      -32.27006360753617,
      -0.4281719327194926,
      5.412195406567663
    ]
  },
  "frame_069": {
    "R_w2c": [
      [
        0.8283485106248664,
        0.05538707819516011,
        0.5574629426196306
      ],
      [
        0.022608249110786047,
        0.9909828751025886,
        -0.13205228383909748
      ],
      [
        -0.5597527814643409,
        0.12199062303450381,
        0.8196265635819343
      ]
    ],
    "t_w2c": [
      -33.28427439345542,
      -0.26723073478414117,
      5.3362423504289165
    ]
  },
  "frame_071": {
    "R_w2c": [
      [
        0.8625090941286636,
        0.04507309203278849,
        0.5040253949448819
      ],
      [
        0.029053233897350733,
        0.989970400101318,
        -0.13824391861870988
      ],
      [
        -0.5052037751586417,
        0.1338829394950406,
        0.8525477709725958
      ]
    ],
    "t_w2c": [
      -34.54818366113874,
      -0.3838873443489559,
      3.32118815772715
    ]
  },
  "frame_073": {
    "R_w2c": [
      [
        0.7850016691526417,
        0.06454255055821533,
        0.6161169703746966
      ],
      [
        0.005318300747202997,
        0.9938180075310877,
        -0.11088396844147691
      ],
      [
        -0.6194674508620581,
        0.09032336260920376,
        0.7798043613805719
      ]
    ],
    "t_w2c": [
      -34.737688014287606,
      -0.031333734049088346,
      8.274113744359694
    ]
  },
  "frame_075": {
    "R_w2c": [
      [
        0.7730246723078996,
        0.07337674962117804,
        0.6301122664155452
      ],
      [
        -0.03598537052825684,
        0.9967599660894267,
        -0.07192468396114554
      ],
      [
        -0.6333512730314783,
        0.0329265694939032,
        0.7731585990230697
      ]
    ],
    "t_w2c": [
      -35.54088804334128,
      0.7515850021968817,
      9.157648949854755
    ]
  },
  "frame_077": {
    "R_w2c": [
      [
        0.7699019259203004,
        0.06689113631960138,
        0.6346413485959022
      ],
      [
        -0.009533081324434842,
        0.9955856505668493,
        -0.09336854738609948
      ],
      [
        -0.6380878370762466,
        0.06583670979178091,
        0.7671385717232032
      ]
    ],
    "t_w2c": [
      -36.410103479180385,
      0.17497122495935227,
      9.76212797862699
    ]
  },
  "frame_079": {
    "R_w2c": [
      [
        0.7408799161433304,
        0.07733926202679792,
        0.6671637823744484
      ],
      [
        0.008336568754572754,
        0.9922122500708102,
        -0.12427587616547849
      ],
      [
        -0.6715821857138844,
        0.09763796620194001,
        0.7344641844713513
      ]
    ],
    "t_w2c": [
      -36.90005366616652,
      0.0508484011897392,
      11.652736988956844
    ]
  },
  "frame_081": {
    "R_w2c": [
      [
        0.7462434780700693,
        0.07114140304858593,
        0.6618541395151062
      ],
      [
        -0.0032215986543355796,
        0.9946469393877021,
        -0.1032798169107717
      ],
      [
        -0.6656608959342736,
        0.07494175131860419,
        0.7424775943326011
      ]
    ],
    "t_w2c": [
      -37.986350275931564,
      0.08056988008107793,
      11.243824141093665
    ]
  },
  "frame_083": {
    "R_w2c": [
      [
        0.7559188305508359,
        0.061526666695329156,
        0.6517610723682926
      ],
      [
        -0.03198129062337495,
        0.9978553984587124,
        -0.057106045290759785
      ],
      [
        -0.6538792198054989,
        0.022325003394382113,
        0.7562647614228157
      ]
    ],
    "t_w2c": [
      -39.126226580909766,
      0.302906813805919,
      10.485899940565366
    ]
  },
  "frame_085": {
    "R_w2c": [
      [
        0.7916840849517809,
        0.008963847729349385,
        0.6108573242225801
      ],
      [
        -0.011499538487856733,
        0.9999331466175739,
        0.00022953195747781854
      ],
      [
        -0.6108170025764925,
        -0.007204581522775353,
        0.7917345896509731
      ]
    ],
    "t_w2c": [
      -38.86478175167612,
      -1.6364966142895652,
      8.98771894581888
    ]
  },
  "frame_087": {
    "R_w2c": [
      [
        0.7672641097329889,
        0.09013286921819721,
        0.6349582884545684
      ],
      [
        0.008864152910851505,
        0.9884891005166536,
        -0.15102685713824976
      ],
      [
        -0.6412649759941427,
        0.12150853864467456,
        0.7576329518481986
      ]
    ],
    "t_w2c": [
      -37.773007780614044,
      0.28590785326721174,
      11.015757288344545
    ]
  },
  "frame_089": {
    "R_w2c": [
      [
        0.7402895552675732,
        0.10059812469065968,
        0.6647118325623322
      ],
      [
        0.005758280302055585,
        0.987755310932233,
        -0.1558992688254385
      ],
      [
        -0.6722594400655275,
        0.11924023157215728,
        0.7306450311298758
      ]
    ],
    "t_w2c": [
      -36.44692951295851,
      0.46418261100502645,
      13.10405511445726
    ]
  },
  "frame_091": {
    "R_w2c": [
      [
        0.7189759070790803,
        0.10469104452455974,
        0.6870981434815236
      ],
      [
        0.006135830710729114,
        0.9875948250533667,
        -0.15689570862352303
      ],
      [
        -0.6950040791030733,
        0.11702223772583233,
        0.7094148472106816
      ]
    ],
    "t_w2c": [
      -35.46823925068486,
      0.48263052912413856,
      15.067776256015978
    ]
  },
  "frame_093": {
    "R_w2c": [
      [
        0.7524383831645899,
        0.06661891509615586,
        0.6552776504505313
      ],
      [
        0.011038776727542575,
        0.993455698741433,
        -0.11367491444221128
      ],
      [
        -0.6585662044024453,
        0.0927681614456647,
        0.7467788396475186
      ]
    ],
    "t_w2c": [
      -35.50595755668006,
      -0.18019300610079142,
      14.010012663958229
    ]
  },
  "frame_095": {
    "R_w2c": [
      [
        0.779197310251039,
        0.04591015700335225,
        0.6250878180526371
      ],
      [
        0.019707521522215197,
        0.9950254058846378,
        -0.09764575727600973
      ],
      [
        -0.6264646432891786,
        0.08840588503474178,
        0.7744156144057118
      ]
    ],
    "t_w2c": [
      -35.50169379228114,
      -0.5896377606130863,
      13.333331452393674
    ]
  },
  "frame_097": {
    "R_w2c": [
      [
        0.8077726233297294,
        0.05264816838569696,
        0.5871315682409648
      ],
      [
        0.017191234805098588,
        0.9934758721487911,
        -0.11273490420800752
      ],
      [
        -0.5892391486243476,
        0.10115975925716973,
        0.801595878877497
      ]
    ],
    "t_w2c": [
      -35.368728573695016,
      -0.2926828118161417,
      12.350150101433584
    ]
  },
  "frame_099": {
    "R_w2c": [
      [
        0.825655645660873,
        0.0394580595996191,
        0.5627862772061808
      ],
      [
        0.02844245019900666,
        0.9933713771967707,
        -0.11137232182122511
      ],
      [
        -0.563453447745155,
        0.10796447470421233,
        0.8190579174529943
      ]
    ],
    "t_w2c": [
      -35.025723150012986,
      -0.5351953189832757,
      11.913875396164247
    ]
  },
  "frame_101": {
    "R_w2c": [
      [
        0.819289247751059,
        0.03936801653556535,
        0.5720206185751063
      ],
      [
        0.04515336610015601,
        0.9901116610351434,
        -0.13281162556633608
      ],
      [
        -0.5715964806618236,
        0.13464208575363482,
        0.8094073901835622
      ]
    ],
    "t_w2c": [
      -33.89374076390228,
      -0.8721217060873034,
      12.355593099868608
    ]
  },
  "frame_103": {
    "R_w2c": [
      [
        0.8168371767627016,
        0.05104649344233902,
        0.574597781263
      ],
      [
        0.04301498333835626,
        0.987914205777832,
        -0.14891138906069998
      ],
      [
        -0.575258703962531,
        0.14635489434852567,
        0.8047665915903041
      ]
    ],
    "t_w2c": [
      -32.8539334126876,
      -0.6445690615615537,
      12.34437914773042
    ]
  },
  "frame_105": {
    "R_w2c": [
      [
        0.8180900412570222,
        0.05514558363612474,
        0.5724317193549178
      ],
      [
        0.043759090097998866,
        0.9865365871409795,
        -0.15757382652801222
      ],
      [
        -0.573417941063834,
        0.1539608626680573,
        0.8046606656040944
      ]
    ],
    "t_w2c": [
      -31.89589358872068,
      -0.5332308250492076,
      12.108110199080587
    ]
  },
  "frame_107": {
    "R_w2c": [
      [
        0.832607712681312,
        0.04319930236447149,
        0.5521674975572672
      ],
      [
        0.04360482927030247,
        0.9887459844407613,
        -0.1431053174612467
      ],
      [
        -0.5521391569777191,
        0.1432293928996029,
        0.8213518430463757
      ]
    ],
    "t_w2c": [
      -31.219712382435088,
      -0.636583599195749,
      11.071245863430233
    ]
  },
  "frame_109": {
    "R_w2c": [
      [
        0.8540912992906176,
        0.02581520739114456,
        0.5194740672757578
      ],
      [
        0.04094662196663464,
        0.9923303636132129,
        -0.1166347503400473
      ],
      [
        -0.5185046083869189,
        0.120888460915305,
        0.8464806949580397
      ]
    ],
    "t_w2c": [
      -30.665337668593285,
      -0.7463920620882307,
      9.573704663332068
    ]
  },
  "frame_111": {
    "R_w2c": [
      [
        0.8703370407449309,
        0.013567140028946772,
        0.4922619210767943
      ],
      [
        0.04863564079079771,
        0.9923651620338132,
        -0.11333927431582708
      ],
      [
        -0.4900447893633283,
        0.12258632186867559,
        0.8630293835389663
      ]
    ],
    "t_w2c": [
      -29.968779576494654,
      -0.9676642686188238,
      8.409497886076458
    ]
  },
  "frame_113": {
    "R_w2c": [
      [
        0.8696462756339536,
        0.01841804742033915,
        0.493323101983672
      ],
      [
        0.055738519345429824,
        0.9892502925005343,
        -0.13519044996403654
      ],
      [
        -0.4905134036220688,
        0.14506653679348513,
        0.859268954507201
      ]
    ],
    "t_w2c": [
      -28.967476927796284,
      -0.983882284576619,
      8.306695093929314
    ]
  },
  "frame_115": {
    "R_w2c": [
      [
        0.8649615445534172,
        0.029893011335712826,
        0.5009381382538262
      ],
      [
        0.055195092113031426,
        0.9865009872139109,
        -0.15417116058056313
      ],
      [
        -0.49878878738436794,
        0.16100284636380807,
        0.8516334647170664
      ]
    ],
    "t_w2c": [
      -27.89025062269397,
      -0.8517696897767821,
      8.520119155759275
    ]
  },
  "frame_117": {
    "R_w2c": [
      [
        0.8694486237271059,
        0.03824615063478549,
        0.4925322999097438
      ],
      [
        0.04524335636671202,
        0.9866443229708042,
        -0.15647951521266001
      ],
      [
        -0.49194296191869513,
        0.15833616877871318,
        0.856103606928529
      ]
    ],
    "t_w2c": [
      -26.98382829116604,
      -0.5162227033899702,
      8.107287741426346
    ]
  },
  "frame_119": {
    "R_w2c": [
      [
        0.8835258583673823,
        0.035745738545441226,
        0.4670077638895363
      ],
      [
        0.03534811137020667,
        0.989150720028268,
        -0.1425850356170496
      ],
      [
        -0.46704184970759444,
        0.1424859080850269,
        0.8726745400206355
      ]
    ],
    "t_w2c": [
      -26.254168582942953,
      -0.27875332663287916,
      7.034075851470257
    ]
  },
  "frame_121": {
    "R_w2c": [
      [
        0.8993054681541068,
        0.03471579158248483,
        0.435931805209537
      ],
      [
        0.023149873278353893,
        0.9916672195736397,
        -0.1267278230367343
      ],
      [
        -0.43670249628487895,
        0.12405933599029143,
        0.8910056721908549
      ]
    ],
    "t_w2c": [
      -25.49546309836419,
      -0.03667915337975455,
      5.965856453277009
    ]
  },
  "frame_123": {
    "R_w2c": [
      [
        0.9095462664885845,
        0.045126731844283154,
        0.4131371507035509
      ],
      [
        0.007473767912641499,
        0.9921504006251219,
        -0.12482408361750055
      ],
      [
        -0.41553046828296325,
        0.11662099904681311,
        0.9020668419429535
      ]
    ],
    "t_w2c": [
      -24.626917862215866,
      0.33820789335080925,
      5.353496169778063
    ]
  },
  "frame_125": {
    "R_w2c": [
      [
        0.9219738711966061,
        0.04842224041602222,
        0.38420472381954357
      ],
      [
        0.0019774080355786784,
        0.9915495498978234,
        -0.12971261651600685
      ],
      [
        -0.3872420685640453,
        0.12035194282988822,
        0.9140842032940575
      ]
    ],
    "t_w2c": [
      -23.77777084778105,
      0.4884097022965306,
      4.573474640496085
    ]
  },
  "frame_127": {
    "R_w2c": [
      [
        0.9311182182967112,
        0.04415026899904016,
        0.36202671913757933
      ],
      [
        0.0035804366833748743,
        0.9914914970883002,
        -0.13012422972222723
      ],
      [
        -0.36469482055879754,
        0.12245816950439266,
        0.9230348704324346
      ]
    ],
    "t_w2c": [
      -22.88299049094847,
      0.47159708565551783,
      3.9754112756693045
    ]
  },
  "frame_129": {
    "R_w2c": [
      [
        0.9395503293340918,
        0.03713205603473831,
        0.3403837442929903
      ],
      [
        0.005019201685696039,
        0.9925017524681948,
        -0.12212570167514858
      ],
      [
        -0.3423701565276539,
        0.11645286141370202,
        0.932316191523937
      ]
    ],
    "t_w2c": [
      -21.973584334125274,
      0.4154279569791603,
      3.4034410735178344
    ]
  },
  "frame_131": {
    "R_w2c": [
      [
        0.9589184339490011,
        0.03309196747989746,
        0.28173523387994037
      ],
      [
        0.0012123564816279503,
        0.992685350483239,
        -0.12072460769073391
      ],
      [
        -0.2836732065049405,
        0.11610758148002659,
        0.9518610855930587
      ]
    ],
    "t_w2c": [
      -21.141265592926267,
      0.4964625251240637,
      2.0794097223725094
    ]
  },
  "frame_133": {
    "R_w2c": [
      [
        0.9483916914125746,
        0.029542703320643435,
        0.31571248128360013
      ],
      [
        0.013564451220610702,
        0.9909593258802034,
        -0.1334759755544302
      ],
      [
        -0.3168059382534742,
        0.13087107533810197,
        0.9394140596817054
      ]
    ],
    "t_w2c": [
      -20.069420346009174,
      0.2585610971502235,
      2.962202763217273
    ]
  },
  "frame_135": {
    "R_w2c": [
      [
        0.9645450800870262,
        -0.0032686501056185513,
        0.26388654303949016
      ],
      [
        0.031190507032343943,
        0.9943272075940863,
        -0.10169132682067195
      ],
      [
        -0.2620616200831633,
        0.10631778479937944,
        0.9591724687926106
      ]
    ],
    "t_w2c": [
      -19.21865617178182,
      -0.1951545327466238,
      1.9439569752178958
    ]
  },
  "frame_137": {
    "R_w2c": [
      [
        0.9642138262477071,
        -0.0009694089388710911,
        0.26511440459127783
      ],
      [
        0.032615808246304036,
        0.9928304069982322,
        -0.1149946947608086
      ],
      [
        -0.2631069830320698,
        0.11952785197153534,
        0.9573288080337778
      ]
    ],
    "t_w2c": [
      -18.22758576462858,
      -0.17134817054003332,
      2.1216817694877137
    ]
  },
  "frame_139": {
    "R_w2c": [
      [
        0.9694026324771289,
        0.006512659669765202,
        0.24538042722863135
      ],
      [
        0.02396319836860321,
        0.9923616714996426,
        -0.12100876889034101
      ],
      [
        -0.24429895530852166,
        0.1231881923893877,
        0.9618381371257918
      ]
    ],
    "t_w2c": [
      -17.28120931661234,
      -0.013739325031062925,
      1.9409864477759595
    ]
  },
  "frame_141": {
    "R_w2c": [
      [
        0.9753909444334384,
        -0.007165713726180475,
        0.22035460150662958
      ],
      [
        0.03229876719816861,
        0.9933314966157127,
        -0.11066944088618694
      ],
      [
        -0.21809693123376694,
        0.11506476060582649,
        0.9691144903930788
      ]
    ],
    "t_w2c": [
      -16.3595658128965,
      -0.20286743961038264,
      1.7253423161114447
    ]
  },
  "frame_143": {
    "R_w2c": [
      [
        0.9833200224094459,
        -0.016000596754572535,
        0.1811676252295166
      ],
      [
        0.03663204151151451,
        0.9931304251448806,
        -0.11111912678666909
      ],
      [
        -0.1781491059305924,
        0.11590405383372984,
        0.9771473020568312
      ]
    ],
    "t_w2c": [
      -15.434726861481435,
      -0.271388857460396,
      1.253623278892691
    ]
  },
  "frame_145": {
    "R_w2c": [
      [
        0.9928274024070177,
        -0.004414795612784771,
        0.11945603371734351
      ],
      [
        0.018941377018935616,
        0.9925012384237237,
        -0.12074764869659178
      ],
      [
        -0.11803019495378708,
        0.12214558846097655,
        0.9854628013984855
      ]
    ],
    "t_w2c": [
      -14.532232585167446,
      0.0033274690476767835,
      0.6194301227601646
    ]
  },
  "frame_147": {
    "R_w2c": [
      [
        0.9865126861213024,
        -0.014519900666377782,
        0.1630258348231292
      ],
      [
        0.03193981016383761,
        0.9939840665477522,
        -0.10474820402105908
      ],
      [
        -0.16052740718349504,
        0.1085444296871156,
        0.9810389925512165
      ]
    ],
    "t_w2c": [
      -13.509335494240513,
      -0.16622004704186347,
      1.4248466685199583
    ]
  },
  "frame_149": {
    "R_w2c": [
      [
        0.9918543856174495,
        -0.00848545519992385,
        0.12708120573855253
      ],
      [
        0.024843815704956224,
        0.9914996119874174,
        -0.12769952320485753
      ],
      [
        -0.12491995883076129,
        0.12981852875333125,
        0.9836308508397427
      ]
    ],
    "t_w2c": [
      -12.572819778946911,
      -0.023340960222455052,
      1.142985928904742
    ]
  },
  "frame_151": {
    "R_w2c": [
      [
        0.995129361050008,
        -0.02556181568241089,
        0.09518746728390398
      ],
      [
        0.037327521544318835,
        0.9915831399447239,
        -0.12395670107836337
      ],
      [
        -0.09121999440271625,
        0.1269088290608396,
        0.9877049717183728
      ]
    ],
    "t_w2c": [
      -11.672237921842004,
      -0.1637277926492678,
      1.0802216879260977
    ]
  },
  "frame_153": {
    "R_w2c": [
      [
        0.9966002363378844,
        -0.05463310109903267,
        0.061646020861595846
      ],
      [
        0.06053035014722651,
        0.9933164112492221,
        -0.09825646980929285
      ],
      [
        -0.055868624713526334,
        0.10165633067345238,
        0.993243428664419
      ]
    ],
    "t_w2c": [
      -10.74406127226851,
      -0.3753018181469512,
      0.9571453502794979
    ]
  }
}