{
  "K": [
    [
      3183.8330165146126,
      0.0,
      1100.814254448177
    ],
    [
      0.0,
      3183.592270336112,
      1927.6877827756523
    ],
    [
      0.0,
      0.0,
      1.0
    ]
  ],
  "cameras_optimized": [
    {
      "R_w2c": [
        [
          0.9998085657475962,
          -0.017826958723203144,
          0.008064204884283275
        ],
        [
          0.0180150424255054,
          0.999552378781656,
          -0.023885148488968465
        ],
        [
          -0.00763479561885761,
          0.02402585304654225,
          0.9996821836370019
        ]
      ],
      "id": 0,
      "t_w2c": [
        -0.7086433321409332,
        -0.32553088586049767,
        -0.6259825741434281
      ]
    },
    {
      "R_w2c": [
        [
          0.9999454748391994,
          0.002629418189226152,
          0.01010611243724675
        ],
        [
          -0.002691890649267408,
          0.9999773234707784,
          0.006173027535224364
        ],
        [
          -0.01008965179480905,
          -0.00619989549947563,
          0.9999298776526558
        ]
      ],
      "id": 1,
      "t_w2c": [
        -1.7421593013272958,
        -0.35609495783592676,
        -0.9526413872350553
      ]
    },
    {
      "R_w2c": [
        [
          0.9860533647596414,
          -0.15467710546919008,
          0.061430895238979474
        ],
        [
          0.15782516494031631,
          0.9861910385385593,
          -0.05018418892240593
        ],
        [
          -0.05282025329124586,
          0.05917962951819513,
          0.9968489315299173
        ]
      ],
      "id": 2,
      "t_w2c": [
        -3.0355594950923086,
        -0.9435736837652514,
        0.9403035868742146
      ]
    },
    {
      "R_w2c": [
        [
          0.9934391207694017,
          -0.07147255355234695,
          0.08927702623645682
        ],
        [
          0.07500001557837942,
          0.9965043325905202,
          -0.03679827158393208
        ],
        [
          -0.08633487700901037,
          0.04325262092670078,
          0.9953268306414784
        ]
      ],
      "id": 3,
      "t_w2c": [
        -3.0430302386039885,
        -1.521191941073382,
        0.7836304140668924
      ]
    },
    {
      "R_w2c": [
        [
          0.9968673986421432,
          -0.06448727347259947,
          0.04579062223334005
        ],
        [
          0.06607519501478354,
          0.9972333752922322,
          -0.034053836891315144
        ],
        [
          -0.043467897674083704,
          0.0369727840895454,
          0.9983704498373653
        ]
      ],
      "id": 4,
      "t_w2c": [
        -3.650688185735403,
        -1.4928712184284503,
        0.4163925924584437
      ]
    },
    {
      "R_w2c": [
        [
          0.9979225698073331,
          -0.06437254572020647,
          0.002592301415442629
        ],
        [
          0.06440268030588929,
          0.9978256996338488,
          -0.014005995845977736
        ],
        [
          -0.0016850633655736429,
          0.01414385052664419,
          0.9998985508809051
        ]
      ],
      "id": 5,
      "t_w2c": [
        -4.770014322157378,
        -1.5462831542368394,
        0.1867068537280789
      ]
    },
    {
      "R_w2c": [
        [
          0.9980132744390114,
          -0.06212426750699076,
          0.010491874486583562
        ],
        [
          0.06243566681889614,
          0.997517928290378,
          -0.03255411261503018
        ],
        [
          -0.008443432501190644,
          0.033144503707132615,
          0.9994149039921336
        ]
      ],
      "id": 6,
      "t_w2c": [
        -5.265053806270204,
        -2.1844010098359234,
        1.3562394361095278
      ]
    },
    {
      "R_w2c": [
        [
          0.9953468234580118,
          -0.0892954874170709,
          0.03620796816990738
        ],
        [
          0.09093893149581038,
          0.9947649783949355,
          -0.04661275037287332
        ],
        [
          -0.03185611040986642,
          0.04968856695328643,
          0.9982565975457829
        ]
      ],
      "id": 7,
      "t_w2c": [
        -5.656796078297895,
        -2.29073380476663,
        1.205908539285183
      ]
    },
    {
      "R_w2c": [
        [
          0.9948676795002849,
          -0.06483278211169623,
          0.07768533097937932
        ],
        [
          0.06660710703671012,
          0.9975693230121282,
          -0.02046800130263103
        ],
        [
          -0.07616950556435714,
          0.025537348115683145,
          0.9967678015833475
        ]
      ],
      "id": 8,
      "t_w2c": [
        -6.32380161129832,
        -1.7558961050830904,
        -0.3379573905133114
      ]
    },
    {
      "R_w2c": [
        [
          0.9945325934213236,
          -0.07142206049342574,
          0.07618274015503528
        ],
        [
          0.07215431756570413,
          0.9973696157896075,
          -0.0068995620381426944
        ],
        [
          -0.07548956934096067,
          0.012358752953437305,
          0.997070000624907
        ]
      ],
      "id": 9,
      "t_w2c": [
        -7.691042340289696,
        -1.7817194412537765,
        -0.7074616721866095
      ]
    },
    {
      "R_w2c": [
        [
          0.9959720385843644,
          -0.07498232899788164,
          0.049166540412752306
        ],
        [
          0.07578714711986635,
          0.9970154794378059,
          -0.014711971072354758
        ],
        [
          -0.047916664006763886,
          0.01837890365216345,
          0.9986822363549916
        ]
      ],
      "id": 10,
      "t_w2c": [
        -8.959592329384755,
        -1.778969108404639,
        -0.8756665998490286
      ]
    },
    {
      "R_w2c": [
        [
          0.9970170409516639,
          -0.07574964912061252,
          0.014799010443005873
        ],
        [
          0.0763247623315994,
          0.9961466957711986,
          -0.04320059211570963
        ],
        [
          -0.01146955565891606,
          0.04420125747336988,
          0.9989568049374107
        ]
      ],
      "id": 11,
      "t_w2c": [
        -10.056663320528266,
        -1.8228478684517975,
        -0.7275750578000223
      ]
    },
    {
      "R_w2c": [
        [
          0.9971768079283166,
          -0.07449659455826435,
          -0.009416534878320532
        ],
        [
          0.0737984119263432,
          0.99545005518268,
          -0.060274223627924825
        ],
        [
          0.013863914564177467,
          0.05940913259778252,
          0.9981374388514521
        ]
      ],
      "id": 12,
      "t_w2c": [
        -11.021494364499512,
        -1.8772445758637413,
        -0.73120406612912
      ]
    },
    {
      "R_w2c": [
        [
          0.9960007459089506,
          -0.08511398891161297,
          -0.027168419909295187
        ],
        [
          0.0834709007569455,
          0.9948922287284959,
          -0.056763209409530876
        ],
        [
          0.03186099301086071,
          0.05426842643010692,
          0.9980179432340693
        ]
      ],
      "id": 13,
      "t_w2c": [
        -12.60089892374075,
        -1.7678284133436941,
        -0.9174693546601389
      ]
    },
    {
      "R_w2c": [
        [
          0.9893623642456382,
          -0.12422336706547843,
          0.07570117098959936
        ],
        [
          0.12683559069551825,
          0.9914480165530462,
          -0.030717477206790973
        ],
        [
          -0.0712379473819966,
          0.03999231861178051,
          0.9966572978235064
        ]
      ],
      "id": 14,
      "t_w2c": [
        -9.18312332381519,
        -1.2164836823636918,
        -2.1616034526947767
      ]
    },
    {
      "R_w2c": [
        [
          0.9859416372195898,
          -0.10310942933485898,
          0.1314820656173094
        ],
        [
          0.10163453971031217,
          0.9946607987504795,
          0.01789736759780989
        ],
        [
          -0.13262544376788232,
          -0.004282640692129214,
          0.991156975788434
        ]
      ],
      "id": 15,
      "t_w2c": [
        -10.807587841144192,
        -2.50813183337715,
        4.476335694432448
      ]
    },
    {
      "R_w2c": [
        [
          0.9885225844695469,
          -0.10721811389256528,
          0.10643014632597449
        ],
        [
          0.10631296500274873,
          0.9942319081620709,
          0.01415861097466122
        ],
        [
          -0.10733430703168377,
          -0.0026812022915802033,
          0.9942193710083805
        ]
      ],
      "id": 16,
      "t_w2c": [
        -12.592206442720174,
        -2.4568487969285573,
        4.7188329341124
      ]
    },
    {
      "R_w2c": [
        [
          0.9931967093514954,
          -0.10713189168346929,
          0.04564048989310479
        ],
        [
          0.10698047713906506,
          0.9942444692182523,
          0.005754384416579271
        ],
        [
          -0.045994282736653,
          -0.0008325942812650628,
          0.9989413560076005
        ]
      ],
      "id": 17,
      "t_w2c": [
        -15.799332579703048,
        -2.3903893809770955,
        5.220240332484254
      ]
    },
    {
      "R_w2c": [
        [
          0.944637182527632,
          -0.2670965318897839,
          0.19057816254415627
        ],
        [
          0.28387015079570344,
          0.9565585676349709,
          -0.06643375776935517
        ],
        [
          -0.16455494788514202,
          0.11685524950374462,
          0.9794215230379286
        ]
      ],
      "id": 18,
      "t_w2c": [
        -11.831107920923747,
        0.11108950141737928,
        11.341225365986501
      ]
    },
    {
      "R_w2c": [
        [
          0.9446304798183939,
          -0.2656137129470733,
          0.1926722919688788
        ],
        [
          0.280764474695458,
          0.9581634562966652,
          -0.05562464172120252
        ],
        [
          -0.16983688158658183,
          0.10664026684183792,
          0.9796853000534647
        ]
      ],
      "id": 19,
      "t_w2c": [
        -14.403246219428999,
        0.025921046077220542,
        11.166140948883454
      ]
    },
    {
      "R_w2c": [
        [
          0.9696360118626131,
          -0.20948898731366145,
          0.12617594340231064
        ],
        [
          0.21460615653698806,
          0.9762913208125785,
          -0.02827462612401107
        ],
        [
          -0.11726125564562354,
          0.054494229972791,
          0.9916048491330023
        ]
      ],
      "id": 20,
      "t_w2c": [
        -14.985838875609273,
        -2.8269733208057426,
        5.228197682780592
      ]
    },
    {
      "R_w2c": [
        [
          0.9708509564603989,
          -0.21389978236777224,
          0.10814482624216674
        ],
        [
          0.2173486330311396,
          0.9758672567788531,
          -0.0210396973935253
        ],
        [
          -0.10103460822621015,
          0.04393154049126643,
          0.9939124849254286
        ]
      ],
      "id": 21,
      "t_w2c": [
        -17.245698630548716,
        -2.9508441004604498,
        5.674746568470467
      ]
    },
    {
      "R_w2c": [
        [
          0.972951186962218,
          -0.19310064220823112,
          0.12679956532882788
        ],
        [
          0.19516253816923,
          0.9807630604113188,
          -0.003924669153913504
        ],
        [
          -0.12360247361665064,
          0.028565036520063328,
          0.9919205952113569
        ]
      ],
      "id": 22,
      "t_w2c": [
        -17.15726567429566,
        -2.91575766778643,
        5.0136159095632165
      ]
    },
    {
      "R_w2c": [
        [
          0.968917994158142,
          -0.16984202655369682,
          0.17986552369116282
        ],
        [
          0.17470931800578973,
          0.9845534140094226,
          -0.01145552985864829
        ],
        [
          -0.17514158500628785,
          0.04252365198949744,
          0.983624503671478
        ]
      ],
      "id": 23,
      "t_w2c": [
        -20.270725480705888,
        -3.200257970545116,
        3.9096802510733935
      ]
    },
    {
      "R_w2c": [
        [
          0.9619129028086871,
          -0.1876838451190922,
          0.19874189717187882
        ],
        [
          0.18774338599327745,
          0.9820397283703682,
          0.01871878516444305
        ],
        [
          -0.1986856522901044,
          0.01930663573919475,
          0.9798730863690919
        ]
      ],
      "id": 24,
      "t_w2c": [
        -19.549209868874136,
        -0.3489408844245128,
        11.900235960935333
      ]
    },
    {
      "R_w2c": [
        [
          0.9664730682274356,
          -0.11526278649737529,
          0.229443453687193
        ],
        [
          0.11969468827796972,
          0.9927958175979139,
          -0.005444828567493449
        ],
        [
          -0.22716291508317604,
          0.032725442838107105,
          0.9733067632570749
        ]
      ],
      "id": 25,
      "t_w2c": [
        -16.824376171291508,
        -2.141661745850474,
        11.443891754602207
      ]
    },
    {
      "R_w2c": [
        [
          0.9678714587926222,
          -0.12811960119062615,
          0.21635666628370037
        ],
        [
          0.13773907098040428,
          0.9900165645881046,
          -0.029919060256339107
        ],
        [
          -0.21036346541188355,
          0.05875857071034151,
          0.9758558514391258
        ]
      ],
      "id": 26,
      "t_w2c": [
        -19.3815545123961,
        -1.8053974017760257,
        13.686222735195457
      ]
    },
    {
      "R_w2c": [
        [
          0.9135179087160592,
          -0.35166811681575333,
          0.2044861023891337
        ],
        [
          0.3702942031417455,
          0.9269698568407257,
          -0.060075682503855136
        ],
        [
          -0.1684257509250214,
          0.13060023018335737,
          0.9770242301506123
        ]
      ],
      "id": 27,
      "t_w2c": [
        -19.323600757663627,
        0.23152866091101326,
        16.258978325659914
      ]
    },
    {
      "R_w2c": [
        [
          0.9120439473218585,
          -0.341504487267943,
          0.22704740326509432
        ],
        [
          0.3563368001916133,
          0.9339792098451998,
          -0.026587974840863803
        ],
        [
          -0.20297764158341508,
          0.10515474669645428,
          0.9735207015079028
        ]
      ],
      "id": 28,
      "t_w2c": [
        -20.024056416696467,
        -0.46561474633072103,
        15.606679000179225
      ]
    },
    {
      "R_w2c": [
        [
          0.9004206169826582,
          -0.3565268291006611,
          0.24926157474427788
        ],
        [
          0.3724752737917009,
          0.9278604189267232,
          -0.01836337122979407
        ],
        [
          -0.2247329146484036,
          0.1093785313512382,
          0.9682620791671435
        ]
      ],
      "id": 29,
      "t_w2c": [
        -19.785417437712475,
        0.17318416087520705,
        16.204591213597176
      ]
    },
    {
      "R_w2c": [
        [
          0.8998306372249765,
          -0.3580805667807704,
          0.24916486912334782
        ],
        [
          0.3766033094517751,
          0.9259074330281776,
          -0.029417218990608382
        ],
        [
          -0.22016986992152968,
          0.12030682922067705,
          0.9680142019730927
        ]
      ],
      "id": 30,
      "t_w2c": [
        -19.613068815994232,
        0.4522973289141025,
        16.44368392827895
      ]
    },
    {
      "R_w2c": [
        [
          0.8975586741309559,
          -0.3508346058889935,
          0.26702716304337876
        ],
        [
          0.36638925386330257,
          0.9304170420343412,
          -0.009112768270917684
        ],
        [
          -0.24524954871675705,
          0.10601512723560551,
          0.9636459161182833
        ]
      ],
      "id": 31,
      "t_w2c": [
        -20.06879350912787,
        0.028873094844485067,
        15.9879859638274
      ]
    },
    {
      "R_w2c": [
        [
          0.880408881983721,
          -0.36299639672503903,
          0.3051455660644808
        ],
        [
          0.3838986019591164,
          0.9233289211345321,
          -0.0092502329904076
        ],
        [
          -0.27839192505891813,
          0.12528894349135106,
          0.952260792378228
        ]
      ],
      "id": 32,
      "t_w2c": [
        -20.911216680241157,
        0.9346293439840895,
        14.695969947569218
      ]
    },
    {
      "R_w2c": [
        [
          0.8601563119720125,
          -0.365202352415149,
          0.35603140418388274
        ],
        [
          0.38273670845647867,
          0.9235786929853464,
          0.022693828750994405
        ],
        [
          -0.3371108585830577,
          0.11674604770149771,
          0.9341983886581443
        ]
      ],
      "id": 33,
      "t_w2c": [
        -25.046256391606533,
        0.7958651334958424,
        13.675168522596959
      ]
    },
    {
      "R_w2c": [
        [
          0.9028200836576964,
          -0.1789977628165795,
          0.390993219187967
        ],
        [
          0.17663139994728747,
          0.9833660686418324,
          0.0423382049285072
        ],
        [
          -0.39206790878235803,
          0.03083789795959563,
          0.9194192617910841
        ]
      ],
      "id": 34,
      "t_w2c": [
        -27.29990884773222,
        -0.1642624282549891,
        21.218006600841257
      ]
    },
    {
      "R_w2c": [
        [
          0.8994414069752639,
          -0.16191399578540128,
          0.40594213058903195
        ],
        [
          0.1846913028564301,
          0.9826446406314365,
          -0.01728099787365609
        ],
        [
          -0.39609882361293636,
          0.09051722602422121,
          0.9137353849585381
        ]
      ],
      "id": 35,
      "t_w2c": [
        -28.222904858079936,
        1.2269217009525024,
        21.209203330356456
      ]
    },
    {
      "R_w2c": [
        [
          0.8105611153431272,
          -0.3553065401085958,
          0.46556196241721076
        ],
        [
          0.3596911479089006,
          0.929369135571851,
          0.08303787065193766
        ],
        [
          -0.4621828170861428,
          0.10015124763321406,
          0.8811111003657982
        ]
      ],
      "id": 36,
      "t_w2c": [
        -32.37102541924616,
        4.90549448610243,
        24.154806392613086
      ]
    },
    {
      "R_w2c": [
        [
          0.8007146787562749,
          -0.39372900914961356,
          0.4514792028192428
        ],
        [
          0.3879098211678444,
          0.9151007785594465,
          0.11007513670864066
        ],
        [
          -0.4564887445115887,
          0.08699443909790117,
          0.8854659754616634
        ]
      ],
      "id": 37,
      "t_w2c": [
        -32.14089436344977,
        5.1307674230554055,
        24.444284251021124
      ]
    },
    {
      "R_w2c": [
        [
          0.8715767686590908,
          -0.3153721934708074,
          0.37535891613120015
        ],
        [
          0.3454091789251003,
          0.9383530414316759,
          -0.01364070196917333
        ],
        [
          -0.34791728247970927,
          0.14154133396762716,
          0.9267791621150094
        ]
      ],
      "id": 38,
      "t_w2c": [
        -34.46974244988658,
        2.70489698388815,
        23.473668268548
      ]
    },
    {
      "R_w2c": [
        [
          0.8924496703142466,
          -0.19060419493099037,
          0.4089054008333731
        ],
        [
          0.2392374840052943,
          0.9683800087626537,
          -0.0707501581316912
        ],
        [
          -0.382490538710187,
          0.16096645459086123,
          0.9098300875952823
        ]
      ],
      "id": 39,
      "t_w2c": [
        -28.757825085859732,
        5.598249820848752,
        22.552526179530613
      ]
    },
    {
      "R_w2c": [
        [
          0.8894456822724962,
          -0.12638554077898911,
          0.4392187078993972
        ],
        [
          0.18596305252548562,
          0.977935329462298,
          -0.09518526401113833
        ],
        [
          -0.4174974507493633,
          0.16634057373794617,
          0.8933233972903172
        ]
      ],
      "id": 40,
      "t_w2c": [
        -29.25962032034839,
        3.644603312115379,
        21.220363593003785
      ]
    },
    {
      "R_w2c": [
        [
          0.7246052092542015,
          -0.5019380466504765,
          0.47223456888116433
        ],
        [
          0.5590566043466453,
          0.8288072872825029,
          0.023112630395895672
        ],
        [
          -0.40299256054929034,
          0.2472583221493727,
          0.8811698577855483
        ]
      ],
      "id": 41,
      "t_w2c": [
        -24.69779459823663,
        0.08308839320837981,
        37.63374983549755
      ]
    },
    {
      "R_w2c": [
        [
          0.7552037759698447,
          -0.45798618520435413,
          0.4689519281577289
        ],
        [
          0.5118065341708968,
          0.8589754315638005,
          0.014672407769595261
        ],
        [
          -0.4095379449341212,
          0.22893200329299895,
          0.8831018115299
        ]
      ],
      "id": 42,
      "t_w2c": [
        -25.29747288179689,
        -0.9802245243277263,
        36.25509839393975
      ]
    },
    {
      "R_w2c": [
        [
          0.9201239609854359,
          -0.09016581966342002,
          0.3811063124443042
        ],
        [
          0.08594885665688176,
          0.9959029251368021,
          0.028109744633063476
        ],
        [
          -0.38207942951675217,
          0.006891202245244815,
          0.9241037933434579
        ]
      ],
      "id": 43,
      "t_w2c": [
        -35.9508722413509,
        -0.28205986639291514,
        18.360436167322966
      ]
    },
    {
      "R_w2c": [
        [
          0.9399623355347735,
          -0.08108470292349311,
          0.33150577480312876
        ],
        [
          0.06982577219195406,
          0.9965093255934295,
          0.045755060300754546
        ],
        [
          -0.3340586315511263,
          -0.019860386631111147,
          0.9423430350615701
        ]
      ],
      "id": 44,
      "t_w2c": [
        -34.01744588768647,
        -1.2630030951775892,
        18.72623854638635
      ]
    },
    {
      "R_w2c": [
        [
          0.9553390756165759,
          -0.10103143237586239,
          0.27770469976604234
        ],
        [
          0.09036412442436477,
          0.9946030442981072,
          0.050981460257189304
        ],
        [
          -0.2813566697575945,
          -0.023610039072796945,
          0.9593127698711703
        ]
      ],
      "id": 45,
      "t_w2c": [
        -32.89799803468065,
        -0.8514161925457496,
        20.59083625986395
      ]
    },
    {
      "R_w2c": [
        [
          0.9677246944617476,
          -0.0882872232951104,
          0.2360387297283155
        ],
        [
          0.07706777182873328,
          0.9954315337062305,
          0.056361513895707545
        ],
        [
          -0.2399363963100883,
          -0.03635144984867928,
          0.9701077763937507
        ]
      ],
      "id": 46,
      "t_w2c": [
        -32.02109105329768,
        -0.7042031353465095,
        18.289649775038452
      ]
    },
    {
      "R_w2c": [
        [
          0.9715018580799616,
          -0.0793611275507022,
          0.22335163124782306
        ],
        [
          0.07120517796554236,
          0.9964752791047733,
          0.04434907850180883
        ],
        [
          -0.22608397196191907,
          -0.02718141951674595,
          0.9737285083918293
        ]
      ],
      "id": 47,
      "t_w2c": [
        -31.184566298882725,
        -0.6912697980758731,
        18.58150049314082
      ]
    },
    {
      "R_w2c": [
        [
          0.9720145113976002,
          -0.05598068626404442,
          0.22815335280878782
        ],
        [
          0.05232103642697169,
          0.9983865832116198,
          0.0220621760086103
        ],
        [
          -0.229020302112481,
          -0.009507535350132882,
          0.97337521439159
        ]
      ],
      "id": 48,
      "t_w2c": [
        -31.013433674333445,
        -0.8460412750698132,
        18.420942557151214
      ]
    },
    {
      "R_w2c": [
        [
          0.9658587206049883,
          -0.047916898927223846,
          0.25459949455663344
        ],
        [
          0.04310542856149186,
          0.9987713707687755,
          0.024447309896820868
        ],
        [
          -0.2554581254527347,
          -0.012638027134774162,
          0.9667375168112157
        ]
      ],
      "id": 49,
      "t_w2c": [
        -28.97697144956996,
        -1.0101738566572411,
        17.14305859141295
      ]
    },
    {
      "R_w2c": [
        [
          0.9573733967206237,
          -0.11820953324242933,
          0.2635577460486076
        ],
        [
          0.13044115423709635,
          0.9910218449082401,
          -0.02933953298814197
        ],
        [
          -0.2577232712288694,
          0.06246766495776214,
          0.9641973378421118
        ]
      ],
      "id": 50,
      "t_w2c": [
        -24.734987728188546,
        -1.0194870898938069,
        8.269842704110243
      ]
    },
    {
      "R_w2c": [
        [
          0.9710954698634442,
          -0.1224705383622664,
          0.20487692804206403
        ],
        [
          0.12918648575911973,
          0.991425001822235,
          -0.01968038767377256
        ],
        [
          -0.2007098410838522,
          0.04557886566203523,
          0.978589866438978
        ]
      ],
      "id": 51,
      "t_w2c": [
        -24.30466105267536,
        -1.0322328900122497,
        9.12083028069272
      ]
    },
    {
      "R_w2c": [
        [
          0.9760492982435405,
          -0.12488725921846032,
          0.17813180480529925
        ],
        [
          0.13156626766299556,
          0.9909626441364565,
          -0.0261410623217894
        ],
        [
          -0.17325727866823123,
          0.04895110224482969,
          0.9836593439689856
        ]
      ],
      "id": 52,
      "t_w2c": [
        -23.993270419042588,
        -0.9454640250497433,
        9.852497114988351
      ]
    },
    {
      "R_w2c": [
        [
          0.9764134698147271,
          -0.1142579022626859,
          0.1831989839898016
        ],
        [
          0.12396407094359749,
          0.9913805450169049,
          -0.042397217798760524
        ],
        [
          -0.17677569142689215,
          0.06410730638948517,
          0.9821611925687295
        ]
      ],
      "id": 53,
      "t_w2c": [
        -23.541962444555953,
        -0.8553668972255074,
        9.374245687203098
      ]
    },
    {
      "R_w2c": [
        [
          0.9694841940873744,
          -0.11867565015509725,
          0.2145145390760706
        ],
        [
          0.1287645936312274,
          0.9911046100584046,
          -0.033635269405235056
        ],
        [
          -0.20861466113803923,
          0.06023073950436634,
          0.9761414760048966
        ]
      ],
      "id": 54,
      "t_w2c": [
        -22.56339265336333,
        0.11908919429115895,
        8.059863758510586
      ]
    },
    {
      "R_w2c": [
        [
          0.972289445324306,
          -0.12019113534948074,
          0.200517643848007
        ],
        [
          0.13141052387912514,
          0.9903703663538135,
          -0.043563880245303666
        ],
        [
          -0.1933507401712423,
          0.06870682958495523,
          0.9787210342296812
        ]
      ],
      "id": 55,
      "t_w2c": [
        -21.989063422219523,
        0.2593594898103755,
        8.369540876110655
      ]
    },
    {
      "R_w2c": [
        [
          0.9682267331549265,
          -0.12831927805471877,
          0.21464192527009898
        ],
        [
          0.13977723305532214,
          0.9894138763491771,
          -0.039019308131918284
        ],
        [
          -0.20736276985885663,
          0.06778159165445433,
          0.9759130788698611
        ]
      ],
      "id": 56,
      "t_w2c": [
        -21.354751100840673,
        0.3975471396684764,
        8.027307531968091
      ]
    },
    {
      "R_w2c": [
        [
          0.9731413614525235,
          -0.12164741076077841,
          0.19544256978848681
        ],
        [
          0.13204211349827635,
          0.9903950785227148,
          -0.04101790707598159
        ],
        [
          -0.18857563706173017,
          0.06572287191826001,
          0.9798569963079197
        ]
      ],
      "id": 57,
      "t_w2c": [
        -21.091774987580425,
        0.24258724152977448,
        8.434897509562438
      ]
    },
    {
      "R_w2c": [
        [
          0.9905699423498033,
          -0.09236771188668891,
          0.10118989630355865
        ],
        [
          0.09860025811672044,
          0.9934109285850594,
          -0.05841845656199922
        ],
        [
          -0.0951271696857603,
          0.06784491704311908,
          0.9931504864918452
        ]
      ],
      "id": 58,
      "t_w2c": [
        -20.58705120657974,
        -0.30039829360613807,
        10.454885105180407
      ]
    },
    {
      "R_w2c": [
        [
          0.9872137862443081,
          -0.09043779443483642,
          0.13126288731754987
        ],
        [
          0.09872641022599808,
          0.9934192799152686,
          -0.05806229599763696
        ],
        [
          -0.12514805700875048,
          0.07027901273062634,
          0.9896458074465545
        ]
      ],
      "id": 59,
      "t_w2c": [
        -19.699413399408126,
        -0.24664287102373675,
        9.524446962300507
      ]
    },
    {
      "R_w2c": [
        [
          0.9943952182902167,
          -0.08615340676210793,
          0.061284095366050076
        ],
        [
          0.0891050482703055,
          0.9949042969635109,
          -0.047177645726431676
        ],
        [
          -0.05690729491285691,
          0.05237394759634743,
          0.9970047790250939
        ]
      ],
      "id": 60,
      "t_w2c": [
        -18.67876284373438,
        -0.5462877315809859,
        10.90742633898118
      ]
    },
    {
      "R_w2c": [
        [
          0.9907264137931034,
          -0.05895766771477608,
          0.12241391436552587
        ],
        [
          0.067601349923425,
          0.9954129776132028,
          -0.0676983122961577
        ],
        [
          -0.11786106439866773,
          0.075345852021538,
          0.9901675474796988
        ]
      ],
      "id": 61,
      "t_w2c": [
        -16.753606587408175,
        -0.7182303212748357,
        10.14894519655849
      ]
    },
    {
      "R_w2c": [
        [
          0.9909255558357878,
          -0.06253655895992133,
          0.1189778197185814
        ],
        [
          0.06943887621814882,
          0.9960811735891223,
          -0.05477716760546704
        ],
        [
          -0.11508599072474279,
          0.06254178135270136,
          0.9913847589730918
        ]
      ],
      "id": 62,
      "t_w2c": [
        -15.38291038845457,
        -0.8076374235056399,
        10.387229570509684
      ]
    },
    {
      "R_w2c": [
        [
          0.995008083910929,
          -0.08279134807601088,
          0.05571809073952933
        ],
        [
          0.08431049096599916,
          0.9961135477541502,
          -0.025486096086151756
        ],
        [
          -0.05339151678847296,
          0.030056491218989522,
          0.9981212117126
        ]
      ],
      "id": 63,
      "t_w2c": [
        -15.494538952583557,
        -1.085122173392946,
        4.8871896291317025
      ]
    },
    {
      "R_w2c": [
        [
          0.994732745933932,
          -0.0691918315934532,
          0.07562575359943642
        ],
        [
          0.071813369257697,
          0.996888127509231,
          -0.03251001733307774
        ],
        [
          -0.07314098825280609,
          0.03776971898072012,
          0.9966061630180301
        ]
      ],
      "id": 64,
      "t_w2c": [
        -14.236450373346422,
        -1.2543355929421411,
        4.925687902811642
      ]
    },
    {
      "R_w2c": [
        [
          0.9932787064182744,
          -0.06208306208890017,
          0.09768881603185323
        ],
        [
          0.06530522548930758,
          0.9974101513019025,
          -0.030136648846659
        ],
        [
          -0.09556484133733592,
          0.03631368174093488,
          0.9947606132223913
        ]
      ],
      "id": 65,
      "t_w2c": [
        -13.610889449660522,
        -1.3512446904688098,
        4.813221093044442
      ]
    },
    {
      "R_w2c": [
        [
          0.9973226780367896,
          -0.049247178155030075,
          0.05405729661472803
        ],
        [
          0.05120714283633583,
          0.998057224574721,
          -0.03549091428441892
        ],
        [
          -0.05220444804865824,
          0.03816401338920737,
          0.9979069113328976
        ]
      ],
      "id": 66,
      "t_w2c": [
        -13.72473020287414,
        -0.26225208861229077,
        0.874721544328324
      ]
    },
    {
      "R_w2c": [
        [
          0.9993147744036065,
          -0.03320743462200274,
          0.016347719856128998
        ],
        [
          0.034009472400715106,
          0.9980932839734783,
          -0.051508759197467655
        ],
        [
          -0.014606075643171856,
          0.052029441404488716,
          0.9985387322389867
        ]
      ],
      "id": 67,
      "t_w2c": [
        -12.386577257050554,
        -0.42389753294696786,
        1.6210048964989179
      ]
    },
    {
      "R_w2c": [
        [
          0.9981069112976765,
          -0.04245401140200975,
          0.044500006018991685
        ],
        [
          0.04377193598774997,
          0.9986184585119179,
          -0.02907218497404786
        ],
        [
          -0.04320429654208698,
          0.030965000164039417,
          0.9985862794596891
        ]
      ],
      "id": 68,
      "t_w2c": [
        -11.445274635444006,
        -0.336959255431427,
        1.5070794509620848
      ]
    },
    {
      "R_w2c": [
        [
          0.9986368472964164,
          -0.04512850045465257,
          0.026227193303673936
        ],
        [
          0.045907449085485635,
          0.998498175285722,
          -0.02989816164159765
        ],
        [
          -0.024838545455348235,
          0.031061429422967315,
          0.9992088041354843
        ]
      ],
      "id": 69,
      "t_w2c": [
        -11.64772341708436,
        -0.32188775009189013,
        2.1625072622834054
      ]
    },
    {
      "R_w2c": [
        [
          0.9976610138778477,
          -0.018858073729944465,
          0.06570292568387609
        ],
        [
          0.022329393116081116,
          0.9983709203590684,
          -0.05250622424488635
        ],
        [
          -0.06460572413720378,
          0.05385051937152288,
          0.9964568339733161
        ]
      ],
      "id": 70,
      "t_w2c": [
        -10.482961224647669,
        -0.5001560926141269,
        2.1314066358106687
      ]
    }
  ],
  "notes": {
    "convention": "R_w2c, t_w2c: x_cam = R_w2c * x_world + t_w2c",
    "fix_first_camera": true,
    "huber_delta_px": 3.0,
    "num_cameras": 71,
    "num_observations": 1677,
    "num_points": 825,
    "solver": "Ceres Solver BA (sparse Schur)"
  },
  "points_optimized": [
    {
      "X": [
        1.522190168746117,
        5.730193097877092,
        18.98022246080546
      ],
      "id": 0
    },
    {
      "X": [
        0.9279033777317001,
        -3.0351108757003105,
        27.307570301684386
      ],
      "id": 1
    },
    {
      "X": [
        -1.4751347859339066,
        -6.620201357037965,
        27.129164478035367
      ],
      "id": 2
    },
    {
      "X": [
        0.18941857849870633,
        6.0745442635323315,
        21.294504751098057
      ],
      "id": 3
    },
    {
      "X": [
        0.63116776044213,
        -3.4874298904298637,
        27.074189627294132
      ],
      "id": 4
    },
    {
      "X": [
        -0.1961437437127942,
        5.080881249748273,
        13.839369434638016
      ],
      "id": 5
    },
    {
      "X": [
        0.4997127343761241,
        5.9837088328150365,
        20.845350405418746
      ],
      "id": 6
    },
    {
      "X": [
        0.4124220579613383,
        -0.7997761430554344,
        24.76609284384305
      ],
      "id": 7
    },
    {
      "X": [
        3.6523752995670673,
        -3.065461759499804,
        34.19574830925114
      ],
      "id": 8
    },
    {
      "X": [
        4.844195857696286,
        4.516380393185415,
        13.884465332099992
      ],
      "id": 9
    },
    {
      "X": [
        4.857803783644932,
        -7.448885493324073,
        24.52750476141205
      ],
      "id": 10
    },
    {
      "X": [
        2.398903306881628,
        -8.359641143683966,
        24.263513372786413
      ],
      "id": 11
    },
    {
      "X": [
        2.2143911660162456,
        -7.849157517457653,
        24.090456523599368
      ],
      "id": 12
    },
    {
      "X": [
        4.095044305749191,
        -7.42560256481058,
        24.362371374448912
      ],
      "id": 13
    },
    {
      "X": [
        3.302765726990428,
        -5.271836413228818,
        18.063246246796425
      ],
      "id": 14
    },
    {
      "X": [
        7.874925679714798,
        -7.519522302422932,
        26.629420385280028
      ],
      "id": 15
    },
    {
      "X": [
        3.3995547940460624,
        -4.502685162104329,
        16.055038800963075
      ],
      "id": 16
    },
    {
      "X": [
        4.003303577996152,
        0.06754356900355518,
        8.052431587800864
      ],
      "id": 17
    },
    {
      "X": [
        0.2585629172019095,
        -6.896207361439606,
        25.02896836459528
      ],
      "id": 18
    },
    {
      "X": [
        3.0359468286073494,
        -8.587432531498719,
        25.238314683314304
      ],
      "id": 19
    },
    {
      "X": [
        4.988772747991497,
        -4.1356308241718045,
        24.536368709252674
      ],
      "id": 20
    },
    {
      "X": [
        5.332771692431279,
        -8.341196422029695,
        22.008795657457878
      ],
      "id": 21
    },
    {
      "X": [
        5.069375727140858,
        -4.268280889170263,
        16.608905059782515
      ],
      "id": 22
    },
    {
      "X": [
        2.060298428885561,
        -4.261318575931317,
        14.65843679435249
      ],
      "id": 23
    },
    {
      "X": [
        4.605059879240687,
        -1.9158599552144544,
        7.854087826114577
      ],
      "id": 24
    },
    {
      "X": [
        4.274965389376757,
        -7.855073651836664,
        20.420201392186062
      ],
      "id": 25
    },
    {
      "X": [
        5.154291113952232,
        -0.9168587214344847,
        8.523163102576403
      ],
      "id": 26
    },
    {
      "X": [
        4.602386348085192,
        -1.529137096291088,
        22.74404395988831
      ],
      "id": 27
    },
    {
      "X": [
        3.48239403414829,
        -2.076710606980742,
        15.440702425289194
      ],
      "id": 28
    },
    {
      "X": [
        5.604623155821768,
        -3.756024254994973,
