{
  "K": [
    [
      3183.8330165146126,
      0.0,
      1100.814254448177
    ],
    [
      0.0,
      3183.592270336112,
      1927.6877827756523
    ],
    [
      0.0,
      0.0,
      1.0
    ]
  ],
  "cameras_optimized": [
    {
      "R_w2c": [
        [
          0.9998085657475962,
          -0.017826958723203144,
          0.008064204884283275
        ],
        [
          0.0180150424255054,
          0.999552378781656,
          -0.023885148488968465
        ],
        [
          -0.00763479561885761,
          0.02402585304654225,
          0.9996821836370019
        ]
      ],
      "id": 0,
      "t_w2c": [
        -0.7086433321409332,
        -0.32553088586049767,
        -0.6259825741434281
      ]
    },
    {
      "R_w2c": [
        [
          0.9991377919903199,
          -0.041311430218576715,
          0.004127753626834502
        ],
        [
          0.04147209436343389,
          0.9977387157621862,
          -0.052891591565520396
        ],
        [
          -0.001933392308512054,
          0.053017174599548966,
          0.9985917289822014
        ]
      ],
      "id": 1,
      "t_w2c": [
        -1.656164471935404,
        -0.36059447232694786,
        -0.9227026303322597
      ]
    },
    {
      "R_w2c": [
        [
          0.9989938223780949,
          -0.043889762833411346,
          0.009221256358562595
        ],
        [
          0.04443967687020876,
          0.9964301856476785,
          -0.07177743551983787
        ],
        [
          -0.006038043563511225,
          0.07211500432337195,
          0.9973780467713159
        ]
      ],
      "id": 2,
      "t_w2c": [
        -2.5421333823712535,
        -0.3685356077491771,
        -1.3911972745413528
      ]
    },
    {
      "R_w2c": [
        [
          0.9992563034271611,
          -0.032923216936867034,
          0.02007241509169723
        ],
        [
          0.03465966017023234,
          0.9950269139361596,
          -0.09338173536386192
        ],
        [
          -0.016898166112611537,
          0.09400799077318013,
          0.9954280233411255
        ]
      ],
      "id": 3,
      "t_w2c": [
        -3.5156168267840417,
        -0.38930776251439925,
        -1.6589862052291708
      ]
    },
    {
      "R_w2c": [
        [
          0.9962670773261932,
          -0.03949579725058149,
          0.07675931627799866
        ],
        [
          0.04688514682541715,
          0.9941813730696291,
          -0.09698030959192808
        ],
        [
          -0.07248236780820523,
          0.10021716140925216,
          0.9923219371333015
        ]
      ],
      "id": 4,
      "t_w2c": [
        -4.572418058370889,
        -0.47090755099128606,
        -1.6816419873037576
      ]
    },
    {
      "R_w2c": [
        [
          0.9927504805674049,
          -0.034803832505408444,
          0.11504423747464353
        ],
        [
          0.04864342173744107,
          0.9916091399929863,
          -0.11977116098645606
        ],
        [
          -0.10991042195742924,
          0.12449902298936165,
          0.9861134277657081
        ]
      ],
      "id": 5,
      "t_w2c": [
        -5.5991142076343445,
        -0.4879657178858951,
        -1.7713525431169554
      ]
    },
    {
      "R_w2c": [
        [
          0.9894397886758457,
          -0.026956679987499708,
          0.14241573645194272
        ],
        [
          0.04231521017927914,
          0.9934716620311194,
          -0.10594092565486113
        ],
        [
          -0.1386301827618398,
          0.11084851891287006,
          0.9841210689149186
        ]
      ],
      "id": 6,
      "t_w2c": [
        -6.632458733224513,
        -0.5324798607353066,
        -1.7810269328391901
      ]
    },
    {
      "R_w2c": [
        [
          0.9888293528421304,
          -0.02777785277412275,
          0.14644077933783625
        ],
        [
          0.04190556013099243,
          0.9946624409674365,
          -0.09428972668752823
        ],
        [
          -0.1430399768873075,
          0.09937313230426097,
          0.9847154642779398
        ]
      ],
      "id": 7,
      "t_w2c": [
        -7.547658022946008,
        -0.6208315294300558,
        -2.161124343452102
      ]
    },
    {
      "R_w2c": [
        [
          0.9907162578240226,
          -0.03649551395210143,
          0.1309556182244075
        ],
        [
          0.04972867748790924,
          0.9938193633867448,
          -0.0992478291594771
        ],
        [
          -0.12652412860189277,
          0.10483868760594638,
          0.9864078742906479
        ]
      ],
      "id": 8,
      "t_w2c": [
        -8.464387140287077,
        -0.7053254802180295,
        -2.572518956736872
      ]
    },
    {
      "R_w2c": [
        [
          0.9914340608366226,
          -0.030515287952740666,
          0.12699338649774405
        ],
        [
          0.0451712670346931,
          0.9924327389351799,
          -0.11417887424605894
        ],
        [
          -0.12254819316287176,
          0.11893727712865387,
          0.985310034690471
        ]
      ],
      "id": 9,
      "t_w2c": [
        -9.426872543706658,
        -0.6623939284038938,
        -2.8607084016993083
      ]
    },
    {
      "R_w2c": [
        [
          0.9882281112855784,
          -0.02256095298570559,
          0.1513149148805737
        ],
        [
          0.03941686522961034,
          0.9932225458219452,
          -0.10934022684467302
        ],
        [
          -0.14782256526122534,
          0.11401744546932545,
          0.982419722587164
        ]
      ],
      "id": 10,
      "t_w2c": [
        -10.414691824072728,
        -0.6263338653494387,
        -3.0205025772586027
      ]
    },
    {
      "R_w2c": [
        [
          0.9806425555127221,
          -0.01922835930913127,
          0.19486007419622078
        ],
        [
          0.03596430557192253,
          0.9959239670971431,
          -0.08271650673364986
        ],
        [
          -0.19247531541007304,
          0.08812333379853207,
          0.9773369587803509
        ]
      ],
      "id": 11,
      "t_w2c": [
        -11.498732628776521,
        -0.7315616178038885,
        -2.811875362385336
      ]
    },
    {
      "R_w2c": [
        [
          0.9752929782515147,
          -0.01759186952415194,
          0.22021383403395778
        ],
        [
          0.03340367762399735,
          0.9971064580482547,
          -0.06828547165873718
        ],
        [
          -0.21837536695901016,
          0.07395429294577398,
          0.9730585602420896
        ]
      ],
      "id": 12,
      "t_w2c": [
        -12.508884445265807,
        -0.784478461816449,
        -2.8381764712792217
      ]
    },
    {
      "R_w2c": [
        [
          0.9701486888863269,
          -0.008014675865166755,
          0.24237839512406464
        ],
        [
          0.026795159057244916,
          0.9968768289450517,
          -0.074287329764604
        ],
        [
          -0.24102601706711632,
          0.07856432322138585,
          0.9673335030968006
        ]
      ],
      "id": 13,
      "t_w2c": [
        -13.528461331294805,
        -0.658203565183672,
        -2.856877807868593
      ]
    },
    {
      "R_w2c": [
        [
          0.9604453952773443,
          0.007609781650294221,
          0.27836439052756146
        ],
        [
          0.017231160025523926,
          0.9960868751068428,
          -0.0866834722658226
        ],
        [
          -0.27793475819825175,
          0.08805128314294855,
          0.9565559271271908
        ]
      ],
      "id": 14,
      "t_w2c": [
        -14.620687778275599,
        -0.4982315381912287,
        -2.5072301793189737
      ]
    },
    {
      "R_w2c": [
        [
          0.9493596118712105,
          0.022375796271787686,
          0.31339376364080346
        ],
        [
          0.012198221149729412,
          0.9940838904351995,
          -0.10792785635784935
        ],
        [
          -0.31395466352409324,
          0.10628519425781618,
          0.9434701514796595
        ]
      ],
      "id": 15,
      "t_w2c": [
        -16.698675929299785,
        -0.15487977791054977,
        -1.8227823827693777
      ]
    },
    {
      "R_w2c": [
        [
          0.9414447914413034,
          0.02916322119614468,
          0.33590357425532896
        ],
        [
          0.007701961662742956,
          0.9941322169768436,
          -0.107897242574829
        ],
        [
          -0.33707919611655984,
          0.10416641348424449,
          0.9356959836652304
        ]
      ],
      "id": 16,
      "t_w2c": [
        -17.738345343891773,
        -0.09344439604875521,
        -1.4411010840514074
      ]
    },
    {
      "R_w2c": [
        [
          0.929398992700793,
          0.039298907839352124,
          0.3669783484204286
        ],
        [
          0.0009047791420117128,
          0.9940693615992126,
          -0.10874412951712967
        ],
        [
          -0.36907545805899306,
          0.10139871879056558,
          0.9238515065129116
        ]
      ],
      "id": 17,
      "t_w2c": [
        -18.76236052802587,
        0.057929436321688135,
        -1.0033740295968616
      ]
    },
    {
      "R_w2c": [
        [
          0.9293023077939041,
          0.03596207154123266,
          0.3675648924195389
        ],
        [
          0.0027806841663100615,
          0.9945383591355701,
          -0.10433465389550588
        ],
        [
          -0.36930947527039043,
          0.09798051652441435,
          0.9241267931713255
        ]
      ],
      "id": 18,
      "t_w2c": [
        -19.756707269575415,
        -0.06913791662533127,
        -1.0898638628258663
      ]
    },
    {
      "R_w2c": [
        [
          0.9331841208880829,
          0.030584493283538388,
          0.3580949389378816
        ],
        [
          0.00959590508007645,
          0.9938969606961711,
          -0.10989426793335481
        ],
        [
          -0.3592705319505485,
          0.10598783085573084,
          0.9271953756261228
        ]
      ],
      "id": 19,
      "t_w2c": [
        -20.741828643247008,
        -0.18040222629027847,
        -1.3461348768447179
      ]
    },
    {
      "R_w2c": [
        [
          0.9304595641817239,
          0.030427330229726702,
          0.3651289867948689
        ],
        [
          0.01671815039661834,
          0.9919820889621345,
          -0.12526786749057348
        ],
        [
          -0.36601298183271097,
          0.12266096670665441,
          0.9224905334888356
        ]
      ],
      "id": 20,
      "t_w2c": [
        -21.71914517120018,
        -0.2278347637933357,
        -1.440433132520314
      ]
    },
    {
      "R_w2c": [
        [
          0.9216849218254074,
          0.03537888047430528,
          0.38632271444490207
        ],
        [
          0.019263196123351756,
          0.9904306782945864,
          -0.13666016525688368
        ],
        [
          -0.3874607517604922,
          0.13339942394669585,
          0.91218351198423
        ]
      ],
      "id": 21,
      "t_w2c": [
        -22.74066722028778,
        -0.20678753598666813,
        -0.8250696023202763
      ]
    },
    {
      "R_w2c": [
        [
          0.9093712473088225,
          0.04287013771608173,
          0.41377057152509134
        ],
        [
          0.013779509240877438,
          0.9910252413580608,
          -0.13296276214142785
        ],
        [
          -0.41575721243663,
          0.12661406826810964,
          0.90061913038949
        ]
      ],
      "id": 22,
      "t_w2c": [
        -23.753776266211972,
        -0.1540227368004242,
        -0.06381996327779053
      ]
    },
    {
      "R_w2c": [
        [
          0.9328116300735967,
          0.017057609014583565,
          0.3599604155655801
        ],
        [
          0.02438425756545707,
          0.993602022940953,
          -0.11027433060611834
        ],
        [
          -0.35953841350045057,
          0.11164254557448804,
          0.9264275855323111
        ]
      ],
      "id": 23,
      "t_w2c": [
        -24.69065908925205,
        -0.5839503743490234,
        -1.633822178512007
      ]
    },
    {
      "R_w2c": [
        [
          0.9208638721836839,
          0.011532548369467039,
          0.38971365030619315
        ],
        [
          0.04073420032600315,
          0.991246232860816,
          -0.1255851534340026
        ],
        [
          -0.3877505046169159,
          0.1315215045813681,
          0.9123330751441494
        ]
      ],
      "id": 24,
      "t_w2c": [
        -25.72303030084065,
        -0.8138772067128166,
        -0.8863447161817973
      ]
    },
    {
      "R_w2c": [
        [
          0.8795702238892357,
          0.04582720250673624,
          0.47355684849640445
        ],
        [
          0.020089748489100494,
          0.9908849601281855,
          -0.1332043460154692
        ],
        [
          -0.47534474148041717,
          0.12667621442942928,
          0.870632249256105
        ]
      ],
      "id": 25,
      "t_w2c": [
        -26.696421818029236,
        -0.19199766654014092,
        1.5656891026038318
      ]
    },
    {
      "R_w2c": [
        [
          0.8718641680594416,
          0.06636629028071055,
          0.48523024222362154
        ],
        [
          -0.008382472957972838,
          0.9926528804630946,
          -0.12070622624964286
        ],
        [
          -0.489676022081056,
          0.10117200414490948,
          0.8660147914303633
        ]
      ],
      "id": 26,
      "t_w2c": [
        -27.664034943030224,
        0.34102211840342234,
        2.0573572113783527
      ]
    },
    {
      "R_w2c": [
        [
          0.8694021048746893,
          0.05448805990911548,
          0.4910916730782558
        ],
        [
          0.015915664785782203,
          0.9902970135733363,
          -0.13805258607558935
        ],
        [
          -0.4938488348208249,
          0.12783925936531404,
          0.8600990943554362
        ]
      ],
      "id": 27,
      "t_w2c": [
        -28.61989378065883,
        -0.12803859759480204,
        2.452831888996442
      ]
    },
    {
      "R_w2c": [
        [
          0.8699445699036276,
          0.04149092460334492,
          0.49140100576896656
        ],
        [
          0.03861304518270587,
          0.9876643350854472,
          -0.1517504330864982
        ],
        [
          -0.49163551340084316,
          0.15098895448270708,
          0.8576111342486805
        ]
      ],
      "id": 28,
      "t_w2c": [
        -29.6167998025172,
        -0.5427548491990052,
        2.4706834867921463
      ]
    },
    {
      "R_w2c": [
        [
          0.8542862621958907,
          0.04764963958129284,
          0.5176142328714957
        ],
        [
          0.03262435891562562,
          0.9889112783954404,
          -0.14487972483284275
        ],
        [
          -0.5187780194155478,
          0.1406555911084543,
          0.8432587807199003
        ]
      ],
      "id": 29,
      "t_w2c": [
        -30.516687587015753,
        -0.47548423969761033,
        3.5339054436959856
      ]
    },
    {
      "R_w2c": [
        [
          0.8321028556867592,
          0.060388509710984195,
          0.5513239206245513
        ],
        [
          0.020733609419999813,
          0.9899728067984849,
          -0.13972816194292623
        ],
        [
          -0.5542336646202204,
          0.12769913740670327,
          0.8225071278154523
        ]
      ],
      "id": 30,
      "t_w2c": [
        -31.33417396978042,
        -0.1987050079607475,
        4.954647006557352
      ]
    },
    {
      "R_w2c": [
        [
          0.826621186428845,
          0.05573676295269908,
          0.5599918101209368
        ],
        [
          0.032385305609476514,
          0.9887227558338758,
          -0.14621389837100593
        ],
        [
          -0.5618261351410679,
          0.13899901205339796,
          0.8154941253746896
        ]
      ],
      "id": 31,
      "t_w2c": [
        -32.27006360753617,
        -0.4281719327194926,
        5.412195406567663
      ]
    },
    {
      "R_w2c": [
        [
          0.8283508179724162,
          0.055387070609265315,
          0.5574649717908322
        ],
        [
          0.022608165823378448,
          0.9909847265876639,
          -0.13205355924046713
        ],
        [
          -0.5597533324621942,
          0.12198993433598199,
          0.8196308087902572
        ]
      ],
      "id": 32,
      "t_w2c": [
        -33.28427439345542,
        -0.26723073478414117,
        5.3362423504289165
      ]
    },
    {
      "R_w2c": [
        [
          0.8625108449126884,
          0.04507295095243907,
          0.5040272527358413
        ],
        [
          0.02905306163750354,
          0.9899717597103032,
          -0.138245559008502
        ],
        [
          -0.5052038816334331,
          0.13388182874656596,
          0.8525518716852291
        ]
      ],
      "id": 33,
      "t_w2c": [
        -34.54818366113874,
        -0.3838873443489559,
        3.32118815772715
      ]
    },
    {
      "R_w2c": [
        [
          0.7850040325510371,
          0.06454270766331052,
          0.6161192317775014
        ],
        [
          0.00531833160180057,
          0.9938189599206313,
          -0.1108854825991563
        ],
        [
          -0.6194678233997174,
          0.09032227737254493,
          0.7798086316415416
        ]
      ],
      "id": 34,
      "t_w2c": [
        -34.737688014287606,
        -0.031333734049088346,
        8.274113744359694
      ]
    },
    {
      "R_w2c": [
        [
          0.7730271508171871,
          0.07337694482367885,
          0.6301149482973758
        ],
        [
          -0.03598542374800757,
          0.9967606154999569,
          -0.07192582752963998
        ],
        [
          -0.6333514611786557,
          0.032925664100971044,
          0.7731635190995316
        ]
      ],
      "id": 35,
      "t_w2c": [
        -35.54088804334128,
        0.7515850021968817,
        9.157648949854755
      ]
    },
    {
      "R_w2c": [
        [
          0.7699043592695914,
          0.066891367548957,
          0.634643854870675
        ],
        [
          -0.009533015241594844,
          0.9955858558138266,
          -0.09336983090834991
        ],
        [
          -0.6380880810656813,
          0.06583577029913659,
          0.7671435668445874
        ]
      ],
      "id": 36,
      "t_w2c": [
        -36.410103479180385,
        0.17497122495935227,
        9.76212797862699
      ]
    },
    {
      "R_w2c": [
        [
          0.7408829296392057,
          0.07733950264216949,
          0.6671664604132087
        ],
        [
          0.008336657808047647,
          0.9922124922746973,
          -0.12427739259666311
        ],
        [
          -0.6715824481817695,
          0.09763693719640877,
          0.7344685451325231
        ]
      ],
      "id": 37,
      "t_w2c": [
        -36.90005366616652,
        0.0508484011897392,
        11.652736988956844
      ]
    },
    {
      "R_w2c": [
        [
          0.7462470409366926,
          0.0711418650198077,
          0.6618566226417423
        ],
        [
          -0.0032212988688858912,
          0.9946470105062438,
          -0.10328091655571876
        ],
        [
          -0.6656613081190971,
          0.07494104037505413,
          0.7424815575761307
        ]
      ],
      "id": 38,
      "t_w2c": [
        -37.986350275931564,
        0.08056988008107793,
        11.243824141093665
      ]
    },
    {
      "R_w2c": [
        [
          0.7559223274601369,
          0.061527230777280145,
          0.6517636340884084
        ],
        [
          -0.03198094396049504,
          0.9978557126261891,
          -0.057106882270667646
        ],
        [
          -0.653879693881562,
          0.02232435110276513,
          0.756269111677315
        ]
      ],
      "id": 39,
      "t_w2c": [
        -39.126226580909766,
        0.302906813805919,
        10.485899940565366
      ]
    },
    {
      "R_w2c": [
        [
          0.7916879762980652,
          0.008964456467627111,
          0.6108598748529112
        ],
        [
          -0.011498979480125437,
          0.9999338583825528,
          0.00022875991023363134
        ],
        [
          -0.610817420884498,
          -0.007205371636556608,
          0.7917386948757711
        ]
      ],
      "id": 40,
      "t_w2c": [
        -38.86478175167612,
        -1.6364966142895652,
        8.98771894581888
      ]
    },
    {
      "R_w2c": [
        [
          0.779200675658887,
          0.04591026428213072,
          0.6250908371479132
        ],
        [
          0.019707566100874895,
          0.9950259968898083,
          -0.09764669657404103
        ],
        [
          -0.6264646190257784,
          0.08840539093849482,
          0.7744201495066474
        ]
      ],
      "id": 41,
      "t_w2c": [
        -35.50169379228114,
        -0.5896377606130863,
        13.333331452393674
      ]
    },
    {
      "R_w2c": [
        [
          0.807775696743829,
          0.05264814139717847,
          0.5871342239705025
        ],
        [
          0.017191124836641154,
          0.9934762334524327,
          -0.11273614678539559
        ],
        [
          -0.5892392459577626,
          0.10115901725792883,
          0.8016008759042977
        ]
      ],
      "id": 42,
      "t_w2c": [
        -35.368728573695016,
        -0.2926828118161417,
        12.350150101433584
      ]
    },
    {
      "R_w2c": [
        [
          0.8256582710794063,
          0.03945786984995093,
          0.5627890332132192
        ],
        [
          0.028442236350319883,
          0.9933715017288948,
          -0.11137368964110392
        ],
        [
          -0.5634531556301358,
          0.10796358673082665,
          0.8190631265968803
        ]
      ],
      "id": 43,
      "t_w2c": [
        -35.025723150012986,
        -0.5351953189832757,
        11.913875396164247
      ]
    },
    {
      "R_w2c": [
        [
          0.8192917994159855,
          0.03936782847803767,
          0.5720237071054314
        ],
        [
          0.045153191896722275,
          0.9901120585242983,
          -0.1328130295803625
        ],
        [
          -0.5715961307350271,
          0.13464132220718972,
          0.8094131069380118
        ]
      ],
      "id": 44,
      "t_w2c": [
        -33.89374076390228,
        -0.8721217060873034,
        12.355593099868608
      ]
    },
    {
      "R_w2c": [
        [
          0.8168401319279124,
          0.05104623855523629,
          0.5746011489732272
        ],
        [
          0.04301470883086498,
          0.9879143285841253,
          -0.14891277380524814
        ],
        [
          -0.5752581452671373,
          0.1463542309177941,
          0.8047723314057675
        ]
      ],
      "id": 45,
      "t_w2c": [
        -32.8539334126876,
        -0.6445690615615537,
        12.34437914773042
      ]
    },
    {
      "R_w2c": [
        [
          0.8180936321606769,
          0.05514525437934698,
          0.5724349831531862
        ],
        [
          0.04375872973009478,
          0.9865369846698016,
          -0.15757522473734356
        ],
        [
          -0.5734178080514766,
          0.15396031565975996,
          0.8046665387670767
        ]
      ],
      "id": 46,
      "t_w2c": [
        -31.89589358872068,
        -0.5332308250492076,
        12.108110199080587
      ]
    },
    {
      "R_w2c": [
        [
          0.8326111616286109,
          0.04319933623998521,
          0.5521706899862393
        ],
        [
          0.043604864192009256,
          0.9887462846749009,
          -0.14310625549002434
        ],
        [
          -0.5521388134792296,
          0.14322919356752797,
          0.821357491449213
        ]
      ],
      "id": 47,
      "t_w2c": [
        -31.219712382435088,
        -0.636583599195749,
        11.071245863430233
      ]
    },
    {
      "R_w2c": [
        [
          0.8540942615792069,
          0.025815149338394176,
          0.5194772087417368
        ],
        [
          0.04094660042211105,
          0.9923303723229551,
          -0.11663536375927089
        ],
        [
          -0.5185039712975605,
          0.12088842057873811,
          0.8464866339869973
        ]
      ],
      "id": 48,
      "t_w2c": [
        -30.665337668593285,
        -0.7463920620882307,
        9.573704663332068
      ]
    },
    {
      "R_w2c": [
        [
          0.8703397692976225,
          0.01356722821976682,
          0.4922647827108841
        ],
        [
          0.04863580741610529,
          0.9923651486151359,
          -0.11334006375083189
        ],
        [
          -0.4900441247642346,
          0.12258606010673434,
          0.8630350014058313
        ]
      ],
      "id": 49,
      "t_w2c": [
        -29.968779576494654,
        -0.9676642686188238,
        8.409497886076458
      ]
    },
    {
      "R_w2c": [
        [
          0.8696495033740629,
          0.01841818159904307,
          0.49332596918045013
        ],
        [
          0.055738744288940614,
          0.9892504798167712,
          -0.13519127400605496
        ],
        [
          -0.4905129291530834,
          0.1450663943471155,
          0.8592745821707921
        ]
      ],
      "id": 50,
      "t_w2c": [
        -28.967476927796284,
        -0.983882284576619,
        8.306695093929314
      ]
    },
    {
      "R_w2c": [
        [
          0.8649648156370257,
          0.029892883422556762,
          0.5009413970023757
        ],
        [
          0.05519502441469008,
          0.9865011482332973,
          -0.15417196182914705
        ],
        [
          -0.49878790782242116,
          0.1610027951778218,
          0.8516388453769945
        ]
      ],
      "id": 51,
      "t_w2c": [
        -27.89025062269397,
        -0.8517696897767821,
        8.520119155759275
      ]
    },
    {
      "R_w2c": [
        [
          0.8694515931942036,
          0.038246074433145184,
          0.4925354453057315
        ],
        [
          0.04524329597246173,
          0.9866442821183947,
          -0.15648036532621518
        ],
        [
          -0.4919420405511295,
          0.15833602986538425,
          0.8561090645384261
        ]
      ],
      "id": 52,
      "t_w2c": [
        -26.98382829116604,
        -0.5162227033899702,
        8.107287741426346
      ]
    },
    {
      "R_w2c": [
        [
          0.883528825389756,
          0.03574568561247186,
          0.46701077146623987
        ],
        [
          0.03534805750319792,
          0.98915111168796,
          -0.1425853887227707
        ],
        [
          -0.4670410362442992,
          0.1424862246203728,
          0.8726799792921136
        ]
      ],
      "id": 53,
      "t_w2c": [
        -26.254168582942953,
        -0.27875332663287916,
        7.034075851470257
      ]
    },
    {
      "R_w2c": [
        [
          0.8993085019769607,
          0.03471571020180756,
          0.4359346714097641
        ],
        [
          0.02314976549720317,
          0.9916673090815021,
          -0.12672819913688116
        ],
        [
          -0.4367016219678826,
          0.12405953233926291,
          0.8910111816393685
        ]
      ],
      "id": 54,
      "t_w2c": [
        -25.49546309836419,
        -0.03667915337975455,
        5.965856453277009
      ]
    },
    {
      "R_w2c": [
        [
          0.9095488860927816,
          0.04512655054677353,
          0.4131397078993131
        ],
        [
          0.007473503199628733,
          0.9921507204928378,
          -0.12482425475630911
        ],
        [
          -0.41552974689822797,
          0.11662136279984174,
          0.9020723292405118
        ]
      ],
      "id": 55,
      "t_w2c": [
        -24.626917862215866,
        0.33820789335080925,
        5.353496169778063
      ]
    },
    {
      "R_w2c": [
        [
          0.9219762660438012,
          0.0484225238178136,
          0.3842070067542275
        ],
        [
          0.001977597969198379,
          0.9915496123390378,
          -0.12971297304655374
        ],
        [
          -0.3872413381319225,
          0.12035208954321079,
          0.9140894488967592
        ]
      ],
      "id": 56,
      "t_w2c": [
        -23.77777084778105,
        0.4884097022965306,
        4.573474640496085
      ]
    },
    {
      "R_w2c": [
        [
          0.9311206401119207,
          0.04415057586665357,
          0.3620291151388376
        ],
        [
          0.0035806694748153345,
          0.9914911664707796,
          -0.13012473099501418
        ],
        [
          -0.3646937514733136,
          0.12245812942004113,
          0.9230398009702862
        ]
      ],
      "id": 57,
      "t_w2c": [
        -22.88299049094847,
        0.47159708565551783,
        3.9754112756693045
      ]
    },
    {
      "R_w2c": [
        [
          0.9395522230148546,
          0.03713243959973988,
          0.34038625435997943
        ],
        [
          0.005019528979205462,
          0.9925018704703021,
          -0.12212633394063074
        ],
        [
          -0.3423688428532478,
          0.11645264721045723,
          0.9323209513901342
        ]
      ],
      "id": 58,
      "t_w2c": [
        -21.973584334125274,
        0.4154279569791603,
        3.4034410735178344
      ]
    },
    {
      "R_w2c": [
        [
          0.9589206486861241,
          0.033092182018500726,
          0.28173763861549866
        ],
        [
          0.0012125118324257875,
          0.9926852292323461,
          -0.1207251650608965
        ],
        [
          -0.28367185150881485,
          0.11610746381339529,
          0.951866239294357
        ]
      ],
      "id": 59,
      "t_w2c": [
        -21.141265592926267,
        0.4964625251240637,
        2.0794097223725094
      ]
    },
    {
      "R_w2c": [
        [
          0.9483939399587531,
          0.029542994706929226,
          0.3157152928086624
        ],
        [
          0.013564714217230994,
          0.9909591337607416,
          -0.13347656627425422
        ],
        [
          -0.3168042505676304,
          0.13087095430196452,
          0.9394188949251422
        ]
      ],
      "id": 60,
      "t_w2c": [
        -20.069420346009174,
        0.2585610971502235,
        2.962202763217273
      ]
    },
    {
      "R_w2c": [
        [
          0.9645474451376167,
          -0.003268282586193067,
          0.26388926542668056
        ],
        [
          0.03119093527652887,
          0.9943268511297326,
          -0.10169188108696743
        ],
        [
          -0.2620598245345358,
          0.1063175970917671,
          0.9591773646795263
        ]
      ],
      "id": 61,
      "t_w2c": [
        -19.21865617178182,
        -0.1951545327466238,
        1.9439569752178958
      ]
    },
    {
      "R_w2c": [
        [
          0.9642156839373034,
          -0.0009688981802495819,
          0.2651172874137685
        ],
        [
          0.03261638170907562,
          0.9928304103951444,
          -0.1149954252951704
        ],
        [
          -0.2631050864075537,
          0.11952755929460598,
          0.957334255145792
        ]
      ],
      "id": 62,
      "t_w2c": [
        -18.22758576462858,
        -0.17134817054003332,
        2.1216817694877137
      ]
    },
    {
      "R_w2c": [
        [
          0.9694042786000814,
          0.006513063305889738,
          0.24538321996059412
        ],
        [
          0.023963636555497173,
          0.9923620197549301,
          -0.12100977593133401
        ],
        [
          -0.2442971321053358,
          0.12318766884022563,
          0.9618439111887225
        ]
      ],
      "id": 63,
      "t_w2c": [
        -17.28120931661234,
        -0.013739325031062925,
        1.9409864477759595
      ]
    },
    {
      "R_w2c": [
        [
          0.9753928838783698,
          -0.007165267361807785,
          0.2203573938470661
        ],
        [
          0.032299301017557513,
          0.9933321907097651,
          -0.11067029435903813
        ],
        [
          -0.2180951105211082,
          0.11506440736984114,
          0.9691205832730068
        ]
      ],
      "id": 64,
      "t_w2c": [
        -16.3595658128965,
        -0.20286743961038264,
        1.7253423161114447
      ]
    },
    {
      "R_w2c": [
        [
          0.9833216440050365,
          -0.016000028564105852,
          0.1811699299474941
        ],
        [
          0.03663273484156207,
          0.9931315915633795,
          -0.1111201357847291
        ],
        [
          -0.17814765552557776,
          0.11590358460693365,
          0.9771539141332871
        ]
      ],
      "id": 65,
      "t_w2c": [
        -15.434726861481435,
        -0.271388857460396,
        1.253623278892691
      ]
    },
    {
      "R_w2c": [
        [
          0.9928294699740478,
          -0.004414583035009271,
          0.11945775407096186
        ],
        [
          0.01894164657421534,
          0.9925024039189999,
          -0.12074846682282941
        ],
        [
          -0.1180290539490549,
          0.12214536287405031,
          0.9854692551024906
        ]
      ],
      "id": 66,
      "t_w2c": [
        -14.532232585167446,
        0.0033274690476767835,
        0.6194301227601646
      ]
    },
    {
      "R_w2c": [
        [
          0.9865146407778176,
          -0.014519692541825604,
          0.1630277340194127
        ],
        [
          0.03194013136565974,
          0.9939856192939996,
          -0.10474930379276258
        ],
        [
          -0.1605262954763422,
          0.10854384904366952,
          0.9810451270433115
        ]
      ],
      "id": 67,
      "t_w2c": [
        -13.509335494240513,
        -0.16622004704186347,
        1.4248466685199583
      ]
    },
    {
      "R_w2c": [
        [
          0.9918558311796745,
          -0.00848528976203962,
          0.1270826896651599
        ],
        [
          0.024844064386017398,
          0.9915015360073844,
          -0.12770073045907282
        ],
        [
          -0.12491910430218645,
          0.12981796467612472,
          0.9836373891977103
        ]
      ],
      "id": 68,
      "t_w2c": [
        -12.572819778946911,
        -0.023340960222455052,
        1.142985928904742
      ]
    },
    {
      "R_w2c": [
        [
          0.9951309963665756,
          -0.025561705324762755,
          0.09518875611833814
        ],
        [
          0.03732778744266065,
          0.9915850877719968,
          -0.12395825907472607
        ],
        [
          -0.09121916659947078,
          0.12690789151621484,
          0.9877112182798202
        ]
      ],
      "id": 69,
      "t_w2c": [
        -11.672237921842004,
        -0.1637277926492678,
        1.0802216879260977
      ]
    },
    {
      "R_w2c": [
        [
          0.9966016457260731,
          -0.054632857755509544,
          0.061647470260740404
        ],
        [
          0.06053087301639581,
          0.9933183858449508,
          -0.09825781268812371
        ],
        [
          -0.05586746054686554,
          0.10165547302456322,
          0.993249712638366
        ]
      ],
      "id": 70,
      "t_w2c": [
        -10.74406127226851,
        -0.3753018181469512,
        0.9571453502794979
      ]
    }
  ],
  "notes": {
    "convention": "x_cam = R_w2c * x_world + t_w2c",
    "fix_cam_prefix": 3,
    "huber_delta_px": 3.0,
    "min_track_len": 2,
    "num_cameras": 71,
    "num_observations": 1677,
    "num_points": 825,
    "prefilter_thresh_px": 50.0,
    "solver": "Ceres BA (Schur)",
    "stage": "B",
    "stageB_free_t": 1,
    "two_stage": 1,
    "zmin": 0.1
  },
  "points_optimized": [
    {
      "X": [
        1.430023291344519,
        6.435895073986688,
        18.301952205070197
      ],
      "id": 0
    },
    {
      "X": [
        0.42043416993090876,
        -1.7042430265051463,
        26.73322487083991
      ],
      "id": 1
    },
    {
      "X": [
        -2.0095378178409,
        -5.048997943618451,
        26.38273065024716
      ],
      "id": 2
    },
    {
      "X": [
        0.10344067000925862,
        6.964946046642742,
        20.63748289330074
      ],
      "id": 3
    },
    {
      "X": [
        0.12041163958138157,
        -2.138946761979676,
        26.466583752662455
      ],
      "id": 4
    },
    {
      "X": [
        -0.18099564174031285,
        5.532898023320244,
        13.068761464684291
      ],
      "id": 5
    },
    {
      "X": [
        0.41192424534998817,
        6.835908211614383,
        20.182566726259555
      ],
      "id": 6
    },
    {
      "X": [
        0.034369901012414,
        0.37027207597133016,
        24.137271894628665
      ],
      "id": 7
    },
    {
      "X": [
        0.9669702383185099,
        0.46447411888735535,
        28.75885701911495
      ],
      "id": 8
    },
    {
      "X": [
        4.192953628872887,
        4.561528523409056,
        14.790447284149021
      ],
      "id": 9
    },
    {
      "X": [
        1.9665492668861473,
        -5.0167656663288955,
        26.866300855477306
      ],
      "id": 10
    },
    {
      "X": [
        -0.2999195219182417,
        -5.511494644839468,
        25.765243595760083
      ],
      "id": 11
    },
    {
      "X": [
        -0.4136512811324945,
        -5.069648363520714,
        25.608815013139832
      ],
      "id": 12
    },
    {
      "X": [
        1.2805718207159633,
        -4.919696135509152,
        26.498397375749313
      ],
      "id": 13
    },
    {
      "X": [
        1.1942848399412653,
        -4.010457418389071,
        21.82180401708335
      ],
      "id": 14
    },
    {
      "X": [
        4.580483919422032,
        -4.927883559621877,
        28.37284681600049
      ],
      "id": 15
    },
    {
      "X": [
        2.034060033287778,
        -2.9545907115544217,
        17.11702724084475
      ],
      "id": 16
    },
    {
      "X": [
        3.852719373092469,
        0.019849426780945843,
        9.502291886807285
      ],
      "id": 17
    },
    {
      "X": [
        -2.0183156687429964,
        -3.7675143198012195,
        25.406984855728645
      ],
      "id": 18
    },
    {
      "X": [
        0.24733665858463733,
        -5.543014956313048,
        26.25812270728209
      ],
      "id": 19
    },
    {
      "X": [
        2.5497141968359434,
        -1.7940742094846553,
        25.338246751829526
      ],
      "id": 20
    },
    {
      "X": [
        2.6896962379903524,
        -5.907938829896437,
        23.48970356120294
      ],
      "id": 21
    },
    {
      "X": [
        3.456926195265465,
        -2.8499808133524565,
        17.8692878703472
      ],
      "id": 22
    },
    {
      "X": [
        1.0546528215457414,
        -2.7718482031003084,
        15.610743822582247
      ],
      "id": 23
    },
    {
      "X": [
        4.188038519803287,
        -1.7579104827463166,
        9.637639881489786
      ],
      "id": 24
    },
    {
      "X": [
        1.9752194942995378,
        -5.530124568512972,
        21.73524634703585
      ],
      "id": 25
    },
    {
      "X": [
        4.692725509912104,
        -0.8748333570912263,
        10.204234047674074
      ],
      "id": 26
    },
    {
      "X": [
        2.6765823405011777,
        0.3644093679155058,
        23.20808669297956
      ],
      "id": 27
    },
    {
      "X": [
        2.4220517815774425,
        -0.9094491378122437,
