{
  "K": [
    [
      3183.8330165146126,
      0.0,
      1100.814254448177
    ],
    [
      0.0,
      3183.592270336112,
      1927.6877827756523
    ],
    [
      0.0,
      0.0,
      1.0
    ]
  ],
  "cameras": [
    {
      "name": "frame_003",
      "id": 0,
      "R_w2c": [
        [
          0.999809,
          -0.017827,
          0.008064
        ],
        [
          0.018015,
          0.999552,
          -0.023885
        ],
        [
          -0.007635,
          0.024026,
          0.999682
        ]
      ],
      "t_w2c": [
        -0.7086433321409332,
        -0.32553088586049767,
        -0.6259825741434281
      ],
      "R_c2w": [
        [
          0.999809,
          0.018015,
          -0.007635
        ],
        [
          -0.017827,
          0.999552,
          0.024026
        ],
        [
          0.008064,
          -0.023885,
          0.999682
        ]
      ],
      "t_c2w": [
        0.7095930432196861,
        0.32779192066792573,
        0.6237227063064569
      ]
    },
    {
      "name": "frame_005",
      "id": 1,
      "R_w2c": [
        [
          0.9991379590539999,
          -0.04131143036,
          0.004127856836000001
        ],
        [
          0.041472097304000005,
          0.997738776959,
          -0.052891564131
        ],
        [
          -0.001933289325,
          0.053017205977,
          0.998591649471
        ]
      ],
      "t_w2c": [
        -1.656164471935404,
        -0.36059447232694786,
        -0.9227026303322597
      ],
      "R_c2w": [
        [
          0.9991379590539999,
          0.041472097304000005,
          -0.001933289325
        ],
        [
          -0.04131143036,
          0.997738776959,
          0.053017205977
        ],
        [
          0.004127856836000001,
          -0.052891564131,
          0.998591649471
        ]
      ],
      "t_c2w": [
        1.667907548245542,
        0.34027967995844444,
        0.9091671457733757
      ]
    },
    {
      "name": "frame_007",
      "id": 2,
      "R_w2c": [
        [
          0.9989942905313746,
          -0.04388989424430732,
          0.009221454629817162
        ],
        [
          0.04443953607575343,
          0.9964298683293824,
          -0.07177702634732913
        ],
        [
          -0.0060378436712054335,
          0.0721153982096607,
          0.997377471766371
        ]
      ],
      "t_w2c": [
        -2.5421333823712535,
        -0.3685356077491771,
        -1.3911972745413528
      ],
      "R_c2w": [
        [
          0.9989942905313746,
          0.04443953607575343,
          -0.0060378436712054335
        ],
        [
          -0.04388989424430732,
          0.9964298683293824,
          0.0721153982096607
        ],
        [
          0.009221454629817162,
          -0.07177702634732913,
          0.997377471766371
        ]
      ],
      "t_c2w": [
        2.5475544545343753,
        0.35597266723874815,
        1.3845385980314588
      ]
    },
    {
      "name": "frame_009",
      "id": 3,
      "R_w2c": [
        [
          0.999256804456621,
          -0.03292353988065514,
          0.020072649891178452
        ],
        [
          0.03465932574085654,
          0.9950267647313396,
          -0.09338153101380738
        ],
        [
          -0.01689792503004692,
          0.09400816327668976,
          0.995426993472278
        ]
      ],
      "t_w2c": [
        -3.5156168267840417,
        -0.38930776251439925,
        -1.6589862052291708
      ],
      "R_c2w": [
        [
          0.999256804456621,
          0.03465932574085654,
          -0.01689792503004692
        ],
        [
          -0.03292353988065514,
          0.9950267647313396,
          0.09400816327668976
        ],
        [
          0.020072649891178452,
          -0.09338153101380738,
          0.995426993472278
        ]
      ],
      "t_c2w": [
        3.498463756058734,
        0.4275833386727325,
        1.6856132412996747
      ]
    },
    {
      "name": "frame_011",
      "id": 4,
      "R_w2c": [
        [
          0.9962673716313963,
          -0.03949611422999214,
          0.07675911844497943
        ],
        [
          0.04688479867400801,
          0.99418080363365,
          -0.09697986104453958
        ],
        [
          -0.07248251178488382,
          0.10021753879465774,
          0.9923207750152286
        ]
      ],
      "t_w2c": [
        -4.572418058370889,
        -0.47090755099128606,
        -1.6816419873037576
      ],
      "R_c2w": [
        [
          0.9962673716313963,
          0.04688479867400801,
          -0.07248251178488382
        ],
        [
          -0.03949611422999214,
          0.99418080363365,
          0.10021753879465774
        ],
        [
          0.07675911844497943,
          -0.09697986104453958,
          0.9923207750152286
        ]
      ],
      "t_c2w": [
        4.455539691572695,
        0.45610452264231494,
        1.9740345106019086
      ]
    },
    {
      "name": "frame_013",
      "id": 5,
      "R_w2c": [
        [
          0.9927508365129656,
          -0.03480404961988599,
          0.11504391708099324
        ],
        [
          0.04864315626257317,
          0.9916081345149913,
          -0.11977054857916979
        ],
        [
          -0.10991061198255826,
          0.12449949383415372,
          0.9861117762802329
        ]
      ],
      "t_w2c": [
        -5.5991142076343445,
        -0.4879657178858951,
        -1.7713525431169554
      ],
      "R_c2w": [
        [
          0.9927508365129656,
          0.04864315626257317,
          -0.10991061198255826
        ],
        [
          -0.03480404961988599,
          0.9916081345149913,
          0.12449949383415372
        ],
        [
          0.11504391708099324,
          -0.11977054857916979,
          0.9861117762802329
        ]
      ],
      "t_c2w": [
        5.387571063975683,
        0.5095314215300885,
        2.3324517116226433
      ]
    },
    {
      "name": "frame_015",
      "id": 6,
      "R_w2c": [
        [
          0.989440037044961,
          -0.026956862976118885,
          0.14241510915471375
        ],
        [
          0.04231498406069684,
          0.9934711040504335,
          -0.10593998016132535
        ],
        [
          -0.13863063507466886,
          0.11084932942927839,
          0.9841189085784936
        ]
      ],
      "t_w2c": [
        -6.632458733224513,
        -0.5324798607353066,
        -1.7810269328391901
      ],
      "R_c2w": [
        [
          0.989440037044961,
          0.04231498406069684,
          -0.13863063507466886
        ],
        [
          -0.026956862976118885,
          0.9934711040504335,
          0.11084932942927839
        ],
        [
          0.14241510915471375,
          -0.10593998016132535,
          0.9841189085784936
        ]
      ],
      "t_c2w": [
        6.338047196735907,
        0.5476387150637386,
        2.6408937098683056
      ]
    },
    {
      "name": "frame_017",
      "id": 7,
      "R_w2c": [
        [
          0.9888291925231182,
          -0.027777932626395253,
          0.14644034959700383
        ],
        [
          0.04190542000027033,
          0.9946615621921955,
          -0.09428873315982482
        ],
        [
          -0.14304015621774174,
          0.09937395830720643,
          0.984713070742086
        ]
      ],
      "t_w2c": [
        -7.547658022946008,
        -0.6208315294300558,
        -2.161124343452102
      ],
      "R_c2w": [
        [
          0.9888291925231182,
          0.04190542000027033,
          -0.14304015621774174
        ],
        [
          -0.027777932626395253,
          0.9946615621921955,
          0.09937395830720643
        ],
        [
          0.14644034959700383,
          -0.09428873315982482,
          0.984713070742086
        ]
      ],
      "t_c2w": [
        7.180233230567159,
        0.6226184032755016,
        3.1748316495994016
      ]
    },
    {
      "name": "frame_019",
      "id": 8,
      "R_w2c": [
        [
          0.9907158233565002,
          -0.036495656725593344,
          0.13095486272185508
        ],
        [
          0.049728453128810364,
          0.9938187390085604,
          -0.09924674280104881
        ],
        [
          -0.12652464047628156,
          0.10483958085705684,
          0.9864051758168615
        ]
      ],
      "t_w2c": [
        -8.464387140287077,
        -0.7053254802180295,
        -2.572518956736872
      ],
      "R_c2w": [
        [
          0.9907158233565002,
          0.049728453128810364,
          -0.12652464047628156
        ],
        [
          -0.036495656725593344,
          0.9938187390085604,
          0.10483958085705684
        ],
        [
          0.13095486272185508,
          -0.09924674280104881,
          0.9864051758168615
        ]
      ],
      "t_c2w": [
        8.09538998386171,
        0.6617541210475724,
        3.575997413266948
      ]
    },
    {
      "name": "frame_021",
      "id": 9,
      "R_w2c": [
        [
          0.9914335755361158,
          -0.030515613900205924,
          0.12699289939744157
        ],
        [
          0.04517086372801619,
          0.9924319099323273,
          -0.11417790046901227
        ],
        [
          -0.12254842520677914,
          0.11893801263773218,
          0.9853072920990382
        ]
      ],
      "t_w2c": [
        -9.426872543706658,
        -0.6623939284038938,
        -2.8607084016993083
      ],
      "R_c2w": [
        [
          0.9914335755361158,
          0.04517086372801619,
          -0.12254842520677914
        ],
        [
          -0.030515613900205924,
          0.9924319099323273,
          0.11893801263773218
        ],
        [
          0.12699289939744157,
          -0.11417790046901227,
          0.9853072920990382
        ]
      ],
      "t_c2w": [
        9.025463548400477,
        0.709961040697428,
        3.940191977310179
      ]
    },
    {
      "name": "frame_023",
      "id": 10,
      "R_w2c": [
        [
          0.9882271748869108,
          -0.022561592210821085,
          0.15131414865279227
        ],
        [
          0.03941614395097471,
          0.9932213446883931,
          -0.10933895229520124
        ],
        [
          -0.1478229354556523,
          0.11401842431165894,
          0.9824166122818931
        ]
      ],
      "t_w2c": [
        -10.414691824072728,
        -0.6263338653494387,
        -3.0205025772586027
      ],
      "R_c2w": [
        [
          0.9882271748869108,
          0.03941614395097471,
          -0.1478229354556523
        ],
        [
          -0.022561592210821085,
          0.9932213446883931,
          0.11401842431165894
        ],
        [
          0.15131414865279227,
          -0.10933895229520124,
          0.9824166122818931
        ]
      ],
      "t_c2w": [
        9.870269586897454,
        0.7315090785184779,
        4.474799447555574
      ]
    },
    {
      "name": "frame_025",
      "id": 11,
      "R_w2c": [
        [
          0.9806420101443458,
          -0.019228724233530173,
          0.19485929133378632
        ],
        [
          0.03596387492283291,
          0.99592280085104,
          -0.08271531655022304
        ],
        [
          -0.19247563702464532,
          0.08812432054196005,
          0.9773339619959152
        ]
      ],
      "t_w2c": [
        -11.498732628776521,
        -0.7315616178038885,
        -2.811875362385336
      ],
      "R_c2w": [
        [
          0.9806420101443458,
          0.03596387492283291,
          -0.19247563702464532
        ],
        [
          -0.019228724233530173,
          0.99592280085104,
          0.08812432054196005
        ],
        [
          0.19485929133378632,
          -0.08271531655022304,
          0.9773339619959152
        ]
      ],
      "t_c2w": [
        10.761232568107806,
        0.755267542403413,
        4.928264829046197
      ]
    },
    {
      "name": "frame_027",
      "id": 12,
      "R_w2c": [
        [
          0.9752924774217774,
          -0.017592462710999672,
          0.22021296417720995
        ],
        [
          0.03340302496326206,
          0.9971054112394986,
          -0.06828442583774287
        ],
        [
          -0.21837572530825805,
          0.07395517287872039,
          0.973055506464608
        ]
      ],
      "t_w2c": [
        -12.508884445265807,
        -0.784478461816449,
        -2.8381764712792217
      ],
      "R_c2w": [
        [
          0.9752924774217774,
          0.03340302496326206,
          -0.21837572530825805
        ],
        [
          -0.017592462710999672,
          0.9971054112394986,
          0.07395517287872039
        ],
        [
          0.22021296417720995,
          -0.06828442583774287,
          0.973055506464608
        ]
      ],
      "t_c2w": [
        11.606236008580789,
        0.7720434677122485,
        5.462754104591503
      ]
    },
    {
      "name": "frame_029",
      "id": 13,
      "R_w2c": [
        [
          0.970147921007987,
          -0.008015382965696222,
          0.24237733629411323
        ],
        [
          0.026794403791548918,
          0.9968756591779878,
          -0.07428627470715182
        ],
        [
          -0.24102640702707545,
          0.07856516678328401,
          0.967329996905488
        ]
      ],
      "t_w2c": [
        -13.528461331294805,
        -0.658203565183672,
        -2.856877807868593
      ],
      "R_c2w": [
        [
          0.970147921007987,
          0.026794403791548918,
          -0.24102640702707545
        ],
        [
          -0.008015382965696222,
          0.9968756591779878,
          0.07856516678328401
        ],
        [
          0.24237733629411323,
          -0.07428627470715182,
          0.967329996905488
        ]
      ],
      "t_c2w": [
        12.453661813749212,
        0.7721623958634931,
        5.993640531825569
      ]
    },
    {
      "name": "frame_031",
      "id": 14,
      "R_w2c": [
        [
          0.9604441745867781,
          0.007608763091156965,
          0.27836341021675504
        ],
        [
          0.017230127469367435,
          0.9960855950827753,
          -0.08668233686288038
        ],
        [
          -0.2779349292144248,
          0.08805216434471116,
          0.9565527351470117
        ]
      ],
      "t_w2c": [
        -14.620687778275599,
        -0.4982315381912287,
        -2.5072301793189737
      ],
      "R_c2w": [
        [
          0.9604441745867781,
          0.017230127469367435,
          -0.2779349292144248
        ],
        [
          0.007608763091156965,
          0.9960855950827753,
          0.08805216434471116
        ],
        [
          0.27836341021675504,
          -0.08668233686288038,
          0.9565527351470117
        ]
      ],
      "t_c2w": [
        13.354092155595907,
        0.8282936515423035,
        6.424974521316721
      ]
    },
    {
      "name": "frame_035",
      "id": 15,
      "R_w2c": [
        [
          0.9493585857447786,
          0.022375307659541252,
          0.3133928396618912
        ],
        [
          0.012197747511207122,
          0.9940821320167603,
          -0.10792622384309272
        ],
        [
          -0.3139546645186819,
          0.10628651161232208,
          0.9434672174155189
        ]
      ],
      "t_w2c": [
        -16.698675929299785,
        -0.15487977791054977,
        -1.8227823827693777
      ],
      "R_c2w": [
        [
          0.9493585857447786,
          0.012197747511207122,
          -0.3139546645186819
        ],
        [
          0.022375307659541252,
          0.9940821320167603,
          0.10628651161232208
        ],
        [
          0.3133928396618912,
          -0.10792622384309272,
          0.9434672174155189
        ]
      ],
      "t_c2w": [
        15.282649517003042,
        0.7213384121496138,
        6.936265301122841
      ]
    },
    {
      "name": "frame_037",
      "id": 16,
      "R_w2c": [
        [
          0.9414433621731193,
          0.029162504233876455,
          0.3359028707389386
        ],
        [
          0.00770127823073673,
          0.9941306074312173,
          -0.1078953176957518
        ],
        [
          -0.33707884819006634,
          0.10416800704306822,
          0.9356929741482095
        ]
      ],
      "t_w2c": [
        -17.738345343891773,
        -0.09344439604875521,
        -1.4411010840514074
      ],
      "R_c2w": [
        [
          0.9414433621731193,
          0.00770127823073673,
          -0.33707884819006634
        ],
        [
          0.029162504233876455,
          0.9941306074312173,
          0.10416800704306822
        ],
        [
          0.3359028707389386,
          -0.1078953176957518,
          0.9356929741482095
        ]
      ],
      "t_c2w": [
        16.214602427696935,
        0.760307133271439,
        7.296707069757634
      ]
    },
    {
      "name": "frame_039",
      "id": 17,
      "R_w2c": [
        [
          0.9293972361720654,
          0.03929869931650652,
          0.36697767370980927
        ],
        [
          0.0009046305837105418,
          0.9940682097529512,
          -0.10874229287690547
        ],
        [
          -0.3690749831893854,
          0.10140022722643693,
          0.9238484060841969
        ]
      ],
      "t_w2c": [
        -18.76236052802587,
        0.057929436321688135,
        -1.0033740295968616
      ],
      "R_c2w": [
        [
          0.9293972361720654,
          0.0009046305837105418,
          -0.3690749831893854
        ],
        [
          0.03929869931650652,
          0.9940682097529512,
          0.10140022722643693
        ],
        [
          0.36697767370980927,
          -0.10874229287690547,
          0.9238484060841969
        ]
      ],
      "t_c2w": [
        17.067313360965173,
        0.7814929083967085,
        7.8186322975597085
      ]
    },
    {
      "name": "frame_041",
      "id": 18,
      "R_w2c": [
        [
          0.9293003923116625,
          0.035961753561443016,
          0.367563929305038
        ],
        [
          0.0027804242690487153,
          0.9945368119172834,
          -0.10433272724778908
        ],
        [
          -0.36930914851940644,
          0.09798208902851202,
          0.9241235201776413
        ]
      ],
      "t_w2c": [
        -19.756707269575415,
        -0.06913791662533127,
        -1.0898638628258663
      ],
      "R_c2w": [
        [
          0.9293003923116625,
          0.0027804242690487153,
          -0.36930914851940644
        ],
        [
          0.035961753561443016,
          0.9945368119172834,
          0.09798208902851202
        ],
        [
          0.367563929305038,
          -0.10433272724778908,
          0.9241235201776413
        ]
      ],
      "t_c2w": [
        17.957611353962108,
        0.8860331792335627,
        8.26180843616584
      ]
    },
    {
      "name": "frame_043",
      "id": 19,
      "R_w2c": [
        [
          0.9331820767191714,
          0.030584519391252715,
          0.3580938344044323
        ],
        [
          0.009595968614768864,
          0.9938952480209432,
          -0.10989264831381285
        ],
        [
          -0.3592703572735286,
          0.10598906551300173,
          0.9271922595010508
        ]
      ],
      "t_w2c": [
        -20.741828643247008,
        -0.18040222629027847,
        -1.3461348768447179
      ],
      "R_c2w": [
        [
          0.9331820767191714,
          0.009595968614768864,
          -0.3592703572735286
        ],
        [
          0.030584519391252715,
          0.9938952480209432,
          0.10598906551300173
        ],
        [
          0.3580938344044323,
          -0.10989264831381285,
          0.9271922595010508
        ]
      ],
      "t_c2w": [
        18.87400750421759,
        0.9563553534429671,
        8.65582191106608
      ]
    },
    {
      "name": "frame_045",
      "id": 20,
      "R_w2c": [
        [
          0.9304580041171612,
          0.030427715229149062,
          0.36512786212631454
        ],
        [
          0.016718557787772946,
          0.9919807463057118,
          -0.12526600174481722
        ],
        [
          -0.3660129122988845,
          0.12266242750068204,
          0.9224871561337649
        ]
      ],
      "t_w2c": [
        -21.71914517120018,
        -0.2278347637933357,
        -1.440433132520314
      ],
      "R_c2w": [
        [
          0.9304580041171612,
          0.016718557787772946,
          -0.3660129122988845
        ],
        [
          0.030427715229149062,
          0.9919807463057118,
          0.12266242750068204
        ],
        [
          0.36512786212631454,
          -0.12526600174481722,
          0.9224871561337649
        ]
      ],
      "t_c2w": [
        19.685344409984776,
        1.063558687999279,
        9.230506157672037
      ]
    },
    {
      "name": "frame_047",
      "id": 21,
      "R_w2c": [
        [
          0.9216836825625363,
          0.03537904791285704,
          0.38632166553939434
        ],
        [
          0.019263388120662455,
          0.9904296563716499,
          -0.13665827664213895
        ],
        [
          -0.38746062149413196,
          0.13340090101650048,
          0.9121799453045887
        ]
      ],
      "t_w2c": [
        -22.74066722028778,
        -0.20678753598666813,
        -0.8250696023202763
      ],
      "R_c2w": [
        [
          0.9216836825625363,
          0.019263388120662455,
          -0.38746062149413196
        ],
        [
          0.03537904791285704,
          0.9904296563716499,
          0.13340090101650048
        ],
        [
          0.38632166553939434,
          -0.13665827664213895,
          0.9121799453045887
        ]
      ],
      "t_c2w": [
        20.64400335519729,
        1.1194166917169652,
        9.509565152436661
      ]
    },
    {
      "name": "frame_049",
      "id": 22,
      "R_w2c": [
        [
          0.9093695585688745,
          0.04287000970033843,
          0.4137694100260545
        ],
        [
          0.013779426764413082,
          0.991024302276453,
          -0.13296073220935867
        ],
        [
          -0.41575707536980117,
          0.12661569185138852,
          0.9006158079954731
        ]
      ],
      "t_w2c": [
        -23.753776266211972,
        -0.1540227368004242,
        -0.06381996327779053
      ],
      "R_c2w": [
        [
          0.9093695585688745,
          0.013779426764413082,
          -0.41575707536980117
        ],
        [
          0.04287000970033843,
          0.991024302276453,
          0.12661569185138852
        ],
        [
          0.4137694100260545,
          -0.13296073220935867,
          0.9006158079954731
        ]
      ],
      "t_c2w": [
        21.5765497812882,
        1.1790455030288738,
        9.865584283493218
      ]
    },
    {
      "name": "frame_051",
      "id": 23,
      "R_w2c": [
        [
          0.9328095277591746,
          0.017057529744027945,
          0.3599594308418973
        ],
        [
          0.02438416683688254,
          0.9936010584757773,
          -0.11027224053399559
        ],
        [
          -0.359538273012363,
          0.11164428859464758,
          0.9264246269201563
        ]
      ],
      "t_w2c": [
        -24.69065908925205,
        -0.5839503743490234,
        -1.633822178512007
      ],
      "R_c2w": [
        [
          0.9328095277591746,
          0.02438416683688254,
          -0.359538273012363
        ],
        [
          0.017057529744027945,
          0.9936010584757773,
          0.11164428859464758
        ],
        [
          0.3599594308418973,
          -0.11027224053399559,
          0.9264246269201563
        ]
      ],
      "t_c2w": [
        22.45849958398906,
        1.1837822766752173,
        10.336855178920217
      ]
    },
    {
      "name": "frame_053",
      "id": 24,
      "R_w2c": [
        [
          0.920862047935389,
          0.011532596027448433,
          0.3897125839655674
        ],
        [
          0.04073420061501926,
          0.9912448600354667,
          -0.12558313187251266
        ],
        [
          -0.3877503098072267,
          0.13152310908164605,
          0.9123300684620451
        ]
      ],
      "t_w2c": [
        -25.72303030084065,
        -0.8138772067128166,
        -0.8863447161817973
      ],
      "R_c2w": [
        [
          0.920862047935389,
          0.04073420061501926,
          -0.3877503098072267
        ],
        [
          0.011532596027448433,
          0.9912448600354667,
          0.13152310908164605
        ],
        [
          0.3897125839655674,
          -0.12558313187251266,
          0.9123300684620451
        ]
      ],
      "t_c2w": [
        23.37683456105493,
        1.2199797277058324,
        10.73101829298166
      ]
    },
    {
      "name": "frame_055",
      "id": 25,
      "R_w2c": [
        [
          0.8795679724118701,
          0.045827441695244865,
          0.4735552926297004
        ],
        [
          0.020090034864992768,
          0.990883758436007,
          -0.13320237815162572
        ],
        [
          -0.47534455761857836,
          0.126677705824866,
          0.8706288434671886
        ]
      ],
      "t_w2c": [
        -26.696421818029236,
        -0.19199766654014092,
        1.5656891026038318
      ],
      "R_c2w": [
        [
          0.8795679724118701,
          0.020090034864992768,
          -0.47534455761857836
        ],
        [
          0.045827441695244865,
          0.990883758436007,
          0.126677705824866
        ],
        [
          0.4735552926297004,
          -0.13320237815162572,
          0.8706288434671886
        ]
      ],
      "t_c2w": [
        24.229416642796224,
        1.215338180216789,
        11.25352320779089
      ]
    },
    {
      "name": "frame_057",
      "id": 26,
      "R_w2c": [
        [
          0.8718617439457901,
          0.06636639739181598,
          0.48522849595125417
        ],
        [
          -0.008382215823692559,
          0.9926516540073401,
          -0.12070473791687415
        ],
        [
          -0.4896758116851569,
          0.1011730471609249,
          0.8660109547022362
        ]
      ],
      "t_w2c": [
        -27.664034943030224,
        0.34102211840342234,
        2.0573572113783527
      ],
      "R_c2w": [
        [
          0.8718617439457901,
          -0.008382215823692559,
          -0.4896758116851569
        ],
        [
          0.06636639739181598,
          0.9926516540073401,
          0.1011730471609249
        ],
        [
          0.48522849595125417,
          -0.12070473791687415,
          0.8660109547022362
        ]
      ],
      "t_c2w": [
        25.129510333412725,
        1.2892970684303318,
        11.682847169985939
      ]
    },
    {
      "name": "frame_059",
      "id": 27,
      "R_w2c": [
        [
          0.8693994446927785,
          0.054488009790527224,
          0.4910898295277367
        ],
        [
          0.01591569323145399,
          0.9902961339160095,
          -0.13805143715060417
        ],
        [
          -0.4938486722443732,
          0.1278398667217494,
          0.8600950577091296
        ]
      ],
      "t_w2c": [
        -28.61989378065883,
        -0.12803859759480204,
        2.452831888996442
      ],
      "R_c2w": [
        [
          0.8693994446927785,
          0.01591569323145399,
          -0.4938486722443732
        ],
        [
          0.054488009790527224,
          0.9902961339160095,
          0.1278398667217494
        ],
        [
          0.4910898295277367,
          -0.13805143715060417,
          0.8600950577091296
        ]
      ],
      "t_c2w": [
        26.095485354731746,
        1.3726674789343858,
        11.927594260319779
      ]
    },
    {
      "name": "frame_061",
      "id": 28,
      "R_w2c": [
        [
          0.8699414240607701,
          0.04149100900315066,
          0.4913993026076851
        ],
        [
          0.038613136194884524,
          0.9876633374873867,
          -0.1517489778243813
        ],
        [
          -0.4916349578837358,
          0.15098971415427492,
          0.8576067413971521
        ]
      ],
      "t_w2c": [
        -29.6167998025172,
        -0.5427548491990052,
        2.4706834867921463
      ],
      "R_c2w": [
        [
          0.8699414240607701,
          0.038613136194884524,
          -0.4916349578837358
        ],
        [
          0.04149100900315066,
          0.9876633374873867,
          0.15098971415427492
        ],
        [
          0.4913993026076851,
          -0.1517489778243813,
          0.8576067413971521
        ]
      ],
      "t_c2w": [
        27.000512835210206,
        1.3918421796116713,
        12.352437460721637
      ]
    },
    {
      "name": "frame_063",
      "id": 29,
      "R_w2c": [
        [
          0.8542831502695879,
          0.04764951988764055,
          0.5176126385973079
        ],
        [
          0.03262427333058733,
          0.988910600819411,
          -0.14487837708345028
        ],
        [
          -0.5187772609946972,
          0.14065629066936444,
          0.8432542016653694
        ]
      ],
      "t_w2c": [
        -30.516687587015753,
        -0.47548423969761033,
        3.5339054436959856
      ],
      "R_c2w": [
        [
          0.8542831502695879,
          0.03262427333058733,
          -0.5187772609946972
        ],
        [
          0.04764951988764055,
          0.988910600819411,
          0.14065629066936444
        ],
        [
          0.5176126385973079,
          -0.14487837708345028,
          0.8432542016653694
        ]
      ],
      "t_c2w": [
        27.91871412212378,
        1.4272508859553936,
        12.746955184504026
      ]
    },
    {
      "name": "frame_065",
      "id": 30,
      "R_w2c": [
        [
          0.8321001105284127,
          0.060388383051538694,
          0.5513223002486393
        ],
        [
          0.020733576189472767,
          0.9899716607119742,
          -0.13972684176704459
        ],
        [
          -0.5542326802474452,
          0.1276998275105596,
          0.822502432241889
        ]
      ],
      "t_w2c": [
        -31.33417396978042,
        -0.1987050079607475,
        4.954647006557352
      ],
      "R_c2w": [
        [
          0.8321001105284127,
          0.020733576189472767,
          -0.5542326802474452
        ],
        [
          0.060388383051538694,
          0.9899716607119742,
          0.1276998275105596
        ],
        [
          0.5513223002486393,
          -0.13972684176704459,
          0.822502432241889
        ]
      ],
      "t_c2w": [
        28.823316779116848,
        1.4562248589002558,
        13.172255232411311
      ]
    },
    {
      "name": "frame_067",
      "id": 31,
      "R_w2c": [
        [
          0.826619068666637,
          0.055736517084143025,
          0.5599899628992537
        ],
        [
          0.03238511222996691,
          0.9887212823112673,
          -0.14621262343873784
        ],
        [
          -0.5618254607576378,
          0.13899964588847524,
          0.8154895553175737
        ]
      ],
      "t_w2c": [
        -32.27006360753617,
        -0.4281719327194926,
        5.412195406567663
      ],
      "R_c2w": [
        [
          0.826619068666637,
          0.03238511222996691,
          -0.5618254607576378
        ],
        [
          0.055736517084143025,
          0.9887212823112673,
          0.13899964588847524
        ],
        [
          0.5599899628992537,
          -0.14621262343873784,
          0.8154895553175737
        ]
      ],
      "t_c2w": [
        29.72962549917478,
        1.4696704089437949,
        13.594718755381308
      ]
    },
    {
      "name": "frame_069",
      "id": 32,
      "R_w2c": [
        [
          0.8283485106248664,
          0.05538707819516011,
          0.5574629426196306
        ],
        [
          0.022608249110786047,
          0.9909828751025886,
          -0.13205228383909748
        ],
        [
          -0.5597527814643409,
          0.12199062303450381,
          0.8196265635819343
        ]
      ],
      "t_w2c": [
        -33.28427439345542,
        -0.26723073478414117,
        5.3362423504289165
      ],
      "R_c2w": [
        [
          0.8283485106248664,
          0.022608249110786047,
          -0.5597527814643409
        ],
        [
          0.05538707819516011,
          0.9909828751025886,
          0.12199062303450381
        ],
        [
          0.5574629426196306,
          -0.13205228383909748,
          0.8196265635819343
        ]
      ],
      "t_c2w": [
        30.563997238290632,
        1.4573682613797179,
        14.145735137372196
      ]
    },
    {
      "name": "frame_071",
      "id": 33,
      "R_w2c": [
        [
          0.8625090941286636,
          0.04507309203278849,
          0.5040253949448819
        ],
        [
          0.029053233897350733,
          0.989970400101318,
          -0.13824391861870988
        ],
        [
          -0.5052037751586417,
          0.1338829394950406,
          0.8525477709725958
        ]
      ],
      "t_w2c": [
        -34.54818366113874,
        -0.3838873443489559,
        3.32118815772715
      ],
      "R_c2w": [
        [
          0.8625090941286636,
          0.029053233897350733,
          -0.5052037751586417
        ],
        [
          0.04507309203278849,
          0.989970400101318,
          0.1338829394950406
        ],
        [
          0.5040253949448819,
          -0.13824391861870988,
          0.8525477709725958
        ]
      ],
      "t_c2w": [
        31.487152557461002,
        1.492580136430525,
        14.528620262791973
      ]
    },
    {
      "name": "frame_073",
      "id": 34,
      "R_w2c": [
        [
          0.7850016691526417,
          0.06454255055821533,
          0.6161169703746966
        ],
        [
          0.005318300747202997,
          0.9938180075310877,
          -0.11088396844147691
        ],
        [
          -0.6194674508620581,
          0.09032336260920376,
          0.7798043613805719
        ]
      ],
      "t_w2c": [
        -34.737688014287606,
        -0.031333734049088346,
        8.274113744359694
      ],
      "R_c2w": [
        [
          0.7850016691526417,
          0.005318300747202997,
          -0.6194674508620581
        ],
        [
          0.06454255055821533,
          0.9938180075310877,
          0.09032336260920376
        ],
        [
          0.6161169703746966,
          -0.11088396844147691,
          0.7798043613805719
        ]
      ],
      "t_c2w": [
        32.39485386530191,
        1.5258532380772452,
        14.946814703996214
      ]
    },
    {
      "name": "frame_075",
      "id": 35,
      "R_w2c": [
        [
          0.7730246723078996,
          0.07337674962117804,
          0.6301122664155452
        ],
        [
          -0.03598537052825684,
          0.9967599660894267,
          -0.07192468396114554
        ],
        [
          -0.6333512730314783,
          0.0329265694939032,
          0.7731585990230697
        ]
      ],
      "t_w2c": [
        -35.54088804334128,
        0.7515850021968817,
        9.157648949854755
      ],
      "R_c2w": [
        [
          0.7730246723078996,
          -0.03598537052825684,
          -0.6333512730314783
        ],
        [
          0.07337674962117804,
          0.9967599660894267,
          0.0329265694939032
        ],
        [
          0.6301122664155452,
          -0.07192468396114554,
          0.7731585990230697
        ]
      ],
      "t_c2w": [
        33.301038018389065,
        1.557195037419326,
        15.368491996749086
      ]
    },
    {
      "name": "frame_077",
      "id": 36,
      "R_w2c": [
        [
          0.7699019259203004,
          0.06689113631960138,
          0.6346413485959022
        ],
        [
          -0.009533081324434842,
          0.9955856505668493,
          -0.09336854738609948
        ],
        [
          -0.6380878370762466,
          0.06583670979178091,
          0.7671385717232032
        ]
      ],
      "t_w2c": [
        -36.410103479180385,
        0.17497122495935227,
        9.76212797862699
      ],
      "R_c2w": [
        [
          0.7699019259203004,
          -0.009533081324434842,
          -0.6380878370762466
        ],
        [
          0.06689113631960138,
          0.9955856505668493,
          0.06583670979178091
        ],
        [
          0.6346413485959022,
          -0.09336854738609948,
          0.7671385717232032
        ]
      ],
      "t_c2w": [
        34.26297193363899,
        1.6186079677259224,
        15.63478906914918
      ]
    },
    {
      "name": "frame_079",
      "id": 37,
      "R_w2c": [
        [
          0.7408799161433304,
          0.07733926202679792,
          0.6671637823744484
        ],
        [
          0.008336568754572754,
          0.9922122500708102,
          -0.12427587616547849
        ],
        [
          -0.6715821857138844,
          0.09763796620194001,
          0.7344641844713513
        ]
      ],
      "t_w2c": [
        -36.90005366616652,
        0.0508484011897392,
        11.652736988956844
      ],
      "R_c2w": [
        [
          0.7408799161433304,
          0.008336568754572754,
          -0.6715821857138844
        ],
        [
          0.07733926202679792,
          0.9922122500708102,
          0.09763796620194001
        ],
        [
          0.6671637823744484,
          -0.12427587616547849,
          0.7344641844713513
        ]
      ],
      "t_c2w": [
        35.16385534127393,
        1.6656209724457187,
        16.066180633895918
      ]
    },
    {
      "name": "frame_081",
      "id": 38,
      "R_w2c": [
        [
          0.7462434780700693,
          0.07114140304858593,
          0.6618541395151062
        ],
        [
          -0.0032215986543355796,
          0.9946469393877021,
          -0.1032798169107717
        ],
        [
          -0.6656608959342736,
          0.07494175131860419,
          0.7424775943326011
        ]
      ],
      "t_w2c": [
        -37.986350275931564,
        0.08056988008107793,
        11.243824141093665
      ],
      "R_c2w": [
        [
          0.7462434780700693,
          -0.0032215986543355796,
          -0.6656608959342736
        ],
        [
          0.07114140304858593,
          0.9946469393877021,
          0.07494175131860419
        ],
        [
          0.6618541395151062,
          -0.1032798169107717,
          0.7424775943326011
        ]
      ],
      "t_c2w": [
        35.83189976440418,
        1.7796317980433727,
        16.80145691828135
      ]
    },
    {
      "name": "frame_083",
      "id": 39,
      "R_w2c": [
        [
          0.7559188305508359,
          0.061526666695329156,
          0.6517610723682926
        ],
        [
          -0.03198129062337495,
          0.9978553984587124,
          -0.057106045290759785
        ],
        [
          -0.6538792198054989,
          0.022325003394382113,
          0.7562647614228157
        ]
      ],
      "t_w2c": [
        -39.126226580909766,
        0.302906813805919,
        10.485899940565366
      ],
      "R_c2w": [
        [
          0.7559188305508359,
          -0.03198129062337495,
          -0.6538792198054989
        ],
        [
          0.061526666695329156,
          0.9978553984587124,
          0.022325003394382113
        ],
        [
          0.6517610723682926,
          -0.057106045290759785,
          0.7562647614228157
        ]
      ],
      "t_c2w": [
        36.442450863847874,
        1.8709513507371258,
        17.58813258747144
      ]
    },
    {
      "name": "frame_085",
      "id": 40,
