{
  "K": [
    [
      3183.8330165146126,
      0.0,
      1100.814254448177
    ],
    [
      0.0,
      3183.592270336112,
      1927.6877827756523
    ],
    [
      0.0,
      0.0,
      1.0
    ]
  ],
  "cameras_optimized": [
    {
      "R_w2c": [
        [
          0.9998085657475962,
          -0.017826958723203144,
          0.008064204884283275
        ],
        [
          0.0180150424255054,
          0.999552378781656,
          -0.023885148488968465
        ],
        [
          -0.00763479561885761,
          0.02402585304654225,
          0.9996821836370019
        ]
      ],
      "id": 0,
      "t_w2c": [
        -0.7086433321409332,
        -0.32553088586049767,
        -0.6259825741434281
      ]
    },
    {
      "R_w2c": [
        [
          0.9999454748392016,
          0.002629418189224719,
          0.010106112437030175
        ],
        [
          -0.0026918906492649332,
          0.9999773234707783,
          0.006173027535252289
        ],
        [
          -0.010089651794592409,
          -0.006199895499502966,
          0.9999298776526578
        ]
      ],
      "id": 1,
      "t_w2c": [
        -1.7421593013316647,
        -0.35609495783518075,
        -0.9526413872344457
      ]
    },
    {
      "R_w2c": [
        [
          0.9860533647538106,
          -0.15467710551046973,
          0.06143089522863574
        ],
        [
          0.1578251649813727,
          0.986191038531619,
          -0.05018418892967394
        ],
        [
          -0.05282025327742287,
          0.05917962952595876,
          0.9968489315301888
        ]
      ],
      "id": 2,
      "t_w2c": [
        -3.035559494772282,
        -0.9435736837553712,
        0.9403035867859129
      ]
    },
    {
      "R_w2c": [
        [
          0.9934391207683984,
          -0.07147255356944135,
          0.08927702623393668
        ],
        [
          0.07500001559556596,
          0.9965043325891632,
          -0.0367982715856527
        ],
        [
          -0.08633487700562587,
          0.04325262092971856,
          0.9953268306416408
        ]
      ],
      "id": 3,
      "t_w2c": [
        -3.043030238015543,
        -1.5211919409445278,
        0.7836304135737594
      ]
    },
    {
      "R_w2c": [
        [
          0.9968673986423789,
          -0.06448727348423305,
          0.04579062221182436
        ],
        [
          0.06607519502592119,
          0.9972333752912613,
          -0.034053836898133384
        ],
        [
          -0.04346789765174718,
          0.0369727840954387,
          0.9983704498381196
        ]
      ],
      "id": 4,
      "t_w2c": [
        -3.6506881856395785,
        -1.4928712183118027,
        0.4163925917722578
      ]
    },
    {
      "R_w2c": [
        [
          0.9979225698066739,
          -0.06437254573130723,
          0.0025923013935083825
        ],
        [
          0.0644026803166911,
          0.9978256996330488,
          -0.014005995853307023
        ],
        [
          -0.0016850633430577175,
          0.014143850532564395,
          0.9998985508808593
        ]
      ],
      "id": 5,
      "t_w2c": [
        -4.770014322048939,
        -1.5462831541033333,
        0.18670685305525483
      ]
    },
    {
      "R_w2c": [
        [
          0.9980132744386918,
          -0.062124267515934244,
          0.01049187446403204
        ],
        [
          0.0624356668271488,
          0.9975179282896253,
          -0.03255411262226775
        ],
        [
          -0.00844343247794643,
          0.033144503713023965,
          0.9994149039921346
        ]
      ],
      "id": 6,
      "t_w2c": [
        -5.265053806154298,
        -2.1844010096107747,
        1.3562394351360982
      ]
    },
    {
      "R_w2c": [
        [
          0.9953468234583773,
          -0.08929548742338321,
          0.0362079681442968
        ],
        [
          0.09093893150122785,
          0.9947649783938781,
          -0.04661275038487174
        ],
        [
          -0.031856110382986046,
          0.04968856696311316,
          0.9982565975461516
        ]
      ],
      "id": 7,
      "t_w2c": [
        -5.656796078219251,
        -2.2907338046431933,
        1.205908538205349
      ]
    },
    {
      "R_w2c": [
        [
          0.9948676795091767,
          -0.06483278206877399,
          0.07768533090132962
        ],
        [
          0.06660710699258474,
          0.9975693230148278,
          -0.020468001314650788
        ],
        [
          -0.07616950548680615,
          0.025537348119196588,
          0.9967678015891838
        ]
      ],
      "id": 8,
      "t_w2c": [
        -6.323801612990506,
        -1.7558961052191018,
        -0.3379573912639766
      ]
    },
    {
      "R_w2c": [
        [
          0.9945325934254714,
          -0.07142206046624934,
          0.07618274012636549
        ],
        [
          0.07215431753819078,
          0.9973696157915891,
          -0.006899562039423053
        ],
        [
          -0.07548956931261332,
          0.012358752950574578,
          0.9970700006270887
        ]
      ],
      "id": 9,
      "t_w2c": [
        -7.6910423410083855,
        -1.7817194411660005,
        -0.707461673148766
      ]
    },
    {
      "R_w2c": [
        [
          0.9959720385876311,
          -0.07498232897134459,
          0.049166540387049026
        ],
        [
          0.0757871470928297,
          0.9970154794398605,
          -0.014711971072390103
        ],
        [
          -0.04791666398162607,
          0.018378903648969512,
          0.9986822363562565
        ]
      ],
      "id": 10,
      "t_w2c": [
        -8.959592330020547,
        -1.7789691083097574,
        -0.8756666008036889
      ]
    },
    {
      "R_w2c": [
        [
          0.9970170409518052,
          -0.07574964911269423,
          0.014799010474014176
        ],
        [
          0.07632476232492995,
          0.9961466957721966,
          -0.04320059210448003
        ],
        [
          -0.01146955569101232,
          0.04420125746444789,
          0.9989568049374369
        ]
      ],
      "id": 11,
      "t_w2c": [
        -10.05666331970479,
        -1.8228478681114566,
        -0.7275750591149969
      ]
    },
    {
      "R_w2c": [
        [
          0.9971768079291368,
          -0.07449659455608865,
          -0.009416534808692846
        ],
        [
          0.07379841192853973,
          0.9954500551835258,
          -0.060274223611267046
        ],
        [
          0.013863914493502435,
          0.05940913258633893,
          0.9981374388531149
        ]
      ],
      "id": 12,
      "t_w2c": [
        -11.021494362794531,
        -1.8772445753934983,
        -0.7312040679889765
      ]
    },
    {
      "R_w2c": [
        [
          0.9960007459109987,
          -0.0851139889132056,
          -0.0271684198292193
        ],
        [
          0.08347090076347394,
          0.9948922287289994,
          -0.056763209391106184
        ],
        [
          0.031860992929729735,
          0.0542684264183788,
          0.9980179432372971
        ]
      ],
      "id": 13,
      "t_w2c": [
        -12.600898921814888,
        -1.767828412813438,
        -0.9174693566918656
      ]
    },
    {
      "R_w2c": [
        [
          0.9893623642454614,
          -0.12422336705607051,
          0.07570117100734822
        ],
        [
          0.12683559068600725,
          0.9914480165546083,
          -0.03071747719564172
        ],
        [
          -0.07123794740138595,
          0.03999231860227556,
          0.996657297822502
        ]
      ],
      "id": 14,
      "t_w2c": [
        -9.183123323915211,
        -1.216483681980579,
        -2.1616034539952227
      ]
    },
    {
      "R_w2c": [
        [
          0.9859416372195022,
          -0.103109429333877,
          0.13148206561873574
        ],
        [
          0.10163453970918883,
          0.9946607987505772,
          0.017897367598755088
        ],
        [
          -0.13262544376939375,
          -0.004282640693062272,
          0.9911569757882277
        ]
      ],
      "id": 15,
      "t_w2c": [
        -10.807587841029362,
        -2.5081318333245743,
        4.476335694175972
      ]
    },
    {
      "R_w2c": [
        [
          0.9885225844703132,
          -0.10721811389029867,
          0.10643014632114202
        ],
        [
          0.1063129650005254,
          0.9942319081623143,
          0.014158610974260695
        ],
        [
          -0.10733430702683007,
          -0.0026812022919455976,
          0.9942193710089036
        ]
      ],
      "id": 16,
      "t_w2c": [
        -12.592206442873989,
        -2.456848796922392,
        4.718832933944115
      ]
    },
    {
      "R_w2c": [
        [
          0.9931967093512364,
          -0.10713189168345065,
          0.045640489898786
        ],
        [
          0.10698047713900254,
          0.994244469218254,
          0.005754384417429212
        ],
        [
          -0.04599428274239254,
          -0.0008325942815027745,
          0.998941356007336
        ]
      ],
      "id": 17,
      "t_w2c": [
        -15.79933257955934,
        -2.390389380941625,
        5.220240332183776
      ]
    },
    {
      "R_w2c": [
        [
          0.9446371825291082,
          -0.2670965318908265,
          0.1905781625353783
        ],
        [
          0.28387015079616174,
          0.9565585676346434,
          -0.06643375777211175
        ],
        [
          -0.16455494787587743,
          0.11685524950404214,
          0.9794215230394497
        ]
      ],
      "id": 18,
      "t_w2c": [
        -11.831107921307497,
        0.11108950151763455,
        11.341225366362938
      ]
    },
    {
      "R_w2c": [
        [
          0.9446304798170201,
          -0.26561371294563507,
          0.19267229197759625
        ],
        [
          0.2807644746947362,
          0.9581634562969521,
          -0.055624641719901766
        ],
        [
          -0.16983688159541535,
          0.10664026684284132,
          0.979685300051824
        ]
      ],
      "id": 19,
      "t_w2c": [
        -14.403246219023329,
        0.02592104609504707,
        11.166140949053386
      ]
    },
    {
      "R_w2c": [
        [
          0.9696360118599487,
          -0.20948898732047294,
          0.1261759434114758
        ],
        [
          0.21460615654423632,
          0.9762913208110139,
          -0.02827462612302026
        ],
        [
          -0.11726125565438895,
          0.054494229974636405,
          0.9916048491318643
        ]
      ],
      "id": 20,
      "t_w2c": [
        -14.98583887529512,
        -2.8269733208536802,
        5.228197683814565
      ]
    },
    {
      "R_w2c": [
        [
          0.9708509564591179,
          -0.21389978237297808,
          0.10814482624336953
        ],
        [
          0.21734863303654173,
          0.9758672567776252,
          -0.02103969739466588
        ],
        [
          -0.1010346082268976,
          0.043931540493192506,
          0.9939124849252736
        ]
      ],
      "id": 21,
      "t_w2c": [
        -17.245698630543156,
        -2.950844100576348,
        5.674746569688832
      ]
    },
    {
      "R_w2c": [
        [
          0.9729511869583599,
          -0.19310064221646395,
          0.12679956534589454
        ],
        [
          0.19516253817833878,
          0.9807630604094961,
          -0.0039246691564369905
        ],
        [
          -0.12360247363263828,
          0.02856503652698913,
          0.9919205952091653
        ]
      ],
      "id": 22,
      "t_w2c": [
        -17.157265673937275,
        -2.9157576680384465,
        5.013615909993601
      ]
    },
    {
      "R_w2c": [
        [
          0.9689179941597079,
          -0.16984202655456432,
          0.1798655236819078
        ],
        [
          0.1747093180075331,
          0.9845534140090303,
          -0.011455529865772014
        ],
        [
          -0.17514158499588536,
          0.042523651995114334,
          0.9836245036730874
        ]
      ],
      "id": 23,
      "t_w2c": [
        -20.270725481413987,
        -3.2002579708960353,
        3.9096802518812774
      ]
    },
    {
      "R_w2c": [
        [
          0.9619129028557866,
          -0.18768384503496724,
          0.19874189702336162
        ],
        [
          0.18774338593020276,
          0.9820397283848519,
          0.0187187850372131
        ],
        [
          -0.1986856521216794,
          0.019306635820278455,
          0.9798730864016453
        ]
      ],
      "id": 24,
      "t_w2c": [
        -19.54920987203613,
        -0.3489408813672572,
        11.90023600066975
      ]
    },
    {
      "R_w2c": [
        [
          0.9664730682036671,
          -0.11526278650002268,
          0.22944345378598202
        ],
        [
          0.119694688296569,
          0.9927958175953785,
          -0.0054448286209129535
        ],
        [
          -0.22716291517449994,
          0.03272544290569825,
          0.9733067632334879
        ]
      ],
      "id": 25,
      "t_w2c": [
        -16.82437617053093,
        -2.1416617452859077,
        11.443891754749005
      ]
    },
    {
      "R_w2c": [
        [
          0.9678714587795529,
          -0.12811960118256366,
          0.2163566663469397
        ],
        [
          0.1377390709879483,
          0.9900165645853873,
          -0.02991906031152381
        ],
        [
          -0.2103634654670746,
          0.05875857077370495,
          0.975855851423413
        ]
      ],
      "id": 26,
      "t_w2c": [
        -19.381554513062525,
        -1.8053974014932364,
        13.686222737084321
      ]
    },
    {
      "R_w2c": [
        [
          0.9135179087373356,
          -0.3516681167234126,
          0.2044861024528881
        ],
        [
          0.3702942030640064,
          0.9269698568690304,
          -0.060075682546281886
        ],
        [
          -0.168425750980535,
          0.13060023023110445,
          0.9770242301346601
        ]
      ],
      "id": 27,
      "t_w2c": [
        -19.323600759195777,
        0.23152865919735272,
        16.258978332085327
      ]
    },
    {
      "R_w2c": [
        [
          0.9120439473394945,
          -0.3415044871767996,
          0.2270474033313409
        ],
        [
          0.35633680011487723,
          0.9339792098732107,
          -0.02658797488533264
        ],
        [
          -0.2029776416388848,
          0.10515474674366408,
          0.9735207014912381
        ]
      ],
      "id": 28,
      "t_w2c": [
        -20.024056418424056,
        -0.46561474821644505,
        15.606679006524454
      ]
    },
    {
      "R_w2c": [
        [
          0.9004206169780917,
          -0.3565268290750403,
          0.2492615747974198
        ],
        [
          0.3724752737764222,
          0.9278604189324356,
          -0.018363371251064332
        ],
        [
          -0.22473291469202286,
          0.10937853138629222,
          0.9682620791530596
        ]
      ],
      "id": 29,
      "t_w2c": [
        -19.785417438604643,
        0.1731841611224446,
        16.20459122157242
      ]
    },
    {
      "R_w2c": [
        [
          0.899830637220304,
          -0.35808056675438654,
          0.24916486917813896
        ],
        [
          0.3766033094359836,
          0.9259074330339929,
          -0.029417219009734034
        ],
        [
          -0.22016986996763782,
          0.12030682925444924,
          0.9680142019584084
        ]
      ],
      "id": 30,
      "t_w2c": [
        -19.613068816881416,
        0.45229732920131993,
        16.443683935558635
      ]
    },
    {
      "R_w2c": [
        [
          0.897558674126788,
          -0.3508346058637037,
          0.2670271630906151
        ],
        [
          0.3663892538482861,
          0.9304170420400308,
          -0.009112768293755381
        ],
        [
          -0.24524954875444402,
          0.1060151272693628,
          0.963645916104978
        ]
      ],
      "id": 31,
      "t_w2c": [
        -20.068793510483744,
        0.028873095052111407,
        15.987985971410664
      ]
    },
    {
      "R_w2c": [
        [
          0.8804088819770216,
          -0.36299639670310324,
          0.3051455661099047
        ],
        [
          0.38389860194874725,
          0.9233289211386252,
          -0.009250233012190773
        ],
        [
          -0.27839192509440397,
          0.1252889435247412,
          0.9522607923634607
        ]
      ],
      "id": 32,
      "t_w2c": [
        -20.91121668195339,
        0.93462934453185,
        14.695969954876897
      ]
    },
    {
      "R_w2c": [
        [
          0.8601563120120367,
          -0.36520235237129584,
          0.35603140413216855
        ],
        [
          0.3827367084248918,
          0.9235786929999642,
          0.02269382868881202
        ],
        [
          -0.3371108585167956,
          0.11674604772303716,
          0.9341983886793636
        ]
      ],
      "id": 33,
      "t_w2c": [
        -25.046256399621857,
        0.7958651333753595,
        13.675168532847888
      ]
    },
    {
      "R_w2c": [
        [
          0.9028200836935978,
          -0.1789977628192751,
          0.3909932191038351
        ],
        [
          0.17663139993685245,
          0.9833660686426671,
          0.042338204952655396
        ],
        [
          -0.39206790870438857,
          0.030837897917333833,
          0.9194192618257502
        ]
      ],
      "id": 34,
      "t_w2c": [
        -27.29990884892445,
        -0.16426242946240405,
        21.218006598936796
      ]
    },
    {
      "R_w2c": [
        [
          0.8994414069949876,
          -0.16191399579248622,
          0.40594213054250455
        ],
        [
          0.18469130284449836,
          0.9826446406342729,
          -0.017280997839892023
        ],
        [
          -0.39609882357371223,
          0.09051722598075641,
          0.9137353849798474
        ]
      ],
      "id": 35,
      "t_w2c": [
        -28.2229048583603,
        1.2269216996671082,
        21.209203327120882
      ]
    },
    {
      "R_w2c": [
        [
          0.8105611153418399,
          -0.3553065401104587,
          0.4655619624180303
        ],
        [
          0.3596911479103523,
          0.9293691355711544,
          0.08303787065344577
        ],
        [
          -0.4621828170872706,
          0.1001512476330692,
          0.8811111003652231
        ]
      ],
      "id": 36,
      "t_w2c": [
        -32.371025419495425,
        4.905494486176007,
        24.154806392659395
      ]
    },
    {
      "R_w2c": [
        [
          0.8007146787541797,
          -0.393729009153849,
          0.45147920281926496
        ],
        [
          0.3879098211716042,
          0.9151007785575999,
          0.11007513671074168
        ],
        [
          -0.4564887445120687,
          0.08699443909815563,
          0.8854659754613908
        ]
      ],
      "id": 37,
      "t_w2c": [
        -32.1408943636683,
        5.130767423237182,
        24.444284250893027
      ]
    },
    {
      "R_w2c": [
        [
          0.8715767686593834,
          -0.31537219347050244,
          0.3753589161307768
        ],
        [
          0.3454091789251868,
          0.9383530414316251,
          -0.0136407019704637
        ],
        [
          -0.34791728247889014,
          0.14154133396864216,
          0.9267791621151618
        ]
      ],
      "id": 38,
      "t_w2c": [
        -34.46974245006291,
        2.704896983907891,
        23.473668268432533
      ]
    },
    {
      "R_w2c": [
        [
          0.8924496703142468,
          -0.19060419493099026,
          0.4089054008333727
        ],
        [
          0.2392374840052943,
          0.9683800087626536,
          -0.07075015813169169
        ],
        [
          -0.38249053871018646,
          0.1609664545908615,
          0.9098300875952825
        ]
      ],
      "id": 39,
      "t_w2c": [
        -28.75782508585974,
        5.598249820848734,
        22.552526179530552
      ]
    },
    {
      "R_w2c": [
        [
          0.8894456822724963,
          -0.12638554077898903,
          0.43921870789939715
        ],
        [
          0.1859630525254858,
          0.9779353294622979,
          -0.09518526401113894
        ],
        [
          -0.4174974507493631,
          0.16634057373794678,
          0.8933233972903172
        ]
      ],
      "id": 40,
      "t_w2c": [
        -29.259620320348386,
        3.644603312115383,
        21.220363593003775
      ]
    },
    {
      "R_w2c": [
        [
          0.7246052092541988,
          -0.501938046650478,
          0.47223456888116655
        ],
        [
          0.5590566043466475,
          0.8288072872825013,
          0.023112630395896366
        ],
        [
          -0.4029925605492918,
          0.24725832214937457,
          0.8811698577855471
        ]
      ],
      "id": 41,
      "t_w2c": [
        -24.69779459823663,
        0.0830883932084612,
        37.63374983549729
      ]
    },
    {
      "R_w2c": [
        [
          0.7552037759698437,
          -0.45798618520435413,
          0.4689519281577305
        ],
        [
          0.5118065341708975,
          0.8589754315638002,
          0.014672407769594914
        ],
        [
          -0.40953794493412227,
          0.22893200329300037,
          0.8831018115298992
        ]
      ],
      "id": 42,
      "t_w2c": [
        -25.29747288179695,
        -0.9802245243276753,
        36.25509839393951
      ]
    },
    {
      "R_w2c": [
        [
          0.9201239609590299,
          -0.09016581970414875,
          0.3811063124984216
        ],
        [
          0.08594885670728433,
          0.9959029251328537,
          0.02810974461883539
        ],
        [
          -0.38207942956900515,
          0.006891202282938753,
          0.9241037933215723
        ]
      ],
      "id": 43,
      "t_w2c": [
        -35.95087224163358,
        -0.28205986499097924,
        18.360436166264556
      ]
    },
    {
      "R_w2c": [
        [
          0.9399623355121893,
          -0.08108470296329538,
          0.33150577485742927
        ],
        [
          0.06982577223914078,
          0.9965093255909265,
          0.04575506028325585
        ],
        [
          -0.33405863160480986,
          -0.01986038659419545,
          0.9423430350433175
        ]
      ],
      "id": 44,
      "t_w2c": [
        -34.017445887928815,
        -1.2630030937754404,
        18.726238544422582
      ]
    },
    {
      "R_w2c": [
        [
          0.9553390755965698,
          -0.10103143241132262,
          0.2777046998219653
        ],
        [
          0.09036412446546516,
          0.9946030442953544,
          0.05098146023804223
        ],
        [
          -0.2813566698123245,
          -0.023610039037017833,
          0.9593127698559991
        ]
      ],
      "id": 45,
      "t_w2c": [
        -32.897998034980006,
        -0.8514161913109923,
        20.590836257814505
      ]
    },
    {
      "R_w2c": [
        [
          0.96772469444538,
          -0.0882872233086269,
          0.23603872979036433
        ],
        [
          0.07706777184499533,
          0.9954315337060589,
          0.05636151387650161
        ],
        [
          -0.23993639637087932,
          -0.03635144982055029,
          0.9701077763797693
        ]
      ],
      "id": 46,
      "t_w2c": [
        -32.021091053756855,
        -0.7042031359847488,
        18.289649777663396
      ]
    },
    {
      "R_w2c": [
        [
          0.9715018580641365,
          -0.07936112756416745,
          0.22335163131187213
        ],
        [
          0.07120517798197974,
          0.9964752791044537,
          0.04434907848260044
        ],
        [
          -0.22608397202474373,
          -0.027181419489151183,
          0.9737285083780128
        ]
      ],
      "id": 47,
      "t_w2c": [
        -31.18456629835366,
        -0.6912697986400271,
        18.581500495448537
      ]
    },
    {
      "R_w2c": [
        [
          0.9720145113809145,
          -0.05598068628183528,
          0.22815335287550909
        ],
        [
          0.05232103644906903,
          0.9983865832108838,
          0.022062175989513495
        ],
        [
          -0.22902030217825015,
          -0.009507535322669862,
          0.9733752143763837
        ]
      ],
      "id": 48,
      "t_w2c": [
        -31.013433673417254,
        -0.8460412753661152,
        18.42094255924711
      ]
    },
    {
      "R_w2c": [
        [
          0.9658587205818078,
          -0.04791689894922158,
          0.2545994946404324
        ],
        [
          0.043105428587749926,
          0.9987713707680724,
          0.024447309879248147
        ],
        [
          -0.2554581255359474,
          -0.012638027106937233,
          0.9667375167895909
        ]
      ],
      "id": 49,
      "t_w2c": [
        -28.976971448183,
        -1.0101738567981808,
        17.143058592893382
      ]
    },
    {
      "R_w2c": [
        [
          0.957373396714841,
          -0.11820953325806659,
          0.2635577460625998
        ],
        [
          0.130441154258824,
          0.9910218449048704,
          -0.029339533005360584
        ],
        [
          -0.25772327123935374,
          0.062467664981628784,
          0.9641973378377632
        ]
      ],
      "id": 50,
      "t_w2c": [
        -24.73498772820569,
        -1.0194870898890234,
        8.269842705412994
      ]
    },
    {
      "R_w2c": [
        [
          0.9710954698581521,
          -0.12247053837805047,
          0.20487692805771265
        ],
        [
          0.12918648577974448,
          0.991425001819183,
          -0.019680387692134982
        ],
        [
          -0.20070984109618187,
          0.04557886568600987,
          0.9785898664353325
        ]
      ],
      "id": 51,
      "t_w2c": [
        -24.30466105259801,
        -1.032232890043964,
        9.120830282002991
      ]
    },
    {
      "R_w2c": [
        [
          0.9760492982395459,
          -0.12488725922798062,
          0.1781318048205125
        ],
        [
          0.13156626767660237,
          0.9909626441341748,
          -0.026141062339800424
        ],
        [
          -0.17325727868040236,
          0.048951102266730294,
          0.9836593439657519
        ]
      ],
      "id": 52,
      "t_w2c": [
        -23.99327041866686,
        -0.9454640253574638,
        9.852497116776343
      ]
    },
    {
      "R_w2c": [
        [
          0.9764134698204906,
          -0.11425790225340098,
          0.1831989839648745
        ],
        [
          0.12396407093666813,
          0.9913805450167852,
          -0.04239721782181698
        ],
        [
          -0.17677569139991728,
          0.06410730640788266,
          0.9821611925723838
        ]
      ],
      "id": 53,
      "t_w2c": [
        -23.541962444288295,
        -0.8553668977538678,
        9.374245689309065
      ]
    },
    {
      "R_w2c": [
        [
          0.9694841941248566,
          -0.11867565006056423,
          0.21451453895897055
        ],
        [
          0.12876459349995498,
          0.9911046100797859,
          -0.03363526927775288
        ],
        [
          -0.20861466104487608,
          0.060230739338796906,
          0.976141476035023
        ]
      ],
      "id": 54,
      "t_w2c": [
        -22.56339265585178,
        0.11908919442291112,
        8.059863756596354
      ]
    },
    {
      "R_w2c": [
        [
          0.9722894453574902,
          -0.12019113525422168,
          0.2005176437441991
        ],
        [
          0.13141052374873383,
          0.9903703663768902,
          -0.043563880114008816
        ],
        [
          -0.19335074009299166,
          0.06870682941895705,
          0.9787210342567931
        ]
      ],
      "id": 55,
      "t_w2c": [
        -21.98906342455619,
        0.25935948989395147,
        8.369540873882016
      ]
    },
    {
      "R_w2c": [
        [
          0.9682267331929453,
          -0.12831927795640669,
          0.21464192515737365
        ],
        [
          0.13977723291953087,
          0.9894138763734326,
          -0.03901930800330785
        ],
        [
          -0.2073627697728702,
          0.0677815914865108,
          0.975913078899796
        ]
      ],
      "id": 56,
      "t_w2c": [
        -21.35475110261933,
        0.3975471396986034,
        8.027307529924109
      ]
    },
    {
      "R_w2c": [
        [
          0.9731413614867049,
          -0.12164741066256098,
          0.1954425696794241
        ],
        [
          0.1320421133655117,
          0.990395078545873,
          -0.04101790694420394
        ],
        [
          -0.18857563697830018,
          0.06572287175107505,
          0.9798569963351897
        ]
      ],
      "id": 57,
      "t_w2c": [
        -21.091774989223428,
        0.2425872415579918,
        8.434897507441203
      ]
    },
    {
      "R_w2c": [
        [
          0.9905699423700388,
          -0.09236771178671588,
          0.10118989619672594
        ],
        [
          0.09860025799532476,
          0.9934109286055913,
          -0.05841845641774719
        ],
        [
          -0.09512716960087364,
          0.06784491687859175,
          0.9931504865112153
        ]
      ],
      "id": 58,
      "t_w2c": [
        -20.587051208437373,
        -0.3003982936748314,
        10.454885103116121
      ]
    },
    {
      "R_w2c": [
        [
          0.9872137862649204,
          -0.0904377943376344,
          0.1312628872294982
        ],
        [
          0.09872641010390192,
          0.9934192799357177,
          -0.058062295855368845
        ],
        [
          -0.12514805694247266,
          0.07027901256665431,
          0.9896458074665803
        ]
      ],
      "id": 59,
      "t_w2c": [
        -19.69941339959904,
        -0.24664287096108967,
        9.524446959363727
      ]
    },
    {
      "R_w2c": [
        [
          0.9943952183036902,
          -0.086153406661147,
          0.06128409528935924
        ],
        [
          0.08910504815663374,
          0.9949042969808598,
          -0.04717764557526294
        ],
        [
          -0.056907294855406854,
          0.05237394743286185,
          0.997004779036961
        ]
      ],
      "id": 60,
      "t_w2c": [
        -18.6787628435773,
        -0.5462877315205263,
        10.907426335956261
      ]
    },
    {
      "R_w2c": [
        [
          0.9907264138086348,
          -0.05895766761534594,
          0.12241391428771561
        ],
        [
          0.06760134980047054,
          0.9954129776313262,
          -0.06769831215245573
        ],
        [
          -0.11786106433863652,
          0.07534585185990866,
          0.9901675474991434
        ]
      ],
      "id": 61,
      "t_w2c": [
        -16.753606587595613,
        -0.7182303212942797,
        10.14894519346242
      ]
    },
    {
      "R_w2c": [
        [
          0.9909255558511604,
          -0.06253655885973562,
          0.11897781964320818
        ],
        [
          0.06943887609590042,
          0.9960811736055849,
          -0.054777167461076505
        ],
        [
          -0.11508599066614121,
          0.06254178119068445,
          0.9913847589901155
        ]
      ],
      "id": 62,
      "t_w2c": [
        -15.382910388920944,
        -0.8076374234819907,
        10.387229567352412
      ]
    },
    {
      "R_w2c": [
        [
          0.9950080839110083,
          -0.08279134807614325,
          0.055718090737918634
        ],
        [
          0.08431049096607501,
          0.9961135477541476,
          -0.025486096086001008
        ],
        [
          -0.053391516786877515,
          0.030056491218709912,
          0.9981212117126939
        ]
      ],
      "id": 63,
      "t_w2c": [
        -15.494538952555855,
        -1.0851221733584118,
        4.8871896291146015
      ]
    },
    {
      "R_w2c": [
        [
          0.9947327459338019,
          -0.06919183159403668,
          0.07562575360061428
        ],
        [
          0.07181336925828853,
          0.9968881275092052,
          -0.032510017332561
        ],
        [
          -0.07314098825399516,
          0.03776971898033112,
          0.9966061630179576
        ]
      ],
      "id": 64,
      "t_w2c": [
        -14.236450373262109,
        -1.2543355928991329,
        4.925687902759105
      ]
    },
    {
      "R_w2c": [
        [
          0.9932787064203246,
          -0.06208306208582141,
          0.09768881601296371
        ],
        [
          0.06530522548576698,
          0.9974101513020577,
          -0.03013664884919246
        ],
        [
          -0.09556484131844599,
          0.03631368174193366,
          0.9947606132241695
        ]
      ],
      "id": 65,
      "t_w2c": [
        -13.610889450050719,
        -1.3512446905059299,
        4.813221093226337
      ]
    },
    {
      "R_w2c": [
        [
          0.9973226780369446,
          -0.049247178158764546,
          0.054057296608467344
        ],
        [
          0.05120714284003865,
          0.9980572245743916,
          -0.035490914288341086
        ],
        [
          -0.052204448042066205,
          0.03816401339300414,
          0.9979069113330972
        ]
      ],
      "id": 66,
      "t_w2c": [
        -13.724730203053928,
        -0.2622520887085227,
        0.8747215449616578
      ]
    },
    {
      "R_w2c": [
        [
          0.9993147744035789,
          -0.033207434625813576,
          0.016347719850076922
        ],
        [
          0.03400947240426552,
          0.9980932839731484,
          -0.0515087592015139
        ],
        [
          -0.014606075636795219,
          0.052029441408383,
          0.998538732238877
        ]
      ],
      "id": 67,
      "t_w2c": [
        -12.38657725718551,
        -0.42389753303628724,
        1.62100489714095
      ]
    },
    {
      "R_w2c": [
        [
          0.9981069112977885,
          -0.04245401140569134,
          0.04450000601296485
        ],
        [
          0.04377193599141699,
          0.9986184585116424,
          -0.029072184977988906
        ],
        [
          -0.04320429653578186,
          0.03096500016787565,
          0.998586279459843
        ]
      ],
      "id": 68,
      "t_w2c": [
        -11.44527463558312,
        -0.3369592555329262,
        1.507079451600121
      ]
    },
    {
      "R_w2c": [
        [
          0.9986368472964534,
          -0.04512850045772601,
          0.02622719329697807
        ],
        [
          0.04590744908845319,
          0.9984981752854619,
          -0.029898161645726746
        ],
        [
          -0.024838545448377346,
          0.03106142942686235,
          0.9992088041355365
        ]
      ],
      "id": 69,
      "t_w2c": [
        -11.647723417251887,
        -0.321887750193301,
        2.162507262934423
      ]
    },
    {
      "R_w2c": [
        [
          0.99766101387516,
          -0.01885807373861589,
          0.06570292572219767
        ],
        [
          0.0223293931267028,
          0.9983709203589349,
          -0.052506224242906054
        ],
        [
          -0.0646057241750362,
          0.05385051937095967,
          0.9964568339708936
        ]
      ],
      "id": 70,
      "t_w2c": [
        -10.4829612241046,
        -0.500156092573834,
        2.1314066359966324
      ]
    }
  ],
  "notes": {
    "convention": "R_w2c, t_w2c: x_cam = R_w2c * x_world + t_w2c",
    "fix_first_camera": true,
    "huber_delta_px": 3.0,
    "num_cameras": 71,
    "num_observations": 1677,
    "num_points": 825,
    "solver": "Ceres Solver BA (sparse Schur)"
  },
  "points_optimized": [
    {
      "X": [
        1.5221901687462949,
        5.730193097878247,
        18.980222460809507
      ],
      "id": 0
    },
    {
      "X": [
        0.9279033777313753,
        -3.035110875695313,
        27.30757030164495
      ],
      "id": 1
    },
    {
      "X": [
        -1.4751347859306652,
        -6.620201357027698,
        27.12916447799609
      ],
      "id": 2
    },
    {
      "X": [
        0.18941857849886756,
        6.074544263530575,
        21.294504751091676
      ],
      "id": 3
    },
    {
      "X": [
        0.6311677604422355,
        -3.4874298904244236,
        27.07418962725653
      ],
      "id": 4
    },
    {
      "X": [
        -0.19614374371380788,
        5.0808812497536175,
        13.839369434652838
      ],
      "id": 5
    },
    {
      "X": [
        0.4997127343761664,
        5.983708832813897,
        20.845350405414663
      ],
      "id": 6
    },
    {
      "X": [
        0.41242205796162407,
        -0.7997761430543695,
        24.76609284381965
      ],
      "id": 7
    },
    {
      "X": [
        3.652375299136372,
        -3.0654617606956793,
        34.19574831673515
      ],
      "id": 8
    },
    {
      "X": [
        4.844195855561561,
        4.516380390997633,
        13.884465321644829
      ],
      "id": 9
    },
    {
      "X": [
        4.857803783033773,
        -7.448885492920602,
        24.52750476030494
      ],
      "id": 10
    },
    {
      "X": [
        2.398903306431141,
        -8.359641143558513,
        24.26351337242249
      ],
      "id": 11
    },
    {
      "X": [
        2.2143911655582533,
        -7.84915751744894,
        24.0904565234892
      ],
      "id": 12
    },
    {
      "X": [
        4.0950443052064625,
        -7.425602564563547,
        24.362371373740224
      ],
      "id": 13
    },
    {
      "X": [
        3.302765726562367,
        -5.271836414508633,
        18.063246250262456
      ],
      "id": 14
    },
    {
      "X": [
        7.874925678979268,
        -7.519522302302046,
        26.62942038497912
      ],
      "id": 15
    },
    {
      "X": [
        3.399554793691247,
        -4.502685162088295,
        16.05503880104533
      ],
      "id": 16
    },
    {
      "X": [
        4.003303577744325,
        0.06754356890492183,
        8.052431588252299
      ],
      "id": 17
    },
    {
      "X": [
        0.2585629168030824,
        -6.896207361418155,
        25.028968364206136
      ],
      "id": 18
    },
    {
      "X": [
        3.0359468281104243,
        -8.587432531379969,
        25.238314682963896
      ],
      "id": 19
    },
    {
      "X": [
        4.988772747383204,
        -4.135630824207645,
        24.536368709011715
      ],
      "id": 20
    },
    {
      "X": [
        5.332771691910646,
        -8.341196421876877,
        22.00879565730024
      ],
      "id": 21
    },
    {
      "X": [
        5.069375726706335,
        -4.268280889148809,
        16.60890505988029
      ],
      "id": 22
    },
    {
      "X": [
        2.06029842861055,
        -4.261318575929998,
        14.658436794463995
      ],
      "id": 23
    },
    {
      "X": [
        4.60505987899211,
        -1.915859955230534,
        7.8540878265717895
      ],
      "id": 24
    },
    {
      "X": [
        4.274965388928052,
        -7.8550736517056094,
        20.420201392077622
      ],
      "id": 25
    },
    {
      "X": [
        5.154291113657417,
        -0.9168587214868843,
        8.523163103027347
      ],
      "id": 26
    },
    {
      "X": [
        4.602386347503784,
        -1.529137096423749,
        22.74404395973829
      ],
      "id": 27
    },
    {
      "X": [
        3.482394033777381,
        -2.0767106070543027,
        15.440702425417845
      ],
      "id": 28
    },
    {
      "X": [
        5.604623155182735,
