{
  "frame_001": {
    "R_w2c": [
      [
        1.0,
        0.0,
        0.0
      ],
      [
        0.0,
        1.0,
        0.0
      ],
      [
        0.0,
        0.0,
        1.0
      ]
    ],
    "t_w2c": [
      0.0,
      0.0,
      0.0
    ]
  },
  "frame_003": {
    "R_w2c": [
      [
        0.999941,
        0.001287,
        0.010793
      ],
      [
        -0.001141,
        0.999908,
        -0.013523
      ],
      [
        -0.01081,
        0.01351,
        0.99985
      ]
    ],
    "t_w2c": [
      -0.9909752234450118,
      -0.038328986809862416,
      0.1284515066039445
    ]
  },
  "frame_004": {
    "R_w2c": [
      [
        0.999944180904,
        0.001308985138,
        0.010495692952
      ],
      [
        -0.001054082482,
        0.9997061812510001,
        -0.024237934636000002
      ],
      [
        -0.01052462945,
        0.024225626205,
        0.99965128808
      ]
    ],
    "t_w2c": [
      -1.9887275862327765,
      -0.033073862315607806,
      0.060467368280558625
    ]
  },
  "frame_005": {
    "R_w2c": [
      [
        0.9998150459611175,
        0.004746601568580807,
        0.01865390356346807
      ],
      [
        -0.004005384926475598,
        0.9992086422482992,
        -0.039597303202840786
      ],
      [
        -0.01882770397055379,
        0.039515595660779515,
        0.9990412837439901
      ]
    ],
    "t_w2c": [
      -2.7863509946877865,
      -0.0776551644739378,
      -0.5240337693557264
    ]
  },
  "frame_006": {
    "R_w2c": [
      [
        0.9993411121447,
        0.011749362636171707,
        0.03433929390933207
      ],
      [
        -0.009871292707575401,
        0.998472372139609,
        -0.054375807098040976
      ],
      [
        -0.03492672184608752,
        0.054001595663733595,
        0.9979297037253168
      ]
    ],
    "t_w2c": [
      -3.7724760417229155,
      -0.09483817010507255,
      -0.6861776791767012
    ]
  },
  "frame_007": {
    "R_w2c": [
      [
        0.9986185160629848,
        0.021050738235530497,
        0.04813733482579386
      ],
      [
        -0.018013592583693488,
        0.9978702300318267,
        -0.06270390527313631
      ],
      [
        -0.049355900136109646,
        0.0617513995440946,
        0.996870064101562
      ]
    ],
    "t_w2c": [
      -4.7794956559985255,
      -0.002763501908549565,
      -0.5765520954897099
    ]
  },
  "frame_008": {
    "R_w2c": [
      [
        0.996370055372299,
        0.025603733286101913,
        0.08117759621202109
      ],
      [
        -0.020611859295813474,
        0.9978787159680559,
        -0.06175870868533339
      ],
      [
        -0.08258861184103089,
        0.0598629676970858,
        0.9947839543987728
      ]
    ],
    "t_w2c": [
      -5.715594714626541,
      -0.0337007937214696,
      -0.8076072151371261
    ]
  },
  "frame_009": {
    "R_w2c": [
      [
        0.9928752579333296,
        0.02339916759186806,
        0.11683390099203313
      ],
      [
        -0.017243878581971593,
        0.9984228136317967,
        -0.05342767946272853
      ],
      [
        -0.11790238837614261,
        0.0510337276597803,
        0.9917130207303253
      ]
    ],
    "t_w2c": [
      -6.709773339040041,
      0.12591018338314086,
      -0.7603880326372009
    ]
  },
  "frame_010": {
    "R_w2c": [
      [
        0.9891087150795266,
        0.015424918127817322,
        0.14637355847603317
      ],
      [
        -0.009478827235938703,
        0.9991041186731695,
        -0.04123692811294163
      ],
      [
        -0.1468809666597683,
        0.039401061644100066,
        0.9883693854380092
      ]
    ],
    "t_w2c": [
      -7.706707612617378,
      0.06143666830994391,
      -0.778761754064321
    ]
  },
  "frame_011": {
    "R_w2c": [
      [
        0.9848213568994602,
        0.0055742341641839745,
        0.17347921695890633
      ],
      [
        -0.0002096966106018233,
        0.9995212944630701,
        -0.030932075275371323
      ],
      [
        -0.17357102733713275,
        0.030427344982699455,
        0.9843510187142673
      ]
    ],
    "t_w2c": [
      -8.684818107032873,
      -0.08050956319697489,
      -0.8460759644824807
    ]
  },
  "frame_012": {
    "R_w2c": [
      [
        0.9806561679925334,
        -0.002042112982433659,
        0.19572613091587107
      ],
      [
        0.006672375921034825,
        0.9997130499843099,
        -0.023004342487353377
      ],
      [
        -0.19562562463171504,
        0.023867008282540694,
        0.9803876165847533
      ]
    ],
    "t_w2c": [
      -9.65958609887022,
      -0.07421466372569205,
      -0.9215821850875165
    ]
  },
  "frame_013": {
    "R_w2c": [
      [
        0.9758947193936628,
        -0.0046942859446132195,
        0.21819051925373423
      ],
      [
        0.00888756910728081,
        0.9997938159299975,
        -0.018243564572342677
      ],
      [
        -0.218063304044812,
        0.019744511823137086,
        0.9757344188680172
      ]
    ],
    "t_w2c": [
      -10.670332657863996,
      -0.05103344040787269,
      -0.8081672566750879
    ]
  },
  "frame_014": {
    "R_w2c": [
      [
        0.9674259321678305,
        -0.005057090040782131,
        0.2531041182446058
      ],
      [
        0.009748162428930136,
        0.9998026607250694,
        -0.01728481512876766
      ],
      [
        -0.2529704061894684,
        0.01919148052293002,
        0.9672834378802853
      ]
    ],
    "t_w2c": [
      -11.654262720545882,
      -0.18501724423920654,
      -0.6692417426909495
    ]
  },
  "frame_015": {
    "R_w2c": [
      [
        0.9560321409792499,
        -0.0025805252884162936,
        0.29324971325193633
      ],
      [
        0.009560876649856243,
        0.999703476113759,
        -0.022374808985852344
      ],
      [
        -0.293108285953507,
        0.024196795251470213,
        0.9557732788758405
      ]
    ],
    "t_w2c": [
      -12.621702627632581,
      -0.046985229869512514,
      -0.4740554665424214
    ]
  },
  "frame_016": {
    "R_w2c": [
      [
        0.9456155070333564,
        0.0007028639644076183,
        0.32528385304934343
      ],
      [
        0.009390495256186645,
        0.9995214462487803,
        -0.029462820616580815
      ],
      [
        -0.325152576851683,
        0.03091663317825039,
        0.9451568211721342
      ]
    ],
    "t_w2c": [
      -13.629053567058687,
      -0.024308360388614874,
      0.006701577489486644
    ]
  },
  "frame_017": {
    "R_w2c": [
      [
        0.9346821547357801,
        0.0026049735017925546,
        0.3554738010804182
      ],
      [
        0.011311657755916471,
        0.9992481377781045,
        -0.03706990585647778
      ],
      [
        -0.3553068123232879,
        0.038671390129838314,
        0.9339508923048364
      ]
    ],
    "t_w2c": [
      -14.603694617045138,
      0.014367061418989607,
      0.2575995628912135
    ]
  },
  "frame_018": {
    "R_w2c": [
      [
        0.9243985141799823,
        0.0009051129802964382,
        0.3814258714820336
      ],
      [
        0.014086593991320309,
        0.9992333130560161,
        -0.036514719215637564
      ],
      [
        -0.3811697400068102,
        0.03912853375423326,
        0.9236785471695611
      ]
    ],
    "t_w2c": [
      -15.546700065683053,
      0.03237164595188499,
      0.37593130076524767
    ]
  },
  "frame_019": {
    "R_w2c": [
      [
        0.9160429968323688,
        0.0005011551363682881,
        0.40107882210319323
      ],
      [
        0.013423188673583396,
        0.9993999039780082,
        -0.03191071017779317
      ],
      [
        -0.4008577855797643,
        0.0346173562711867,
        0.9154874657187673
      ]
    ],
    "t_w2c": [
      -16.534261138302206,
      0.049479152407505174,
      0.6801986035030064
    ]
  },
  "frame_020": {
    "R_w2c": [
      [
        0.9072129548125405,
        -0.00039760606756450374,
        0.42067119898373834
      ],
      [
        0.013564863685404655,
        0.9995068907472887,
        -0.028312526849969256
      ],
      [
        -0.4204557410250949,
        0.031394395322634376,
        0.9067714911670399
      ]
    ],
    "t_w2c": [
      -17.475990175864165,
      0.061649676536985346,
      0.7570518552296127
    ]
  },
  "frame_021": {
    "R_w2c": [
      [
        0.8940300465246048,
        0.0008608432220636499,
        0.44800637765556944
      ],
      [
        0.012932128309156379,
        0.9995319801039665,
        -0.027730044338957108
      ],
      [
        -0.44782356041271015,
        0.03058736296360962,
        0.8935999906802978
      ]
    ],
    "t_w2c": [
      -18.348456938275145,
      0.05063117904242539,
      0.8592173327906367
    ]
  },
  "frame_022": {
    "R_w2c": [
      [
        0.8795497879519749,
        0.004364157335231535,
        0.47578651056028853
      ],
      [
        0.01296849510594372,
        0.9993663031297944,
        -0.03314371000473737
      ],
      [
        -0.47563315731143097,
        0.035323624161407045,
        0.8789362009060605
      ]
    ],
    "t_w2c": [
      -19.311391326085182,
      0.06648778864343766,
      1.4028705370998757
    ]
  },
  "frame_023": {
    "R_w2c": [
      [
        0.8630163026193343,
        0.008387906820188267,
        0.5051050410844551
      ],
      [
        0.01587772788850198,
        0.9989177537017956,
        -0.04371951566446412
      ],
      [
        -0.5049283502801815,
        0.04575219895972232,
        0.8619497285108219
      ]
    ],
    "t_w2c": [
      -20.2456664397503,
      0.2030000932588076,
      1.9981190351357088
    ]
  },
  "frame_024": {
    "R_w2c": [
      [
        0.8432741838175247,
        0.014703019069257499,
        0.5372819131420958
      ],
      [
        0.019540958878322686,
        0.998125934678162,
        -0.05798733081292841
      ],
      [
        -0.5371305478664776,
        0.05940018678864902,
        0.8414066341462548
      ]
    ],
    "t_w2c": [
      -21.072156058706284,
      0.1612559345282639,
      2.3851699581467782
    ]
  },
  "frame_025": {
    "R_w2c": [
      [
        0.8237474232648183,
        0.018269961239967176,
        0.5666610544872407
      ],
      [
        0.0254682658912958,
        0.9972784406105999,
        -0.06918043638106106
      ],
      [
        -0.5663853077326242,
        0.07142150176010578,
        0.8210412293901996
      ]
    ],
    "t_w2c": [
      -21.970166578325394,
      0.14376628570093802,
      3.2212508594776796
    ]
  },
  "frame_026": {
    "R_w2c": [
      [
        0.8092719214347739,
        0.018966442433966443,
        0.5871272544704703
      ],
      [
        0.03197842926828047,
        0.9965729351725102,
        -0.0762743219335122
      ],
      [
        -0.5865637274256963,
        0.08050520227080085,
        0.8058928138170551
      ]
    ],
    "t_w2c": [
      -22.855776387644255,
      0.12117020240880172,
      3.999135737589751
    ]
  },
  "frame_027": {
    "R_w2c": [
      [
        0.7942225665349733,
        0.01601116223814598,
        0.607415967621171
      ],
      [
        0.04068060469679411,
        0.9960075670116931,
        -0.07944859029546752
      ],
      [
        -0.6062640610234823,
        0.08781263795436219,
        0.7904010026932017
      ]
    ],
    "t_w2c": [
      -23.725386894363755,
      -0.24072786444748956,
      4.610532009485468
    ]
  },
  "frame_028": {
    "R_w2c": [
      [
        0.7782496240433786,
        0.013481193299671778,
        0.6278098604055575
      ],
      [
        0.0461707664852368,
        0.9958342251505681,
        -0.07862153566121892
      ],
      [
        -0.626255594978833,
        0.09017696386866528,
        0.7743854001680807
      ]
    ],
    "t_w2c": [
      -24.595114378463073,
      -0.36926975412909213,
      5.294042956287422
    ]
  },
  "frame_029": {
    "R_w2c": [
      [
        0.7589647292931648,
        0.0189073014848274,
        0.6508571018034996
      ],
      [
        0.050579188658658965,
        0.9948453779844041,
        -0.08788311943570551
      ],
      [
        -0.6491643440629361,
        0.09962292457824919,
        0.7540964235662945
      ]
    ],
    "t_w2c": [
      -25.338726390787055,
      -0.3938578675866231,
      6.438402097795621
    ]
  },
  "frame_030": {
    "R_w2c": [
      [
        0.7506407754872317,
        0.02431978434908678,
        0.6602619956520112
      ],
      [
        0.05641355382084624,
        0.9933127818701952,
        -0.10072479618134975
      ],
      [
        -0.658297180367665,
        0.1128597365912422,
        0.7442497252433105
      ]
    ],
    "t_w2c": [
      -26.24792733284459,
      -0.37387818095008196,
      6.873828767390625
    ]
  },
  "frame_031": {
    "R_w2c": [
      [
        0.7518456774492752,
        0.022156781952646837,
        0.658965780006645
      ],
      [
        0.06266617611910393,
        0.9925089661558427,
        -0.10487152190967385
      ],
      [
        -0.6563528489114765,
        0.12014577353096502,
        0.7448257074071427
      ]
    ],
    "t_w2c": [
      -27.15326882969932,
      -0.5119545561301171,
      6.368277717024514
    ]
  },
  "frame_032": {
    "R_w2c": [
      [
        0.7287874050722838,
        0.02117207808566873,
        0.6844118755693964
      ],
      [
        0.06117793645884451,
        0.9935108121839874,
        -0.09587905516486288
      ],
      [
        -0.68199969459144,
        0.11175036584089007,
        0.7227631543224363
      ]
    ],
    "t_w2c": [
      -27.89781416854728,
      -0.5937759144622388,
      7.090253655076475
    ]
  },
  "frame_033": {
    "R_w2c": [
      [
        0.7096506747746218,
        0.0220647665715138,
        0.7042080450214652
      ],
      [
        0.04447995303072568,
        0.9961119342159424,
        -0.07603540402602241
      ],
      [
        -0.7031469901492086,
        0.08528550292381516,
        0.7059096133843407
      ]
    ],
    "t_w2c": [
      -28.67177389270202,
      -0.3796714847350857,
      8.05137971658822
    ]
  },
  "frame_034": {
    "R_w2c": [
      [
        0.703051925858928,
        0.019596142661072537,
        0.7108684073048824
      ],
      [
        0.028309853823687274,
        0.9980563954104082,
        -0.055511319599717564
      ],
      [
        -0.7105741068186372,
        0.059154885896403116,
        0.7011301153755323
      ]
    ],
    "t_w2c": [
      -29.58653372755009,
      -0.24142809902361806,
      8.188321496443772
    ]
  },
  "frame_035": {
    "R_w2c": [
      [
        0.6936988839223499,
        0.01565548824139684,
        0.7200950021361779
      ],
      [
        0.020253308250568307,
        0.9989440728190487,
        -0.04122910687636077
      ],
      [
        -0.7199796874144218,
        0.04318828849576134,
        0.6926482286635226
      ]
    ],
    "t_w2c": [
      -30.430895426757182,
      -0.2241764815288613,
      8.27389800762477
    ]
  },
  "frame_036": {
    "R_w2c": [
      [
        0.6765725816344466,
        0.014414538458633809,
        0.7362344205258012
      ],
      [
        0.016021689023083374,
        0.9992833318565021,
        -0.034288140940062974
      ],
      [
        -0.7362009078962852,
        0.034997846842692006,
        0.6758558174779684
      ]
    ],
    "t_w2c": [
      -31.225547629610908,
      -0.2609565802552636,
      9.043060495392243
    ]
  },
  "frame_037": {
    "R_w2c": [
      [
        0.661040972895814,
        0.01368562093672237,
        0.7502241987849161
      ],
      [
        0.013030190952451419,
        0.9994732825759411,
        -0.029713207165049906
      ],
      [
        -0.7502359825323681,
        0.029421644653300275,
        0.660513066893994
      ]
    ],
    "t_w2c": [
      -32.02388454126255,
      -0.23012409477452656,
      9.79839963140458
    ]
  },
  "frame_038": {
    "R_w2c": [
      [
        0.6387068808237666,
        0.016436226506304018,
        0.7692732677854428
      ],
      [
        0.008799938165539731,
        0.9995496825667037,
        -0.028662424431059826
      ],
      [
        -0.7693995853547358,
        0.025081246065986225,
        0.6382735307744358
      ]
    ],
    "t_w2c": [
      -32.539635760343586,
      -0.18545786475651188,
      10.163843930899773
    ]
  },
  "frame_039": {
    "R_w2c": [
      [
        0.6128730888557087,
        0.02041917396644851,
        0.789915734628005
      ],
      [
        0.0007489581184285568,
        0.9996498304055871,
        -0.026421915783010976
      ],
      [
        -0.790180622157513,
        0.016789724804703667,
        0.6126419873735878
      ]
    ],
    "t_w2c": [
      -33.18213209776008,
      -0.0680168026629034,
      11.2047310703702
    ]
  },
  "frame_040": {
    "R_w2c": [
      [
        0.5848910245420385,
        0.02390719483531817,
        0.8107574023215597
      ],
      [
        -0.007233113769370185,
        0.9996789668411536,
        -0.0242604254892947
      ],
      [
        -0.8110785530215607,
        0.008330773953285641,
        0.5848752313271954
      ]
    ],
    "t_w2c": [
      -33.764403224803125,
      0.0633308684608369,
      12.44867817236984
    ]
  },
  "frame_041": {
    "R_w2c": [
      [
        0.5538971383047531,
        0.026559279552290243,
        0.8321591036971978
      ],
      [
        -0.013950463315186639,
        0.9996462233460651,
        -0.02261912124537202
      ],
      [
        -0.8324667978929895,
        0.0009253784222036965,
        0.5540706592729665
      ]
    ],
    "t_w2c": [
      -34.24048781303893,
      0.039346451368940126,
      13.556921335072673
    ]
  },
  "frame_042": {
    "R_w2c": [
      [
        0.5235884980996413,
        0.02586362447215465,
        0.8515764183689035
      ],
      [
        -0.016573282251039653,
        0.9996590384868778,
        -0.02017076232115539
      ],
      [
        -0.8518086127324143,
        -0.0035468775731590137,
        0.523837610210056
      ]
    ],
    "t_w2c": [
      -34.687905015499204,
      0.05102821413843022,
      14.492232213429004
    ]
  },
  "frame_043": {
    "R_w2c": [
      [
        0.502799056266256,
        0.022472850407141545,
        0.8641093888190894
      ],
      [
        -0.015155868929353413,
        0.9997378840507744,
        -0.017180065772426308
      ],
      [
        -0.8642690990992561,
        -0.00445288596356799,
        0.5030064692848061
      ]
    ],
    "t_w2c": [
      -35.314877397533095,
      -0.05176813948088902,
      15.183774607528589
    ]
  },
  "frame_044": {
    "R_w2c": [
      [
        0.4845695538399793,
        0.01960896389442093,
        0.8745306501882054
      ],
      [
        -0.01307720302039669,
        0.9997999270102885,
        -0.01517054370793755
      ],
      [
        -0.874653704911642,
        -0.004079233005100367,
        0.484727577659205
      ]
    ],
    "t_w2c": [
      -35.98698624599395,
      -0.12291272102725054,
      15.929040826172992
    ]
  },
  "frame_045": {
    "R_w2c": [
      [
        0.479379007311727,
        0.018238613661368773,
        0.877415674379289
      ],
      [
        -0.009683268942043029,
        0.9998334379703503,
        -0.015491007299775759
      ],
      [
        -0.8775528888260984,
        -0.0010642430568778866,
        0.47947420271990765
      ]
    ],
    "t_w2c": [
      -36.72702505000618,
      -0.32896814185759843,
      15.603232250338456
    ]
  },
  "frame_046": {
    "R_w2c": [
      [
        0.4697630507439551,
        0.019890617145377754,
        0.8825655051508611
      ],
      [
        -0.007914112960663133,
        0.999800750132423,
        -0.01831804513150283
      ],
      [
        -0.8827552144372344,
        0.0016263421767528713,
        0.4698252649366848
      ]
    ],
    "t_w2c": [
      -37.359540668573246,
      -0.46852213980232926,
      15.428249832012572
    ]
  },
  "frame_047": {
    "R_w2c": [
      [
        0.4626576399245262,
        0.023900022646397973,
        0.8862118105035932
      ],
      [
        -0.004645554901520337,
        0.9996877263689922,
        -0.024531939154183047
      ],
      [
        -0.8865227984575617,
        0.007238688920080486,
        0.4626227309003746
      ]
    ],
    "t_w2c": [
      -38.23091789149146,
      -0.5158954191781431,
      15.739708900935248
    ]
  },
  "frame_048": {
    "R_w2c": [
      [
        0.44625459329609185,
        0.03255429694032899,
        0.8943104939081467
      ],
      [
        0.0017325685308404806,
        0.9993044592435629,
        -0.03723732446903318
      ],
      [
        -0.8949019774983912,
        0.018172550436505293,
        0.4458868918226786
      ]
    ],
    "t_w2c": [
      -38.90991914926658,
      -0.18258250033327295,
      16.569070545015606
    ]
  },
  "frame_051": {
    "R_w2c": [
      [
        0.3653457655279713,
        0.010842861956725862,
        0.9308051829321371
      ],
      [
        -0.0005021610408740384,
        0.999934280889482,
        -0.011446941980476704
      ],
      [
        -0.9308693129617099,
        0.0037196987042497085,
        0.3653271457070086
      ]
    ],
    "t_w2c": [
      -38.25703595784992,
      -0.8904946484211254,
      19.74853693958515
    ]
  },
  "frame_052": {
    "R_w2c": [
      [
        0.3263838744189704,
        0.03682514854335191,
        0.9445158159641451
      ],
      [
        -0.03753532686418445,
        0.9989573918249186,
        -0.02597235950750124
      ],
      [
        -0.9444894030665779,
        -0.02697117215893378,
        0.32742552264238806
      ]
    ],
    "t_w2c": [
      -38.39074443144306,
      0.757108374183137,
      21.076373561511687
    ]
  },
  "frame_053": {
    "R_w2c": [
      [
        0.31167798210885167,
        0.04417041354904283,
        0.949156607018914
      ],
      [
        -0.04522872183735024,
        0.9984757273690207,
        -0.031608272675875626
      ],
      [
        -0.9491091403004907,
        -0.03307247802421917,
        0.3131997954520701
      ]
    ],
    "t_w2c": [
      -39.02776129219558,
      1.1147965912369184,
      21.412104551830446
    ]
  },
  "frame_054": {
    "R_w2c": [
      [
        0.3017891820366172,
        0.041941834222087984,
        0.9524474577157822
      ],
      [
        -0.03753422372583951,
        0.9987791339387725,
        -0.03208407435160163
      ],
      [
        -0.9526335924012229,
        -0.02606182269829437,
        0.3029948913143635
      ]
    ],
    "t_w2c": [
      -39.802958720406416,
      0.8887907891820725,
      21.829463977940556
    ]
  },
  "frame_056": {
    "R_w2c": [
      [
        0.28269952979809115,
        0.03895619091244165,
        0.9584133994686607
      ],
      [
        -0.012401031742591695,
        0.9992387279561951,
        -0.03695279925429584
      ],
      [
        -0.959126369141738,
        -0.0014341733601922913,
        0.2829673343964162
      ]
    ],
    "t_w2c": [
      -40.356524650401646,
      0.15231196089980553,
      22.609694808270753
    ]
  },
  "frame_057": {
    "R_w2c": [
      [
        0.2894050012274866,
        0.03420840426380796,
        0.9565919570234186
      ],
      [
        0.0045901373986737375,
        0.9992992681717475,
        -0.037119507510646854
      ],
      [
        -0.9571933978035738,
        0.015137991722524719,
        0.2890450752730163
      ]
    ],
    "t_w2c": [
      -41.49972625286201,
      -0.4373174429319507,
      22.16794118709124
    ]
  },
  "frame_058": {
    "R_w2c": [
      [
        0.3001594857822578,
        0.022890439132514696,
        0.95361129537796
      ],
      [
        0.021773849175872762,
        0.9992866312115125,
        -0.03083541003834212
      ],
      [
        -0.9536384531354802,
        0.03002322515895399,
        0.2994465585109877
      ]
    ],
    "t_w2c": [
      -42.68699737467916,
      -1.3498981753191375,
      21.386100732294825
    ]
  },
  "frame_059": {
    "R_w2c": [
      [
        0.1796921964704612,
        0.01572436431194116,
        0.9835945120331432
      ],
      [
        0.019886887736745334,
        0.9996091969636584,
        -0.019608673768429147
      ],
      [
        -0.9835198570604983,
        0.023087814556963147,
        0.17930918890583636
      ]
    ],
    "t_w2c": [
      -40.67275167906868,
      -1.7686036244862515,
      26.709562878193992
    ]
  },
  "frame_060": {
    "R_w2c": [
      [
        0.14868363695366393,
        0.02148849330170364,
        0.9886488073546941
      ],
      [
        -0.004327170578730338,
        0.9997681243500887,
        -0.021074113789147246
      ],
      [
        -0.9888734176686591,
        -0.0011406928651520164,
        0.1487417396498151
      ]
    ],
    "t_w2c": [
      -40.81619542734415,
      -0.8798559413194683,
      28.073308614366375
    ]
  },
  "frame_061": {
    "R_w2c": [
      [
        0.1509341048538405,
        0.019082529257710198,
        0.9883575828687289
      ],
      [
        -0.02714800128204192,
        0.9995163453750331,
        -0.01514635676875809
      ],
      [
        -0.9881685792457631,
        -0.02454146925933902,
        0.15137858692644962
      ]
    ],
    "t_w2c": [
      -41.75238638658924,
      -0.36770688497054543,
      27.51386207690844
    ]
  },
  "frame_062": {
    "R_w2c": [
      [
        0.11596523713523281,
        0.0211930523842834,
        0.9930246421110912
      ],
      [
        -0.0367331038876308,
        0.9991794702786554,
        -0.017029120666471453
      ],
      [
        -0.9925717850892346,
        -0.0344980643785649,
        0.11664791817508963
      ]
    ],
    "t_w2c": [
      -41.753739367619104,
      -0.07339222349792786,
      28.985912692834017
    ]
  },
  "frame_063": {
    "R_w2c": [
      [
        0.08049209180822292,
        0.029293952906686987,
        0.9963226468890108
      ],
      [
        -0.031638426500666075,
        0.9991388546537587,
        -0.02681527797223187
      ],
      [
        -0.9962509119218197,
        -0.0293592977159956,
        0.0813496540048009
      ]
    ],
    "t_w2c": [
      -41.69741117058324,
      0.028169310073240906,
      30.41162419711436
    ]
  },
  "frame_064": {
    "R_w2c": [
      [
        0.04893880212907867,
        0.03630754405740905,
        0.9981397127489247
      ],
      [
        -0.021175920571599605,
        0.9991512466832752,
        -0.03530096582466491
      ],
      [
        -0.9985753408051475,
        -0.019404039661324764,
        0.04966680110850202
      ]
    ],
    "t_w2c": [
      -41.62256441419915,
      -0.09204379764954086,
      31.28570976478548
    ]
  },
  "frame_065": {
    "R_w2c": [
      [
        0.0311047126293584,
        0.03909186169444315,
        0.9987495656027034
      ],
      [
        -0.010563126379784188,
        0.9991913381923798,
        -0.03877425787328179
      ],
      [
        -0.9994585824486354,
        -0.00933887229806817,
        0.03149289922695931
      ]
    ],
    "t_w2c": [
      -42.057002608857466,
      -0.2676626635161952,
      31.958080308310105
    ]
  },
  "frame_066": {
    "R_w2c": [
      [
        0.018124263691163125,
        0.037817092332681705,
        0.9991186142716922
      ],
      [
        -0.007363699228704232,
        0.9992614887354416,
        -0.037683159278690224
      ],
      [
        -0.9998073543447521,
        -0.006669532433315967,
        0.018390079887273023
      ]
    ],
    "t_w2c": [
      -42.621903625003526,
      -0.29996491684523463,
      32.36928180698927
    ]
  },
  "frame_067": {
    "R_w2c": [
      [
        0.039229746281104295,
        0.040439645859124074,
        0.9984102878637665
      ],
      [
        -0.012055090014540429,
        0.9991259582992724,
        -0.03998902619563082
      ],
      [
        -0.9991563471912589,
        -0.010462010043253507,
        0.039683370953329924
      ]
    ],
    "t_w2c": [
      -44.09450703849036,
      -0.1312506544643102,
      30.864410966487593
    ]
  },
  "frame_068": {
    "R_w2c": [
      [
        -0.03961772377032505,
        0.01955578166720521,
        0.9990218967246006
      ],
      [
        -0.01192546494733069,
        0.999727080529518,
        -0.0200357524349025
      ],
      [
        -0.9991430859225544,
        -0.012702683333771869,
        -0.03937300817610239
      ]
    ],
    "t_w2c": [
      -42.48932220105478,
      -1.1476337534640249,
      34.15856836985654
    ]
  },
  "frame_069": {
    "R_w2c": [
      [
        -0.1296323616173434,
        0.021236138201849424,
        0.9913334519852028
      ],
      [
        -0.027266262676700383,
        0.9993153026892151,
        -0.024965262188370203
      ],
      [
        -0.9911866045729106,
        -0.030262206287846895,
        -0.12896384634815145
      ]
    ],
    "t_w2c": [
      -40.23400576450398,
      -0.4409417357752972,
      37.78151847035001
    ]
  },
  "frame_070": {
    "R_w2c": [
      [
        -0.09642511351449773,
        0.03401564020198822,
        0.9947575261881311
      ],
      [
        -0.06188259194498245,
        0.9972764435848457,
        -0.040093411734193424
      ],
      [
        -0.9934139154895194,
        -0.06542022191809813,
        -0.09405678108284353
      ]
    ],
    "t_w2c": [
      -42.45970298863299,
      1.3626687268058488,
      36.139469814652095
    ]
  },
  "frame_071": {
    "R_w2c": [
      [
        -0.08163365186151009,
        0.03573020093644033,
        0.9960200813045292
      ],
      [
        -0.05511212337048604,
        0.9976652059602653,
        -0.04029887468757662
      ],
      [
        -0.9951367969185572,
        -0.05817830992101124,
        -0.07947278515218692
      ]
    ],
    "t_w2c": [
      -43.99086849196003,
      1.0857763470574613,
      35.5022244797023
    ]
  },
  "frame_072": {
    "R_w2c": [
      [
        -0.0791479774273814,
        0.035991501397771124,
        0.9962114184288426
      ],
      [
        -0.020305785574724625,
        0.9990813126061406,
        -0.037700817956296734
      ],
      [
        -0.9966555449452338,
        -0.02320893759172221,
        -0.07834348866912821
      ]
    ],
    "t_w2c": [
      -45.060021206315035,
      -0.11714382147401822,
      35.214175385078455
    ]
  },
  "frame_073": {
    "R_w2c": [
      [
        -0.08051154951035001,
        0.04273181916484378,
        0.9958355294342882
      ],
      [
        0.016017130925306766,
        0.9990059417734597,
        -0.04156488950973502
      ],
      [
        -0.9966246928847444,
        0.012607974855271915,
        -0.08111537591593475
      ]
    ],
    "t_w2c": [
      -45.75874482105742,
      -1.2144952780630316,
      34.59780381251287
    ]
  },
  "frame_074": {
    "R_w2c": [
      [
        -0.1251843427824866,
        0.05236265371821431,
        0.9907492498047475
      ],
      [
        0.04174278110963969,
        0.997998523645441,
        -0.04746419605001482
      ],
      [
        -0.9912544337156808,
        0.03541806024399433,
        -0.12711895088871733
      ]
    ],
    "t_w2c": [
      -45.11043940226079,
      -1.735820051489655,
      36.27472504526985
    ]
  },
  "frame_075": {
    "R_w2c": [
      [
        -0.22185578174346748,
        0.0476657499045201,
        0.9739127575670234
      ],
      [
        0.02577997949542867,
        0.9987403213888463,
        -0.04300003764470263
      ],
      [
        -0.9747384442631334,
        0.015569627333367277,
        -0.2228040709357152
      ]
    ],
    "t_w2c": [
      -42.32594502377348,
      -1.3750408790213409,
      40.57407309892513
    ]
  },
  "frame_076": {
    "R_w2c": [
      [
        -0.2547530675918553,
        0.03570551194282697,
        0.9663459625137489
      ],
      [
        -0.040576936924144255,
        0.9980420225191031,
        -0.047565438105985416
      ],
      [
        -0.9661546214545915,
        -0.051326985603475844,
        -0.25280512781313175
      ]
    ],
    "t_w2c": [
      -41.90199641512025,
      0.8682982511923588,
      41.81813748561654
    ]
  },
  "frame_077": {
    "R_w2c": [
      [
        -0.271271045647064,
        0.032824213546995565,
        0.9619426469328893
      ],
      [
        -0.0733468743845475,
        0.9958057792340653,
        -0.054655413935004754
      ],
      [
        -0.9597044407278325,
        -0.0853806563128306,
        -0.26772539252784217
      ]
    ],
    "t_w2c": [
      -42.070012223784786,
      2.1247372998217693,
      42.0410461760445
    ]
  },
  "frame_078": {
    "R_w2c": [
      [
        -0.2833330527104481,
        0.03128848820219604,
        0.9585103682392465
      ],
      [
        -0.06946819941151207,
        0.9961708753776303,
        -0.053043900518614545
      ],
      [
        -0.9565028578073456,
        -0.08161409366612236,
        -0.2800744575079821
      ]
    ],
    "t_w2c": [
      -42.53584938415169,
      1.8892266932558863,
      42.5988531123613
    ]
  },
  "frame_080": {
    "R_w2c": [
      [
        -0.2984754291026237,
        0.027317486478855794,
        0.9540251853136451
      ],
      [
        -0.0535010816065875,
        0.9975384542568495,
        -0.045293123915210676
      ],
      [
        -0.9529172289690708,
        -0.06455947460952673,
        -0.29627931263298646
      ]
    ],
    "t_w2c": [
      -42.80691061355083,
      0.8164452171359439,
      43.08589952106218
    ]
  },
  "frame_081": {
    "R_w2c": [
      [
        -0.324169996088971,
        0.03296008904549381,
        0.9454234686139557
      ],
      [
        -0.05908227764047966,
        0.9967352019295782,
        -0.05499924547172434
      ],
      [
        -0.9441524838478192,
        -0.0736863152443388,
        -0.3211640120569266
      ]
    ],
    "t_w2c": [
      -42.6092429817638,
      1.5190969014164588,
      43.974824850051334
    ]
  },
  "frame_082": {
    "R_w2c": [
      [
        -0.3547436682831361,
        0.039134478341739345,
        0.9341433692185935
      ],
      [
        -0.06180425698946545,
        0.9959555173633587,
        -0.06518585753472059
      ],
      [
        -0.9329185828349934,
        -0.08085815072111605,
        -0.35089027700045705
      ]
    ],
    "t_w2c": [
      -42.08505125840202,
      2.224257138563144,
      44.92189419791649
    ]
  },
  "frame_083": {
    "R_w2c": [
      [
        -0.38944553808054805,
        0.043631934855808345,
        0.9200147200844575
      ],
      [
        -0.05651452262337096,
        0.9958616851691446,
        -0.0711429932552616
      ],
      [
        -0.9193136331411823,
        -0.07970137622939133,
        -0.3853677700399694
      ]
    ],
    "t_w2c": [
      -41.36660528443998,
      2.3647460458825456,
      46.31233694049444
    ]
  },
  "frame_084": {
    "R_w2c": [
      [
        -0.42202335239823024,
        0.041825136751438625,
        0.9056188595996791
      ],
      [
        -0.04481231218334796,
        0.9967500277434156,
        -0.06690762547521217
      ],
      [
        -0.9054765716733741,
        -0.06882051464934656,
        -0.4187768261548181
      ]
    ],
    "t_w2c": [
      -40.66582883695516,
      1.86113350475823,
      47.58371997229148
    ]
  },
  "frame_085": {
    "R_w2c": [
      [
        -0.4497657530492023,
        0.03976841943873838,
        0.8922601863112601
      ],
      [
        -0.03154388522397645,
        0.9976758912137166,
        -0.06035758969905786
      ],
      [
        -0.8925891964155968,
        -0.0552938394357948,
        -0.4474652927764499
      ]
    ],
    "t_w2c": [
      -40.11481328848211,
      1.0298453971220594,
      48.50610299107187
    ]
  },
  "frame_086": {
    "R_w2c": [
      [
        -0.48069595001959403,
        0.039652361398964914,
        0.875989535265764
      ],
      [
        -0.029874645673020804,
        0.9976548865209296,
        -0.06154378817062201
      ],
      [
        -0.8763783343442119,
        -0.05575604177398699,
        -0.47838394982004406
      ]
    ],
    "t_w2c": [
      -39.38548088608435,
      0.9656372760708911,
      49.988455868115956
    ]
  },
  "frame_087": {
    "R_w2c": [
      [
        -0.5000081243517369,
        0.0430128841957263,
        0.8649511967865255
      ],
      [
        -0.036033476761407515,
        0.9968663394943208,
        -0.07039348087400381
      ],
      [
        -0.8652705847357693,
        -0.06636727675022193,
        -0.4968919782124202
      ]
    ],
    "t_w2c": [
      -39.254065995465794,
      1.7229969425537386,
      50.9893867410575
    ]
  },
  "frame_088": {
    "R_w2c": [
      [
        -0.5132647779574881,
        0.04962861988162228,
        0.8567935943258072
      ],
      [
        -0.04565936321634718,
        0.9953326050286588,
        -0.08499665997563242
      ],
      [
        -0.8570144570092514,
        -0.08274862825488152,
        -0.5086040513928487
      ]
    ],
    "t_w2c": [
      -39.37107193492503,
      2.720781424495714,
      51.12677093396967
    ]
  },
  "frame_089": {
    "R_w2c": [
      [
        -0.5342862431278598,
        0.05305043763307927,
        0.8436371508962579
      ],
      [
        -0.04444667670937224,
        0.9948839992041322,
        -0.09070083628981822
      ],
      [
        -0.8441341485030904,
        -0.0859598936822034,
        -0.5291954889893163
      ]
    ],
    "t_w2c": [
      -39.05899845641285,
      3.046333516610373,
      52.33314655629505
    ]
  },
  "frame_090": {
    "R_w2c": [
      [
        -0.5568626918345368,
        0.053663575374873936,
        0.8288692043890743
      ],
      [
        -0.034860346685549375,
        0.9955206251289968,
        -0.08786422529190023
      ],
      [
        -0.8298723565727635,
        -0.07782626247455939,
        -0.5524987942530155
      ]
    ],
    "t_w2c": [
      -38.6109296286289,
      2.7334786230657433,
      53.57558521823978
    ]
  },
  "frame_091": {
    "R_w2c": [
      [
        -0.5854449346584167,
        0.05225931260310501,
        0.8090264578112218
      ],
      [
        -0.02162179658662333,
        0.9965578430689619,
        -0.08001087047277052
      ],
      [
        -0.8104239862170918,
        -0.064338677025194,
        -0.5823003618066371
      ]
    ],
    "t_w2c": [
      -37.66986004012288,
      1.770756952811827,
      54.659665526844364
    ]
  },
  "frame_092": {
    "R_w2c": [
      [
        -0.611933155066048,
        0.04932667450752298,
        0.7893705554825371
      ],
      [
        -0.012109141737464066,
        0.9973511713119175,
        -0.07170128072764646
      ],
      [
        -0.7908171678475069,
        -0.053440022953619284,
        -0.6097157532472415
      ]
    ],
    "t_w2c": [
      -36.7994976199321,
      1.1267049409088852,
      55.62254506823157
    ]
  },
  "frame_093": {
    "R_w2c": [
      [
        -0.6400042194191475,
        0.04681492198685589,
        0.7669441564782208
      ],
      [
        -0.006451610794469304,
        0.9977785282379283,
        -0.06628056315561455
      ],
      [
        -0.7683447757273848,
        -0.047373279169120736,
        -0.6382810915429687
      ]
    ],
    "t_w2c": [
      -35.770692608348426,
      0.6765960271143271,
      56.991032595359336
    ]
  },
  "frame_094": {
    "R_w2c": [
      [
        -0.6700375261673136,
        0.044700378285065664,
        0.7409807984777685
      ],
      [
        -0.006174817186414744,
        0.9978143160200299,
        -0.06576882620313404
      ],
      [
        -0.7423024440270248,
        -0.04864787560717982,
        -0.6682978001220817
      ]
    ],
    "t_w2c": [
      -34.47117886477958,
      0.6721384834340629,
      58.26325290071976
    ]
  },
  "frame_095": {
    "R_w2c": [
      [
        -0.692446327778477,
        0.04168781737119166,
