{
  "K": [
    [
      3183.592270336112,
      0.0,
      1911.3122172243477
    ],
    [
      0.0,
      3183.8330165146126,
      1100.814254448177
    ],
    [
      0.0,
      0.0,
      1.0
    ]
  ],
  "cameras_optimized": [
    {
      "R_w2c": [
        [
          1.0,
          0.0,
          -0.0
        ],
        [
          -0.0,
          1.0,
          0.0
        ],
        [
          0.0,
          -0.0,
          1.0
        ]
      ],
      "id": 0,
      "t_w2c": [
        0.0,
        0.0,
        0.0
      ]
    },
    {
      "R_w2c": [
        [
          0.9999492746348689,
          0.01003324993443628,
          0.0008843375784047994
        ],
        [
          -0.010030384761237267,
          0.9999446160222344,
          -0.0031868902848460868
        ],
        [
          -0.0009162634670135354,
          0.003177858382502526,
          0.9999945308237239
        ]
      ],
      "id": 1,
      "t_w2c": [
        0.9134066594256984,
        -0.09801199974271535,
        -0.2809525399788562
      ]
    },
    {
      "R_w2c": [
        [
          0.9998626128592358,
          0.015514498819075826,
          0.005835728977148654
        ],
        [
          -0.015418335694300608,
          0.9997502527486316,
          -0.016177362376634502
        ],
        [
          -0.0060852551893649815,
          0.01608516258668182,
          0.9998521076708496
        ]
      ],
      "id": 2,
      "t_w2c": [
        -0.0568407042101016,
        -0.0801895348247843,
        -0.3792841883299811
      ]
    },
    {
      "R_w2c": [
        [
          0.9995486112407196,
          0.0017317839482346301,
          -0.0299929106807826
        ],
        [
          -0.0025117516713743446,
          0.999659126673285,
          -0.02598694984692209
        ],
        [
          0.0299376831149325,
          0.026050554373405047,
          0.999212241591619
        ]
      ],
      "id": 3,
      "t_w2c": [
        -1.033558060069443,
        -0.05843744985260936,
        -0.5106808551674518
      ]
    },
    {
      "R_w2c": [
        [
          0.9948866360371017,
          -0.0004415349034419751,
          -0.10099696273506717
        ],
        [
          -0.001298613901030817,
          0.9998518560649162,
          -0.01716331918593022
        ],
        [
          0.10098957885205559,
          0.017206712947890813,
          0.9947386762325134
        ]
      ],
      "id": 4,
      "t_w2c": [
        -1.9328558485838843,
        -0.06443955643579134,
        -0.9282904415490724
      ]
    },
    {
      "R_w2c": [
        [
          0.9866247528967107,
          -0.02522932359394323,
          -0.1610437151909278
        ],
        [
          0.019809151632043383,
          0.9991848598214472,
          -0.03517404462403345
        ],
        [
          0.16179985934209984,
          0.03151344371196019,
          0.9863202869161163
        ]
      ],
      "id": 5,
      "t_w2c": [
        -2.8458774828602786,
        -0.0815069244044718,
        -1.2664229505692337
      ]
    },
    {
      "R_w2c": [
        [
          0.9738512850143045,
          -0.007494823677707275,
          -0.22706277170427572
        ],
        [
          -0.003491825801663896,
          0.998843841421087,
          -0.047945673503845224
        ],
        [
          0.2271595955018383,
          0.04748481939743027,
          0.9726991878778529
        ]
      ],
      "id": 6,
      "t_w2c": [
        -3.7476375816669663,
        0.007440951527014029,
        -1.5840663065844158
      ]
    },
    {
      "R_w2c": [
        [
          0.9587523328758096,
          -0.009162131730858263,
          -0.28409508891802243
        ],
        [
          0.0038625785270862173,
          0.9998080334284553,
          -0.019208768285525046
        ],
        [
          0.28421654542322966,
          0.017319111815312597,
          0.9586036739307929
        ]
      ],
      "id": 7,
      "t_w2c": [
        -4.542999903440771,
        -0.024490730593482106,
        -2.24697072241746
      ]
    },
    {
      "R_w2c": [
        [
          0.8720911016524285,
          -0.011667560513520971,
          -0.4892044342095817
        ],
        [
          -0.036390832935258126,
          0.9954011193972305,
          -0.08861331040548322
        ],
        [
          0.4879885425877658,
          0.09508143632909484,
          0.8676558665557818
        ]
      ],
      "id": 8,
      "t_w2c": [
        -3.448661749054776,
        0.07304371612144155,
        -4.047278113595258
      ]
    },
    {
      "R_w2c": [
        [
          0.9109239111138026,
          -0.03296578681448995,
          -0.411255255359533
        ],
        [
          0.003070171097124111,
          0.997316703181494,
          -0.07314347274111484
        ],
        [
          0.41256296757048794,
          0.0653655142632369,
          0.9085808424870816
        ]
      ],
      "id": 9,
      "t_w2c": [
        -2.7846330679215257,
        -0.1810786123105593,
        -3.6378939959960097
      ]
    },
    {
      "R_w2c": [
        [
          0.9360132160990263,
          -0.0637460152466308,
          -0.346144052134561
        ],
        [
          0.031142041948787152,
          0.9946044777129083,
          -0.09895507130356168
        ],
        [
          0.35058441567077303,
          0.08184362194825756,
          0.9329481170114302
        ]
      ],
      "id": 10,
      "t_w2c": [
        -2.024655520086308,
        -0.23318397167376437,
        -3.31171808743944
      ]
    },
    {
      "R_w2c": [
        [
          0.9538674852148161,
          -0.1141694099869776,
          -0.2776727686921926
        ],
        [
          0.09765354107063469,
          0.992565468075356,
          -0.07264693731132424
        ],
        [
          0.283902459598941,
          0.04217982228003138,
          0.9579249741112801
        ]
      ],
      "id": 11,
      "t_w2c": [
        -1.2293832407269132,
        -0.43722547719751975,
        -3.2517331561617815
      ]
    },
    {
      "R_w2c": [
        [
          0.9362114036149743,
          -0.1866593544481039,
          -0.29776919440784466
        ],
        [
          0.1391398917102225,
          0.9749245236106352,
          -0.1736728643094352
        ],
        [
          0.3227201547411429,
          0.12116294260042161,
          0.9387072190327822
        ]
      ],
      "id": 12,
      "t_w2c": [
        -0.17537109021197614,
        -0.14969329760694008,
        -2.9599371127890497
      ]
    },
    {
      "R_w2c": [
        [
          0.9300703211642851,
          -0.19647226363251874,
          -0.31043171119020296
        ],
        [
          0.2121340893637897,
          0.9770898061704117,
          0.01716504610139015
        ],
        [
          0.29994720505308803,
          -0.08181784830329639,
          0.9504406945621907
        ]
      ],
      "id": 13,
      "t_w2c": [
        0.804177112746947,
        -0.7159792690008372,
        -3.2263192179631948
      ]
    },
    {
      "R_w2c": [
        [
          0.9683226792174083,
          -0.09728765975542976,
          -0.22997021583790345
        ],
        [
          0.10377077925389515,
          0.9944686920339594,
          0.016237177627449348
        ],
        [
          0.2271185027386794,
          -0.039587015845826426,
          0.973062204532764
        ]
      ],
      "id": 14,
      "t_w2c": [
        1.4460635139181575,
        -0.6229886107218368,
        -3.124835091537313
      ]
    },
    {
      "R_w2c": [
        [
          0.9772243443922696,
          -0.15298850576386508,
          -0.14706154436574712
        ],
        [
          0.14357519669247593,
          0.9869664997187848,
          -0.07268625267247487
        ],
        [
          0.1562649788718369,
          0.04991638545597867,
          0.9864530454315575
        ]
      ],
      "id": 15,
      "t_w2c": [
        2.126991868538258,
        -0.20547758326600277,
        -2.890283399902643
      ]
    },
    {
      "R_w2c": [
        [
          0.982073017488241,
          -0.14826393942726301,
          0.11640615356178524
        ],
        [
          0.1528240824459985,
          0.9877598666795026,
          -0.03122892252111778
        ],
        [
          -0.110351203645813,
          0.04845874578236843,
          0.9927106133265223
        ]
      ],
      "id": 16,
      "t_w2c": [
        1.0143133857511941,
        -0.39757664069240733,
        -2.380151119891814
      ]
    },
    {
      "R_w2c": [
        [
          0.9985670555236928,
          -0.002113983194360484,
          0.05347304646077481
        ],
        [
          -0.004975439394292432,
          0.9912240288085282,
          0.13209909051701962
        ],
        [
          -0.053283023802858105,
          -0.13217585175683183,
          0.9897931418164
        ]
      ],
      "id": 17,
      "t_w2c": [
        1.5556676913385457,
        -1.0677650839525104,
        -3.0575903796532637
      ]
    },
    {
      "R_w2c": [
        [
          0.9892849107795311,
          0.07764139945824067,
          0.12364132963577026
        ],
        [
          -0.09242956221342014,
          0.9886133143092303,
          0.11874548749133428
        ],
        [
          -0.11301389884864071,
          -0.12890123296805595,
          0.9851965950034258
        ]
      ],
      "id": 18,
      "t_w2c": [
        1.2149159642445486,
        -0.3151722696536279,
        -2.64161525335356
      ]
    },
    {
      "R_w2c": [
        [
          0.9973718526407598,
          -0.022526094839119864,
          0.06886190972691308
        ],
        [
          0.017526320921156868,
          0.99722409555007,
          0.07236664514341914
        ],
        [
          -0.07030089355696106,
          -0.07096955900697077,
          0.9949980432440302
        ]
      ],
      "id": 19,
      "t_w2c": [
        0.4044751427001138,
        0.07162584313819093,
        -2.898611636355745
      ]
    },
    {
      "R_w2c": [
        [
          0.9981592663853364,
          0.0032285764324092147,
          -0.060561169269651355
        ],
        [
          -0.004914652596200055,
          0.9996038500071296,
          -0.02771261880051534
        ],
        [
          0.060447705654937275,
          0.02795924435931887,
          0.9977797129306198
        ]
      ],
      "id": 20,
      "t_w2c": [
        1.2292731949026976,
        0.26342089405100955,
        -3.6906589982577014
      ]
    },
    {
      "R_w2c": [
        [
          0.9963357790942068,
          0.006168841177466539,
          -0.08530510357104872
        ],
        [
          -0.008609468394680356,
          0.9995631805163958,
          -0.02827234001472321
        ],
        [
          0.08509343306449184,
          0.028903175508485437,
          0.9959536706568356
        ]
      ],
      "id": 21,
      "t_w2c": [
        0.3610291819576967,
        0.31530989614193966,
        -3.933638858175808
      ]
    },
    {
      "R_w2c": [
        [
          0.9880059029320323,
          -0.10062099356311577,
          -0.11713134262797055
        ],
        [
          0.06904594223077781,
          0.9663621683548224,
          -0.24774345083983573
        ],
        [
          0.13811949041653646,
          0.23668454792600513,
          0.9617189980135251
        ]
      ],
      "id": 22,
      "t_w2c": [
        -0.5348392940761919,
        1.1671195629904256,
        -3.744213633730388
      ]
    },
    {
      "R_w2c": [
        [
          0.9839777552179367,
          -0.049749330652443025,
          -0.17120975829637783
        ],
        [
          0.023846200558550593,
          0.9883758184069715,
          -0.15014859409022357
        ],
        [
          0.1766893770298362,
          0.14366017432811096,
          0.9737261516241746
        ]
      ],
      "id": 23,
      "t_w2c": [
        0.46643530147673734,
        0.7874420752771317,
        -4.4838593686659705
      ]
    },
    {
      "R_w2c": [
        [
          0.9617446105302289,
          -0.06168664454392187,
          -0.2669120866520855
        ],
        [
          0.05691488986789558,
          0.998051162817305,
          -0.02558459908520421
        ],
        [
          0.267970146522675,
          0.009414578266558135,
          0.9633812154535083
        ]
      ],
      "id": 24,
      "t_w2c": [
        -0.02157653806859029,
        0.2549838311564211,
        -4.843777461744196
      ]
    },
    {
      "R_w2c": [
        [
          0.9468410233494357,
          -0.07812571736884874,
          -0.31207122390280756
        ],
        [
          0.042539268206900946,
          0.9919508280451154,
          -0.11926426707539536
        ],
        [
          0.31887691538117785,
          0.09964901919343036,
          0.9425431479835671
        ]
      ],
      "id": 25,
      "t_w2c": [
        -0.790728226032292,
        0.7466200966052348,
        -4.87656292163584
      ]
    }
  ],
  "notes": {
    "convention": "x_cam = R_w2c * x_world + t_w2c",
    "fix_cam_prefix": 1,
    "huber_delta_px": 3.0,
    "min_track_len": 2,
    "num_cameras": 26,
    "num_observations": 5792,
    "num_points": 2748,
    "prefilter_thresh_px": 50.0,
    "solver": "Ceres BA (Schur)",
    "stage": "B",
    "stageB_free_t": 1,
    "two_stage": 1,
    "zmin": 0.1
  },
  "points_optimized": [
    {
      "X": [
        -8.0064294889623,
        -0.1312820530183847,
        13.606730146577517
      ],
      "id": 0
    },
    {
      "X": [
        -4.281712957384788,
        -2.509787204483581,
        10.373277066754085
      ],
      "id": 1
    },
    {
      "X": [
        -4.254086289202237,
        -2.439662130692849,
        10.384022889756686
      ],
      "id": 2
    },
    {
      "X": [
        -4.269124696462509,
        -2.5820726454841427,
        10.432423974850362
      ],
      "id": 3
    },
    {
      "X": [
        -4.0983117183347835,
        -2.341008203514056,
        10.256045183918122
      ],
      "id": 4
    },
    {
      "X": [
        -4.090061072634341,
        -2.619085438916011,
        10.32135594512931
      ],
      "id": 5
    },
    {
      "X": [
        -3.635492889149124,
        3.0188948307666794,
        9.87493529657693
      ],
      "id": 6
    },
    {
      "X": [
        -3.589014561756342,
        -2.243254690596741,
        10.198193977285412
      ],
      "id": 7
    },
    {
      "X": [
        -3.582464109627462,
        -2.13716006159383,
        10.239261996904276
      ],
      "id": 8
    },
    {
      "X": [
        -3.5828315713255536,
        -2.2912100154816377,
        10.258075465179887
      ],
      "id": 9
    },
    {
      "X": [
        -3.544993637653285,
        -2.048222584222078,
        10.15367475974323
      ],
      "id": 10
    },
    {
      "X": [
        -3.5515474494571277,
        -1.9518081136179182,
        10.20254963664396
      ],
      "id": 11
    },
    {
      "X": [
        -3.5501130610168734,
        -2.1520066877474524,
        10.250165527317693
      ],
      "id": 12
    },
    {
      "X": [
        -3.5167929858736975,
        -1.9672874676160257,
        10.160602040875467
      ],
      "id": 13
    },
    {
      "X": [
        -3.526170803307858,
        -2.252813098805524,
        10.190321061772979
      ],
      "id": 14
    },
    {
      "X": [
        -3.5816033335426853,
        -2.976011143522802,
        10.375104568902266
      ],
      "id": 15
    },
    {
      "X": [
        -3.5857280107693588,
        -3.101775634320203,
        10.454473323093456
      ],
      "id": 16
    },
    {
      "X": [
        -3.480127161759702,
        -2.2011612054941665,
        10.248807621813409
      ],
      "id": 17
    },
    {
      "X": [
        -3.455940267550505,
        -2.008292703513852,
        10.183038677143536
      ],
      "id": 18
    },
    {
      "X": [
        -3.409850951325386,
        -2.010023637012945,
        10.076875823846018
      ],
      "id": 19
    },
    {
      "X": [
        -3.5400528593802125,
        -3.0757914560423827,
        10.466915657064476
      ],
      "id": 20
    },
    {
      "X": [
        -3.4601639214339324,
        -2.144687490594281,
        10.24704023005577
      ],
      "id": 21
    },
    {
      "X": [
        -3.4278691271875084,
        -2.0848797728119908,
        10.154464186272163
      ],
      "id": 22
    },
    {
      "X": [
        -3.402530623917223,
        -1.7837390200722338,
        10.120847087186375
      ],
      "id": 23
    },
    {
      "X": [
        -3.3891574244213416,
        -2.1887614496970773,
        10.223530632758742
      ],
      "id": 24
    },
    {
      "X": [
        -3.225453748357778,
        -2.0042398511989927,
        10.207519534128938
      ],
      "id": 25
    },
    {
      "X": [
        -3.217850119745906,
        -2.2020327158475146,
        10.20216668163713
      ],
      "id": 26
    },
    {
      "X": [
        -3.156341291939665,
        -2.2251965000295058,
        10.162662297845076
      ],
      "id": 27
    },
    {
      "X": [
        -3.135553584141012,
        -2.055502225139859,
        10.188292800820594
      ],
      "id": 28
    },
    {
      "X": [
        -3.064703326199693,
        -2.289239253720685,
        10.08697637175001
      ],
      "id": 29
    },
    {
      "X": [
        -3.975370238897415,
        -0.5286843658628484,
        23.25087074268416
      ],
      "id": 30
    },
    {
      "X": [
        -3.3582321169109774,
        0.682019990775574,
        23.420778951585962
      ],
      "id": 31
    },
    {
      "X": [
        -1.2738118570772732,
        -2.3912562769792705,
        10.036490910632569
      ],
      "id": 32
    },
    {
      "X": [
        -1.2332075588711866,
        -2.3599669224345847,
        10.035895835706391
      ],
      "id": 33
    },
    {
      "X": [
        -1.2262439587081364,
        -2.3049019241432327,
        9.999549698354569
      ],
      "id": 34
    },
    {
      "X": [
        -1.1894805221684175,
        -2.393813790751436,
        10.03696252336966
      ],
      "id": 35
    },
    {
      "X": [
        -1.0945660616654502,
        -2.1151158795702734,
        9.936879295432181
      ],
      "id": 36
    },
    {
      "X": [
        -1.087254572138935,
        -2.100050528328162,
        9.949198698755229
      ],
      "id": 37
    },
    {
      "X": [
        -1.0413717450216302,
        -2.135617665364722,
        9.89723517423893
      ],
      "id": 38
    },
    {
      "X": [
        -1.0422558819374563,
        -2.271991068444196,
        9.93032195924743
      ],
      "id": 39
    },
    {
      "X": [
        -1.0330275556073656,
        -2.314026524555704,
        9.964179261786894
      ],
      "id": 40
    },
    {
      "X": [
        -1.010242202094737,
        -2.2834465519777174,
        9.932382484162604
      ],
      "id": 41
    },
    {
      "X": [
        -0.943537762277778,
        -2.3076784103128447,
        9.937918406914017
      ],
      "id": 42
    },
    {
      "X": [
        -0.9223475263814764,
        -2.033753140016399,
        9.849684498171179
      ],
      "id": 43
    },
    {
      "X": [
        -0.9294399859568512,
        -2.3543638201652017,
        9.984336867705576
      ],
      "id": 44
    },
    {
      "X": [
        -0.9228637862995578,
        -2.225562402094625,
        9.955382827404657
      ],
      "id": 45
    },
    {
      "X": [
        -0.8796770025798423,
        -1.997401594957825,
        9.86097695089974
      ],
      "id": 46
    },
    {
      "X": [
        -0.8816222837107888,
        -2.3214549675763614,
        9.934770725305583
      ],
      "id": 47
    },
    {
      "X": [
        -0.7833431654304371,
        -2.4487214530515184,
        9.91128709277538
      ],
      "id": 48
    },
    {
      "X": [
        -0.7678487175483438,
        -2.3070535319205145,
        9.78144851634674
      ],
      "id": 49
    },
    {
      "X": [
        -0.7692767413836297,
        -2.399578052943167,
        9.81875306679103
      ],
      "id": 50
    },
    {
      "X": [
        -0.06100973087139057,
        -2.4457825107617865,
        10.060366885359919
      ],
      "id": 51
    },
    {
      "X": [
        0.14636027110620797,
        -2.6250620407866956,
        9.961488023683202
      ],
      "id": 52
    },
    {
      "X": [
        0.49919206096824087,
        4.947850188409221,
        16.523594066781342
      ],
      "id": 53
    },
    {
      "X": [
        1.0381379434877571,
        4.8037837306850735,
        15.585793687212016
      ],
      "id": 54
    },
    {
      "X": [
        1.773695069627151,
        5.238559099605346,
        22.59132425883744
      ],
      "id": 55
    },
    {
      "X": [
        1.6228411388381474,
        4.779846319574606,
        15.359159867384223
      ],
      "id": 56
    },
    {
      "X": [
        1.6982396911015067,
        4.862176824020582,
        15.184684680916115
      ],
      "id": 57
    },
    {
      "X": [
        2.1482088451012205,
        4.970943915238182,
        15.755846655460356
      ],
      "id": 58
    },
    {
      "X": [
        2.1980446663603903,
        4.985635068345062,
        15.628357858947759
      ],
      "id": 59
    },
    {
      "X": [
        2.889324608662799,
        4.59299313568923,
        14.482680116108705
      ],
      "id": 60
    },
    {
      "X": [
        3.107976052688115,
        4.524601302183363,
        14.684271380994359
      ],
      "id": 61
    },
    {
      "X": [
        3.3211780627775886,
        4.697787532472648,
        14.900580682633816
      ],
      "id": 62
    },
    {
      "X": [
        3.752985250655001,
        4.90964460822887,
        15.630247520994617
      ],
      "id": 63
    },
    {
      "X": [
        4.655494339972426,
        -3.200340624191058,
        10.296684789876423
      ],
      "id": 64
    },
    {
      "X": [
        4.71237275187629,
        -3.1800451898872972,
        10.208912157783363
      ],
      "id": 65
    },
    {
      "X": [
        7.134803070099593,
        4.701531297280638,
        15.269257709279245
      ],
      "id": 66
    },
    {
      "X": [
        4.769356106752909,
        -3.1180862303635255,
        10.171710886609604
      ],
      "id": 67
    },
    {
      "X": [
        4.818412157053296,
        -3.150014537010806,
        10.16496596335202
      ],
      "id": 68
    },
    {
      "X": [
        -1.8909367369772008,
        1.1385877594858307,
        8.041388107671928
      ],
      "id": 69
    },
    {
      "X": [
        -1.7979857741546361,
        1.4191325275554991,
        7.974755925241221
      ],
      "id": 70
    },
    {
      "X": [
        -0.168904229310099,
        1.0395316012872353,
        6.9499306405756105
      ],
      "id": 71
    },
    {
      "X": [
        -0.009349585698897647,
        0.5789005725766291,
        7.8968334723053655
      ],
      "id": 72
    },
    {
      "X": [
        0.011427727576048685,
        0.8374561020958692,
        7.927361882244523
      ],
      "id": 73
    },
    {
      "X": [
        0.01513284355284197,
        0.7830209432357933,
        7.9280141002559095
      ],
      "id": 74
    },
    {
      "X": [
        0.06125305759931626,
        1.2254680683996155,
        7.967650025366844
      ],
      "id": 75
    },
    {
      "X": [
        0.04594074496488661,
        -0.71316700302484,
        6.681167182238064
      ],
      "id": 76
    },
    {
      "X": [
        1.1980628506514053,
        0.24970274939260936,
        7.887552977699339
      ],
      "id": 77
    },
    {
      "X": [
        1.1140084891363844,
        0.285344619971436,
        6.996393040042989
      ],
      "id": 78
    },
    {
      "X": [
        1.329366668676938,
        0.12332103776113522,
        7.974967638242127
      ],
      "id": 79
    },
    {
      "X": [
        1.4087742468370368,
        0.6701497629875485,
        8.191911005195985
      ],
      "id": 80
    },
    {
      "X": [
        1.2187674726273567,
        -1.24473656895382,
        7.590249378331805
      ],
      "id": 81
    },
    {
      "X": [
        1.3544173409329001,
        0.3473481925346908,
        7.9367073440740095
      ],
      "id": 82
    },
    {
      "X": [
        1.246671116693237,
        -1.2522128286586949,
        7.602840778639801
      ],
      "id": 83
    },
    {
      "X": [
        1.248486459947308,
        -1.020804818991976,
        7.562325895749987
      ],
      "id": 84
    },
    {
      "X": [
        1.4551104197704308,
        0.7303964521704155,
        8.188086084705755
      ],
      "id": 85
    },
    {
      "X": [
        1.46998466085752,
        0.7582971848564132,
        8.189669853859812
      ],
      "id": 86
    },
    {
      "X": [
        1.3923579140840283,
        0.3049298866983978,
        7.944901689877498
      ],
      "id": 87
    },
    {
      "X": [
        1.2108318115216425,
        0.28547942709231255,
        7.0412687625409305
      ],
      "id": 88
    },
    {
      "X": [
        1.5125496565932774,
        0.6950806804519718,
        8.205479660727764
      ],
      "id": 89
    },
    {
      "X": [
        1.5268348595930636,
        1.053234723663947,
        8.223809702801884
      ],
      "id": 90
    },
    {
      "X": [
        1.5337023579153737,
        0.6877170690484768,
        8.204364458110117
      ],
      "id": 91
    },
    {
      "X": [
        1.5211981761992206,
        0.7559559993999525,
        8.161098214137468
      ],
      "id": 92
    },
    {
      "X": [
        1.3274063418967574,
        -0.518850820250195,
        7.534399232449646
      ],
      "id": 93
    },
    {
      "X": [
        1.351990009553127,
        -1.3535294213147777,
        7.626215542169443
      ],
      "id": 94
    },
    {
      "X": [
        1.6032437984236467,
        1.1019986879479395,
        8.2370663605317
      ],
      "id": 95
    },
    {
      "X": [
        1.5933302717210676,
        1.1307201138226333,
        8.159145183495095
      ],
      "id": 96
    },
    {
      "X": [
        1.6589203511315522,
        0.7532193942389311,
        8.277787609178837
      ],
      "id": 97
    },
    {
      "X": [
        1.4252040727810193,
        -1.0243468771612498,
        7.57252347199154
      ],
      "id": 98
    },
    {
      "X": [
        1.6803484639001505,
        0.8367743474494814,
        8.297334441342317
      ],
      "id": 99
    },
    {
      "X": [
        1.6853172889366883,
        0.8594287545614384,
        8.275357151745107
      ],
      "id": 100
    },
    {
      "X": [
        1.4506372576299844,
        -0.9251716422166862,
        7.563652805991599
      ],
      "id": 101
    },
    {
      "X": [
        1.4812571724910084,
        -1.1878591753349323,
        7.629492734100282
      ],
      "id": 102
    },
    {
      "X": [
        1.180493179947892,
        1.7162987549991644,
        6.5884372655444
      ],
      "id": 103
    },
    {
      "X": [
        1.6375998409960852,
        -0.16780361954392864,
        7.9618920604333505
      ],
      "id": 104
    },
    {
      "X": [
        1.6441357629416324,
        -0.24343591223001354,
        7.96802705011818
      ],
      "id": 105
    },
    {
      "X": [
        1.263117333463216,
        1.5398942995891163,
        6.764775857316547
      ],
      "id": 106
    },
    {
      "X": [
        1.7903103202510586,
        0.7416183042226477,
        8.322447514623725
      ],
      "id": 107
    },
    {
      "X": [
        1.684860094741958,
        -0.1297100578601958,
        7.960133329416286
      ],
      "id": 108
    },
    {
      "X": [
        1.8112082978680921,
        0.9210076280006418,
        8.285656388356028
      ],
      "id": 109
    },
    {
      "X": [
        1.6817481483281385,
        -0.09345974904454114,
        7.929014739592072
      ],
      "id": 110
    },
    {
      "X": [
        1.5640470587378796,
        -0.8887686638379029,
        7.578784932536334
      ],
      "id": 111
    },
    {
      "X": [
        1.8234199661608235,
        1.0500936964424532,
        8.260542417922217
      ],
      "id": 112
    },
    {
      "X": [
        1.6804075859641048,
        -0.3811584206947436,
        7.845554153080565
      ],
      "id": 113
    },
    {
      "X": [
        1.5705780986539495,
        -0.781297573295677,
        7.530951837082754
      ],
      "id": 114
    },
    {
      "X": [
        1.7344501900101592,
        -0.5380597938460737,
        7.915219512034548
      ],
      "id": 115
    },
    {
      "X": [
        1.741265770830095,
        -0.733123037361285,
        7.909349711101114
      ],
      "id": 116
    },
    {
      "X": [
        1.9047597757097623,
        0.9707285099325448,
        8.277255495097728
      ],
      "id": 117
    },
    {
      "X": [
        1.7656763604464925,
        -0.4893754559399731,
        7.911210459596587
      ],
      "id": 118
    },
    {
      "X": [
        1.756318387214385,
        -0.4239324632667316,
        7.879703113245799
      ],
      "id": 119
    },
    {
      "X": [
        1.758065986956406,
        -0.3924534928752559,
        7.876718545442316
      ],
      "id": 120
    },
    {
      "X": [
        1.9733723480275684,
        0.6634525014786208,
        8.310426435978226
      ],
      "id": 121
    },
    {
      "X": [
        1.8750208394224401,
        -0.6477865654233155,
        8.028475390767861
      ],
      "id": 122
    },
    {
      "X": [
        1.891593615483499,
        -0.5899906444716808,
        8.035565431513616
      ],
      "id": 123
    },
    {
      "X": [
        1.8612469029195657,
        -0.4831763721812498,
        7.927213326021399
      ],
      "id": 124
    },
    {
      "X": [
        1.9123752254382462,
        -0.42661247686746795,
        7.978489542135602
      ],
      "id": 125
    },
    {
      "X": [
        1.9137113828667733,
        -0.44224838825407936,
        7.965970903740052
      ],
      "id": 126
    },
    {
      "X": [
        2.080019066102212,
        1.0546120257015714,
        8.379585998380168
      ],
      "id": 127
    },
    {
      "X": [
        1.9015037794182286,
        -0.018645706444540663,
        7.919190013250407
      ],
      "id": 128
    },
    {
      "X": [
        1.9354797386715508,
        -0.6385120133613751,
        8.024508458141096
      ],
      "id": 129
    },
    {
      "X": [
        1.9679233304727997,
        -0.6099796493104204,
        8.051483642939774
      ],
      "id": 130
    },
    {
      "X": [
        2.059786262453101,
        0.44481518194134073,
        8.244263489585489
      ],
      "id": 131
    },
    {
      "X": [
        1.9866613168329021,
        -0.6210244111014136,
        8.053018274531507
      ],
      "id": 132
    },
    {
      "X": [
        1.98443080155883,
        -0.6033508582993475,
        8.040667928029084
      ],
      "id": 133
    },
    {
      "X": [
        1.9898054244664685,
        -0.6419086600936638,
        8.03833748837105
      ],
      "id": 134
    },
    {
      "X": [
        1.9741358015458013,
        -0.04074428750898631,
        7.896296206384455
      ],
      "id": 135
    },
    {
      "X": [
        2.1739110336578964,
        0.599705420383275,
        8.318561614583954
      ],
      "id": 136
    },
    {
      "X": [
        2.214646900018464,
        1.0290468197311304,
        8.331341470469319
      ],
      "id": 137
    },
    {
      "X": [
        2.2202969808199247,
        0.5884838701241507,
        8.311317553487838
      ],
      "id": 138
    },
    {
      "X": [
        2.1075649913910968,
        -0.5838800506022337,
        7.99905747051013
      ],
      "id": 139
    },
    {
      "X": [
        2.257030247024874,
        0.5691529878748481,
        8.320966209331766
      ],
      "id": 140
    },
    {
      "X": [
        2.1016576993987033,
        0.19541373453208613,
        7.916095282412903
      ],
      "id": 141
    },
    {
      "X": [
        2.278859098856968,
        0.6114808183911769,
        8.333655786237122
      ],
      "id": 142
    },
    {
      "X": [
        2.3067394969692487,
        0.6169805019591784,
        8.339774894584787
      ],
      "id": 143
    },
    {
      "X": [
        2.3315833726783755,
        1.0250646793201768,
        8.366635701861483
      ],
      "id": 144
    },
    {
      "X": [
        2.3321139741982293,
        1.0798999860299863,
        8.358106101735574
      ],
      "id": 145
    },
    {
      "X": [
        2.3159927996491745,
        0.5779369468949894,
        8.31137966909819
      ],
      "id": 146
    },
    {
      "X": [
        2.3128123717834437,
        0.5543256066480734,
        8.30365195704924
      ],
      "id": 147
    },
    {
      "X": [
        2.3420963822098946,
        0.5854691653772174,
        8.352404932637718
      ],
      "id": 148
    },
    {
      "X": [
        2.155732540331754,
        -0.3782972535340068,
        7.8586810086821455
      ],
      "id": 149
    },
    {
      "X": [
        2.1881272125813163,
        -0.4870387399182051,
        7.898241116789149
      ],
      "id": 150
    },
    {
      "X": [
        2.4037532082244613,
        0.8302760474531666,
        8.324663543097959
      ],
      "id": 151
    },
    {
      "X": [
        2.2091928948524986,
        -0.38012406469071536,
        7.877475769989743
      ],
      "id": 152
    },
    {
      "X": [
        2.408760202658407,
        0.8142804178345278,
        8.331578168546658
      ],
      "id": 153
    },
    {
      "X": [
        2.2724333293101227,
        -0.04051226236931114,
        8.018032269717164
      ],
      "id": 154
    },
    {
      "X": [
        2.224919518508795,
        0.3164093434480149,
        7.8555911107755705
      ],
      "id": 155
    },
    {
      "X": [
        2.408764491779172,
        0.4940591543863092,
        8.279626336427617
      ],
      "id": 156
    },
    {
      "X": [
        2.2362014889552735,
        -0.48936833067175217,
        7.878569470709764
      ],
      "id": 157
    },
    {
      "X": [
        2.223578092272053,
        0.20540730835788662,
        7.802527152594105
      ],
      "id": 158
    },
    {
      "X": [
        2.227423359240735,
        0.1973480279693971,
        7.775071987742704
      ],
      "id": 159
    },
    {
      "X": [
        2.3111487248691547,
        -0.492670194763477,
        7.921875423951609
      ],
      "id": 160
    },
    {
      "X": [
        2.312235041186602,
        -0.4349025201115423,
        7.918452136622887
      ],
      "id": 161
    },
    {
      "X": [
        2.3170036520730184,
        -0.3213860419746958,
        7.886267377607674
      ],
      "id": 162
    },
    {
      "X": [
        2.3301308307915094,
        -0.36936848367117214,
        7.887445365650506
      ],
      "id": 163
    },
    {
      "X": [
        2.3161534566298734,
        0.27689679259352684,
        7.817642767480717
      ],
      "id": 164
    },
    {
      "X": [
        2.3580178480941645,
        -0.41733931012979825,
        7.913898601883756
      ],
      "id": 165
    },
    {
      "X": [
        2.3857829808554607,
        0.11101957324666756,
        7.956280648909674
      ],
      "id": 166
    },
    {
      "X": [
        2.335220966109011,
        0.2350081488598246,
        7.83094591027562
      ],
      "id": 167
    },
    {
      "X": [
        2.3612369819985037,
        0.24170424683626954,
        7.802137569078907
      ],
      "id": 168
    },
    {
      "X": [
        2.5998233595588935,
        0.4834780620067372,
        8.326940685810534
      ],
      "id": 169
    },
    {
      "X": [
        2.6204451677901295,
        1.0590382198021255,
        8.332727191847626
      ],
      "id": 170
    },
    {
      "X": [
        2.3870396390726984,
        0.27422430122680325,
        7.80864691784455
      ],
      "id": 171
    },
    {
      "X": [
        2.6210326389852776,
        0.9373139244722152,
        8.323551224921081
      ],
      "id": 172
    },
    {
      "X": [
        2.413407804894659,
        0.1506696667498085,
        7.820530639243345
      ],
      "id": 173
    },
    {
      "X": [
        2.651590507780475,
        0.4939339493525352,
        8.343152550309453
      ],
      "id": 174
    },
    {
      "X": [
        2.7210058215886535,
        1.0378111324276755,
        8.446086353578107
      ],
      "id": 175
    },
    {
      "X": [
        2.6912348975461495,
        0.5200410059483863,
        8.374322239985947
      ],
      "id": 176
    },
    {
      "X": [
        2.4506999350507206,
        0.16208755973180397,
        7.815201428330071
      ],
      "id": 177
    },
    {
      "X": [
        2.454915366845403,
        0.15126007995277913,
        7.81905262325624
      ],
      "id": 178
    },
    {
      "X": [
        2.4687001727995725,
        0.277938352979945,
        7.843395776699985
      ],
      "id": 179
    },
    {
      "X": [
        2.692343994264584,
        1.1073465686567818,
        8.30015794255605
      ],
      "id": 180
    },
    {
      "X": [
        2.4727343489013993,
        0.18167606072478693,
        7.808075323096228
      ],
      "id": 181
    },
    {
      "X": [
        2.096031353451069,
        1.5254926615923239,
        6.856700475486299
      ],
      "id": 182
    },
    {
      "X": [
        2.817998808040817,
        0.5108155592045147,
        8.315251390722054
      ],
      "id": 183
    },
    {
      "X": [
        2.8842481567168514,
        0.5780512240291973,
        8.347163514780028
      ],
      "id": 184
    },
    {
      "X": [
        2.885675125293877,
        0.6047824932006085,
        8.349267753578829
      ],
      "id": 185
    },
    {
      "X": [
        2.2215487768015993,
        1.6043019217021217,
        6.842499064715318
      ],
      "id": 186
    },
    {
      "X": [
        2.934735697559401,
        0.5280393007246716,
        8.31863787597804
      ],
      "id": 187
    },
    {
      "X": [
        2.9518711661868986,
        1.1026419250385942,
        8.286324233620668
      ],
      "id": 188
    },
    {
      "X": [
        2.367769909345786,
        1.4849789873930805,
        6.9370925940797905
      ],
      "id": 189
    },
    {
      "X": [
        3.308234579470768,
        1.2487377385291851,
        8.664999829090204
      ],
      "id": 190
    },
    {
      "X": [
        3.8544070852691323,
        1.4223247317078311,
        9.763030466055595
      ],
      "id": 191
    },
    {
      "X": [
        2.4871811533193395,
        1.6316462543869337,
        6.945973927160062
      ],
      "id": 192
    },
    {
      "X": [
        3.932940176011167,
        1.4024680555787732,
        9.776612879685938
      ],
      "id": 193
    },
    {
      "X": [
        2.4895633643913047,
        1.6775461862110952,
        6.931039522566238
      ],
      "id": 194
    },
    {
      "X": [
        3.9997844838454957,
        1.4155307701779294,
        9.807245476558672
      ],
      "id": 195
    },
    {
      "X": [
        4.034075222893073,
        1.3981595211627273,
        9.833826027392519
      ],
      "id": 196
    },
    {
      "X": [
        4.171058945601008,
        1.3990869828973567,
        9.882027044096219
      ],
      "id": 197
    },
    {
      "X": [
        4.2063837020956,
        1.382823446098621,
        9.910498162826006
      ],
      "id": 198
    },
    {
      "X": [
