{
  "frame_002": {
    "R_w2c": [
      [
        1.0,
        0.0,
        0.0
      ],
      [
        0.0,
        1.0,
        0.0
      ],
      [
        0.0,
        0.0,
        1.0
      ]
    ],
    "t_w2c": [
      0.0,
      0.0,
      0.0
    ]
  },
  "frame_003": {
    "R_w2c": [
      [
        0.999977,
        -0.00366,
        0.005719
      ],
      [
        0.003624,
        0.999973,
        0.006444
      ],
      [
        -0.005743,
        -0.006423,
        0.999963
      ]
    ],
    "t_w2c": [
      0.9337242115470179,
      -0.0943982933558627,
      -0.34532262732548663
    ]
  },
  "frame_004": {
    "R_w2c": [
      [
        0.9999894188649999,
        -0.004492729608,
        -0.0010065278409999998
      ],
      [
        0.004503810417,
        0.99994229554,
        0.009782979359
      ],
      [
        0.0009619021530000004,
        -0.009787314196,
        0.999951892599
      ]
    ],
    "t_w2c": [
      1.914390950389287,
      -0.2209332893059141,
      -0.5031235392379546
    ]
  },
  "frame_005": {
    "R_w2c": [
      [
        0.9995896324498771,
        -0.0057302765016668126,
        -0.02806657088536344
      ],
      [
        0.006119563882246813,
        0.9998872764403676,
        0.013743078187783316
      ],
      [
        0.027984223020213573,
        -0.013908910593162783,
        0.9995115220224661
      ]
    ],
    "t_w2c": [
      2.8700113692503537,
      -0.43933733890356974,
      -0.7027401281199623
    ]
  },
  "frame_006": {
    "R_w2c": [
      [
        0.9992153655788084,
        -0.0044177939951498746,
        -0.039348351059412985
      ],
      [
        0.004647928637940947,
        0.9999737206288954,
        0.005707539584716891
      ],
      [
        0.039321396466004604,
        -0.0058852105189824725,
        0.9992097110145846
      ]
    ],
    "t_w2c": [
      3.808464061686172,
      -0.5642725261524814,
      -1.015453294878153
    ]
  },
  "frame_007": {
    "R_w2c": [
      [
        0.9986004510140714,
        -0.0007745982632055223,
        -0.05288243552622571
      ],
      [
        0.0006598338047148549,
        0.9999985124825495,
        -0.002223769400305562
      ],
      [
        0.05288265043377294,
        0.002186498941865614,
        0.9985984804800776
      ]
    ],
    "t_w2c": [
      4.7160943443793935,
      -0.7071000417958095,
      -1.3902251197832693
    ]
  },
  "frame_008": {
    "R_w2c": [
      [
        0.9973698136922189,
        0.009420025698564677,
        -0.07186524895297061
      ],
      [
        -0.009949983973550893,
        0.9999267694979297,
        -0.007044280633225584
      ],
      [
        0.07179250193479017,
        0.007741391074199849,
        0.9973896154046511
      ]
    ],
    "t_w2c": [
      5.582756816795855,
      -0.8341269179619426,
      -1.8266136158841448
    ]
  },
  "frame_009": {
    "R_w2c": [
      [
        0.9959040515425431,
        0.01756051303327469,
        -0.08869195828201681
      ],
      [
        -0.01848255381394808,
        0.9997837606978882,
        -0.009611291573263231
      ],
      [
        0.08850280227050328,
        0.011211248068743072,
        0.9960124689775367
      ]
    ],
    "t_w2c": [
      6.545244078161758,
      -0.9344044529020846,
      -2.0722662333237363
    ]
  },
  "frame_010": {
    "R_w2c": [
      [
        0.9932866651236231,
        0.010344640246748403,
        -0.1152151563056181
      ],
      [
        -0.011697417258306031,
        0.9998709928253628,
        -0.011089675355308004
      ],
      [
        0.11508393405336396,
        0.012362566417717812,
        0.9932781236629538
      ]
    ],
    "t_w2c": [
      7.515233315329332,
      -0.8515412176436943,
      -2.3088290286547313
    ]
  },
  "frame_011": {
    "R_w2c": [
      [
        0.9904908606206282,
        -0.00748616633867543,
        -0.13737790607670133
      ],
      [
        0.006012562025469558,
        0.9999204844718668,
        -0.01115388151786546
      ],
      [
        0.13744904796523674,
        0.010220648214809395,
        0.9904557342835489
      ]
    ],
    "t_w2c": [
      8.506500726450279,
      -0.7869315776043563,
      -2.5059068770368125
    ]
  },
  "frame_012": {
    "R_w2c": [
      [
        0.9844099648612354,
        -0.026587128962870715,
        -0.1738690998514414
      ],
      [
        0.02489967693236087,
        0.9996197174977737,
        -0.011890881731312338
      ],
      [
        0.1741173102527768,
        0.007375792536860856,
        0.9846967859879361
      ]
    ],
    "t_w2c": [
      9.598718968407757,
      -0.702116542393241,
      -2.2937038299955446
    ]
  },
  "frame_013": {
    "R_w2c": [
      [
        0.9761536212878456,
        -0.037630508089529564,
        -0.21379603707394504
      ],
      [
        0.03576895148289644,
        0.9992818160899636,
        -0.012576428187506256
      ],
      [
        0.21411430319935137,
        0.004628976893651881,
        0.9767969188158473
      ]
    ],
    "t_w2c": [
      10.689457732125062,
      -0.6609548406249993,
      -1.9144111792713299
    ]
  },
  "frame_014": {
    "R_w2c": [
      [
        0.96967000219646,
        -0.04107251203719211,
        -0.24094578529445013
      ],
      [
        0.03806863871748346,
        0.9991293701328832,
        -0.017115435183327067
      ],
      [
        0.24143763565675722,
        0.007424085330113469,
        0.9703869019294736
      ]
    ],
    "t_w2c": [
      11.738773191562728,
      -0.6016487282778119,
      -1.6803517954850882
    ]
  },
  "frame_015": {
    "R_w2c": [
      [
        0.9582952572839342,
        -0.042586623084621585,
        -0.28259245248838666
      ],
      [
        0.039187142041723216,
        0.9990761387703379,
        -0.017676710215552307
      ],
      [
        0.28308366035294596,
        0.005865790313085645,
        0.9590765902675327
      ]
    ],
    "t_w2c": [
      12.790211039159681,
      -0.6498524965933037,
      -1.3051866812638533
    ]
  },
  "frame_016": {
    "R_w2c": [
      [
        0.9480565030798993,
        -0.04639855379152612,
        -0.31470372772024147
      ],
      [
        0.042959305881043866,
        0.9989178966717419,
        -0.017862212060275294
      ],
      [
        0.31519089466652944,
        0.003415622215286985,
        0.949021442575215
      ]
    ],
    "t_w2c": [
      13.816363042050538,
      -0.6966624560592074,
      -1.0029383783501191
    ]
  },
  "frame_017": {
    "R_w2c": [
      [
        0.9341081730893233,
        -0.051196032174942924,
        -0.353302618704718
      ],
      [
        0.04961073565403434,
        0.9986779292604073,
        -0.013550044134538392
      ],
      [
        0.35352750334878646,
        -0.0048693556258601976,
        0.9354105101929419
      ]
    ],
    "t_w2c": [
      14.816628060487794,
      -0.7487266931097837,
      -0.6559589123139932
    ]
  },
  "frame_018": {
    "R_w2c": [
      [
        0.9266766246030876,
        -0.059822540620497015,
        -0.371069923033134
      ],
      [
        0.05900458596880405,
        0.9981669595597795,
        -0.013569805661959955
      ],
      [
        0.37119950964647586,
        -0.00931952149149647,
        0.9285052773356656
      ]
    ],
    "t_w2c": [
      15.830915935878634,
      -0.672349362427394,
      -0.3891432950219599
    ]
  },
  "frame_019": {
    "R_w2c": [
      [
        0.9228099122333318,
        -0.06844257874216735,
        -0.37912911087536383
      ],
      [
        0.06849046307168098,
        0.9975637256928434,
        -0.013380028224809321
      ],
      [
        0.3791187848137002,
        -0.013618901370807304,
        0.9252465892860036
      ]
    ],
    "t_w2c": [
      16.782898789690904,
      -0.6022854140736412,
      -0.5705391748773243
    ]
  },
  "frame_020": {
    "R_w2c": [
      [
        0.9141458678366955,
        -0.07154895663281492,
        -0.39902386857009753
      ],
      [
        0.07059808423226187,
        0.9973600772663727,
        -0.017102074397098894
      ],
      [
        0.3991907236216952,
        -0.012535248231373999,
        0.9167808290219054
      ]
    ],
    "t_w2c": [
      17.789743598456855,
      -0.46576099700614404,
      -0.23883446450665038
    ]
  },
  "frame_021": {
    "R_w2c": [
      [
        0.9109112962971192,
        -0.06834794012702862,
        -0.40690540147398324
      ],
      [
        0.06625564552131238,
        0.9976185843586082,
        -0.019250115192068335
      ],
      [
        0.4072493916555509,
        -0.009423021430648717,
        0.913267507421733
      ]
    ],
    "t_w2c": [
      18.783291287236082,
      -0.6311335481761657,
      -0.10823122209139821
    ]
  },
  "frame_022": {
    "R_w2c": [
      [
        0.9057407167897127,
        -0.06599018111167954,
        -0.41866761059294516
      ],
      [
        0.061216061473029375,
        0.9978172621453696,
        -0.024844035569873395
      ],
      [
        0.4193908393820901,
        -0.003124677689435564,
        0.9078000464218083
      ]
    ],
    "t_w2c": [
      19.76378363601607,
      -0.7552469555564516,
      0.2986259619448377
    ]
  },
  "frame_023": {
    "R_w2c": [
      [
        0.896840485126305,
        -0.06296545624714878,
        -0.4378544932649466
      ],
      [
        0.05639513171045445,
        0.9980171348116733,
        -0.028010499165845446
      ],
      [
        0.4387473822654206,
        0.00042987097513371206,
        0.8986098525684384
      ]
    ],
    "t_w2c": [
      20.74575471771794,
      -0.827187937138369,
      0.6135537278925414
    ]
  },
  "frame_024": {
    "R_w2c": [
      [
        0.887653017245948,
        -0.07549650680619782,
        -0.45428614105114284
      ],
      [
        0.07033605394092007,
        0.9971236411057246,
        -0.02828000127405991
      ],
      [
        0.45511282278347054,
        -0.006847251212675143,
        0.8904069653115707
      ]
    ],
    "t_w2c": [
      21.730311836339236,
      -0.6424380014814354,
      1.1127749350867548
    ]
  },
  "frame_025": {
    "R_w2c": [
      [
        0.8663437618546959,
        -0.0953385052603585,
        -0.4902682982521836
      ],
      [
        0.09147645822356093,
        0.9952969917148523,
        -0.031905073492579386
      ],
      [
        0.4910023568352312,
        -0.017204480109373407,
        0.8709880501754252
      ]
    ],
    "t_w2c": [
      22.649116559724835,
      -0.13851301368030633,
      2.2323250121259663
    ]
  },
  "frame_026": {
    "R_w2c": [
      [
        0.8433020170787313,
        -0.10848885776886773,
        -0.5263798256830712
      ],
      [
        0.10483953774341155,
        0.9938062165212683,
        -0.03686950853762582
      ],
      [
        0.5271168385054409,
        -0.024090566217794734,
        0.8494506637706626
      ]
    ],
    "t_w2c": [
      23.403733734512574,
      0.2287838581619483,
      3.6839773582309214
    ]
  },
  "frame_027": {
    "R_w2c": [
      [
        0.8214832118173236,
        -0.11802525499692297,
        -0.5578880274671948
      ],
      [
        0.1115983263740624,
        0.9927036155858142,
        -0.04568961430508967
      ],
      [
        0.5592074932974812,
        -0.02472236609696516,
        0.8286586495841559
      ]
    ],
    "t_w2c": [
      24.100533894862128,
      0.5395204437532471,
      5.081191806858727
    ]
  },
  "frame_028": {
    "R_w2c": [
      [
        0.8031352488406932,
        -0.12247010930505232,
        -0.5830776126759516
      ],
      [
        0.11138574186413062,
        0.9922559387709107,
        -0.054994037385354695
      ],
      [
        0.585294130339526,
        -0.020775905885822937,
        0.8105543429832082
      ]
    ],
    "t_w2c": [
      24.91286933527625,
      0.6493295318236034,
      6.0031044313212565
    ]
  },
  "frame_029": {
    "R_w2c": [
      [
        0.7780190303905191,
        -0.1215456385923649,
        -0.6163750515365782
      ],
      [
        0.10724941115820845,
        0.9924017443531752,
        -0.06032248337347711
      ],
      [
        0.6190201472401378,
        -0.019170585501874685,
        0.7851404721151966
      ]
    ],
    "t_w2c": [
      25.541232876030985,
      0.6187424366961422,
      7.4758669591369395
    ]
  },
  "frame_030": {
    "R_w2c": [
      [
        0.7525296776555405,
        -0.11740900649013065,
        -0.6480117142827339
      ],
      [
        0.10467900393181642,
        0.9927963983156428,
        -0.058316849463144874
      ],
      [
        0.6501874771955777,
        -0.023945448037009157,
        0.7593962897020113
      ]
    ],
    "t_w2c": [
      26.168611031970716,
      0.5081999547904976,
      8.817613669281956
    ]
  },
  "frame_031": {
    "R_w2c": [
      [
        0.7329140127877468,
        -0.11333137480101459,
        -0.6708186298635137
      ],
      [
        0.10750491212952717,
        0.9929333315726451,
        -0.05029612229868496
      ],
      [
        0.6717747947978918,
        -0.03525067916980597,
        0.7399156062820426
      ]
    ],
    "t_w2c": [
      26.860188013870363,
      0.47818923806893826,
      9.849814430284722
    ]
  },
  "frame_032": {
    "R_w2c": [
      [
        0.7250182216543785,
        -0.11183327497782222,
        -0.6795925815717119
      ],
      [
        0.11271386906478267,
        0.9926940532701503,
        -0.04311109727596564
      ],
      [
        0.6794452399281227,
        -0.045339455872653464,
        0.73232354730161
      ]
    ],
    "t_w2c": [
      27.560988979583527,
      0.6754533021549861,
      10.72049082190653
    ]
  },
  "frame_033": {
    "R_w2c": [
      [
        0.7164407854234572,
        -0.11132796791158092,
        -0.6887117510754873
      ],
      [
        0.11920078942748423,
        0.9922051783120587,
        -0.03638822124769059
      ],
      [
        0.6873909376446364,
        -0.05602162459630142,
        0.7241235722819255
      ]
    ],
    "t_w2c": [
      28.230612390973427,
      0.8511063228329704,
      11.645700552082582
    ]
  },
  "frame_034": {
    "R_w2c": [
      [
        0.6978214524383374,
        -0.11205236791418197,
        -0.7074569207525547
      ],
      [
        0.11976857369414569,
        0.9920375314773864,
        -0.03898954902820633
      ],
      [
        0.706189054807397,
        -0.0575200587267987,
        0.7056825000989204
      ]
    ],
    "t_w2c": [
      28.85765963611457,
      1.1521457036146352,
      12.588022680705299
    ]
  },
  "frame_035": {
    "R_w2c": [
      [
        0.6848683883817658,
        -0.11564370993786136,
        -0.7194357697037793
      ],
      [
        0.12132727917865735,
        0.9916431792280934,
        -0.04390171029570775
      ],
      [
        0.7184968005863421,
        -0.057217483205099263,
        0.6931723429283052
      ]
    ],
    "t_w2c": [
      29.491451656348932,
      1.405129334013758,
      13.57392958484672
    ]
  },
  "frame_036": {
    "R_w2c": [
      [
        0.6681942959271111,
        -0.1220218020328048,
        -0.7339165294122035
      ],
      [
        0.12241376130356098,
        0.991047817443117,
        -0.05332173215063139
      ],
      [
        0.7338486075158881,
        -0.05420949954608993,
        0.6771458676203062
      ]
    ],
    "t_w2c": [
      29.9809142478777,
      1.6750234587449513,
      14.802548539245926
    ]
  },
  "frame_037": {
    "R_w2c": [
      [
        0.6575391304088597,
        -0.1297536833634912,
        -0.7421671444848811
      ],
      [
        0.12629757684855067,
        0.9901045778985598,
        -0.06120521191635429
      ],
      [
        0.7427607003029503,
        -0.053486743675297425,
        0.6674168772827763
      ]
    ],
    "t_w2c": [
      30.46366153917598,
      1.8542277174485575,
      15.915079808549335
    ]
  },
  "frame_038": {
    "R_w2c": [
      [
        0.6395132015772972,
        -0.13329257319930346,
        -0.7571402930013391
      ],
      [
        0.12846366704490564,
        0.9895373489587497,
        -0.06569899701099938
      ],
      [
        0.7579720245761306,
        -0.055246807441637326,
        0.6499427550365336
      ]
    ],
    "t_w2c": [
      30.98354946366257,
      2.3025513967601503,
      16.89173726324593
    ]
  },
  "frame_039": {
    "R_w2c": [
      [
        0.6196947499634233,
        -0.12832403859198632,
        -0.774284336949989
      ],
      [
        0.13294298176446448,
        0.9894512662199768,
        -0.057582826936364594
      ],
      [
        0.7735024642403869,
        -0.06724859289540744,
        0.6302152638045145
      ]
    ],
    "t_w2c": [
      31.32357521801726,
      2.0504297283788584,
      17.148697006960308
    ]
  },
  "frame_040": {
    "R_w2c": [
      [
        0.5642598179766344,
        -0.12423403603973841,
        -0.8161999791147542
      ],
      [
        0.18406744564397634,
        0.9826617407768293,
        -0.02231949895259939
      ],
      [
        0.8048169553683526,
        -0.1376390594269977,
        0.5773416912320712
      ]
    ],
    "t_w2c": [
      30.46777173569453,
      2.36825722508041,
      19.136226409877747
    ]
  }
}