{
  "frame_001": {
    "R_w2c": [
      [
        1.0,
        0.0,
        0.0
      ],
      [
        0.0,
        1.0,
        0.0
      ],
      [
        0.0,
        0.0,
        1.0
      ]
    ],
    "t_w2c": [
      0.0,
      0.0,
      0.0
    ]
  },
  "frame_006": {
    "R_w2c": [
      [
        0.999146,
        0.011209,
        0.039767
      ],
      [
        -0.009029,
        0.998468,
        -0.054582
      ],
      [
        -0.040318,
        0.054176,
        0.997717
      ]
    ],
    "t_w2c": [
      -0.979083769427485,
      -0.02731687941389551,
      -0.20161585272380902
    ]
  },
  "frame_011": {
    "R_w2c": [
      [
        0.983284623351,
        0.003838544515000001,
        0.182031569611
      ],
      [
        0.001986173218999998,
        0.999491211815,
        -0.031805330325
      ],
      [
        -0.182061289857,
        0.031635308295000004,
        0.982778276792
      ]
    ],
    "t_w2c": [
      -1.9958560302930013,
      -0.004638079465207098,
      -0.09606422696052933
    ]
  },
  "frame_016": {
    "R_w2c": [
      [
        0.9427327795256462,
        -0.0007542198282340329,
        0.3335473427937133
      ],
      [
        0.011463085833132805,
        0.9994794174227581,
        -0.030137861227088912
      ],
      [
        -0.33335109998407403,
        0.03223512666142171,
        0.9422513304315302
      ]
    ],
    "t_w2c": [
      -2.981935376926328,
      0.0038229660737724505,
      0.12826762688268048
    ]
  },
  "frame_021": {
    "R_w2c": [
      [
        0.8959067986322287,
        0.0004251700780524304,
        0.44424015077011847
      ],
      [
        0.013996349953366289,
        0.9994751829991064,
        -0.029182061944197257
      ],
      [
        -0.44402012144755626,
        0.032362715649587405,
        0.8954318019298629
      ]
    ],
    "t_w2c": [
      -3.920643206768754,
      0.026471347968040626,
      0.2677390381315737
    ]
  },
  "frame_026": {
    "R_w2c": [
      [
        0.8200672183331652,
        0.0188113469615982,
        0.5719557197044802
      ],
      [
        0.03213093167368996,
        0.9963686178443735,
        -0.07883889605207256
      ],
      [
        -0.5713630607470909,
        0.08303166247527814,
        0.8164860265686081
      ]
    ],
    "t_w2c": [
      -4.8365117878358115,
      0.033854020535462735,
      0.8395988347398763
    ]
  },
  "frame_031": {
    "R_w2c": [
      [
        0.7619241701917521,
        0.022729140010983626,
        0.647264851378683
      ],
      [
        0.06237014520719549,
        0.992163238928382,
        -0.10825915537914338
      ],
      [
        -0.644654339874309,
        0.12285610940738075,
        0.7545369572301003
      ]
    ],
    "t_w2c": [
      -5.727590737999004,
      -0.09962558496367223,
      1.399665969513763
    ]
  },
  "frame_036": {
    "R_w2c": [
      [
        0.6915034621292091,
        0.014739361711804674,
        0.7222200283309521
      ],
      [
        0.017470929124055446,
        0.9991570937971989,
        -0.03711858458790558
      ],
      [
        -0.722160120866336,
        0.038286863264200915,
        0.6906651717804237
      ]
    ],
    "t_w2c": [
      -6.553670457209136,
      -0.03947326251255575,
      1.985971533447669
    ]
  },
  "frame_041": {
    "R_w2c": [
      [
        0.5677453888056515,
        0.027013928335532435,
        0.8227590853363888
      ],
      [
        -0.012288663494487866,
        0.9996267267139529,
        -0.024341324011595878
      ],
      [
        -0.8231110383952427,
        0.0037103457942977845,
        0.5678676303739101
      ]
    ],
    "t_w2c": [
      -7.151181727540697,
      0.030081941307702937,
      2.97180389776019
    ]
  },
  "frame_046": {
    "R_w2c": [
      [
        0.4802838183410421,
        0.021529806947745908,
        0.8768468112704373
      ],
      [
        -0.006098211838735711,
        0.9997551397972654,
        -0.02120685887121315
      ],
      [
        -0.877089800346562,
        0.0048399149952691465,
        0.4803000435406602
      ]
    ],
    "t_w2c": [
      -7.772740523594737,
      -0.062132896178127554,
      3.429029693549298
    ]
  },
  "frame_051": {
    "R_w2c": [
      [
        0.3720889245306373,
        0.012717174021493093,
        0.9281080098126953
      ],
      [
        0.002885232342361201,
        0.999883604925904,
        -0.014857303433671582
      ],
      [
        -0.9281900522825541,
        0.008207571430346092,
        0.372011503004151
      ]
    ],
    "t_w2c": [
      -8.306196184778647,
      -0.16878642717308354,
      4.351551075746084
    ]
  },
  "frame_056": {
    "R_w2c": [
      [
        0.2965802271612307,
        0.04146864740670142,
        0.9541055089848268
      ],
      [
        -0.009273039908423477,
        0.9991329901413222,
        -0.040542233706311014
      ],
      [
        -0.9549608927112265,
        0.0031784417787472244,
        0.296709246698138
      ]
    ],
    "t_w2c": [
      -8.92212665076441,
      0.04794815292995877,
      4.857897530514045
    ]
  },
  "frame_061": {
    "R_w2c": [
      [
        0.17465352513247534,
        0.02340881051317378,
        0.9843496768270005
      ],
      [
        -0.02350045945570352,
        0.9995295417430199,
        -0.019598952319903173
      ],
      [
        -0.984347759371253,
        -0.019708346582127976,
        0.17512313757737333
      ]
    ],
    "t_w2c": [
      -9.240802657201005,
      -0.03592640066213217,
      5.9040538076699285
    ]
  },
  "frame_066": {
    "R_w2c": [
      [
        0.04996382061689412,
        0.04158939518112132,
        0.9978825926156903
      ],
      [
        -0.0025261953493068015,
        0.9991327005779872,
        -0.041513828226566
      ],
      [
        -0.9987459510871175,
        -0.0004456571424583549,
        0.05002661654635964
      ]
    ],
    "t_w2c": [
      -9.429495459670433,
      -0.0311619519389255,
      6.963869740120461
    ]
  },
  "frame_071": {
    "R_w2c": [
      [
        -0.04969667625657024,
        0.04060809438483102,
        0.9979360557710099
      ],
      [
        -0.04966969105684299,
        0.9978346901568695,
        -0.04307562029925416
      ],
      [
        -0.9975269153601272,
        -0.051707603661071404,
        -0.04757062786551548
      ]
    ],
    "t_w2c": [
      -9.67176636925728,
      0.2763478876705877,
      7.682619695423238
    ]
  },
  "frame_076": {
    "R_w2c": [
      [
        -0.22822553129426562,
        0.038913417029423414,
        0.972828139063895
      ],
      [
        -0.03582176159299536,
        0.9981869429194018,
        -0.04832956535534887
      ],
      [
        -0.9729474789057391,
        -0.04587843298380744,
        -0.22641708429028679
      ]
    ],
    "t_w2c": [
      -9.133390341451236,
      0.24079799957426215,
      9.256534980615534
    ]
  },
  "frame_081": {
    "R_w2c": [
      [
        -0.30624720094218216,
        0.034728287014046615,
        0.9513160515128044
      ],
      [
        -0.05603220624039429,
        0.9969419109700333,
        -0.05442936739592044
      ],
      [
        -0.9503001130799167,
        -0.06997374902337426,
        -0.30336424386883737
      ]
    ],
    "t_w2c": [
      -9.34418519012661,
      0.3974242624023844,
      9.828871644896232
    ]
  },
  "frame_086": {
    "R_w2c": [
      [
        -0.46539023142538477,
        0.043055469328428464,
        0.8840556040917182
      ],
      [
        -0.026137210951731736,
        0.9977093536780357,
        -0.06234719690372686
      ],
      [
        -0.8847185400417432,
        -0.05212364994868283,
        -0.4631985600952792
      ]
    ],
    "t_w2c": [
      -8.511794820561722,
      0.28894481623845225,
      11.215223743697747
    ]
  },
  "frame_091": {
    "R_w2c": [
      [
        -0.5732322433404347,
        0.05519166944845242,
        0.8175305633025463
      ],
      [
        -0.01839857990115989,
        0.9966072361302203,
        -0.08017977151605192
      ],
      [
        -0.81918548142172,
        -0.0610051374448671,
        -0.5702718018620283
      ]
    ],
    "t_w2c": [
      -8.027268230734608,
      0.4607737906475185,
      12.24800270192432
    ]
  },
  "frame_096": {
    "R_w2c": [
      [
        -0.703889217829312,
        0.038422075312288174,
        0.7092680726607463
      ],
      [
        -0.02565561786557846,
        0.9965055712880104,
        -0.07944139930632449
      ],
      [
        -0.7098455406581367,
        -0.07411632544725451,
        -0.7004440744211575
      ]
    ],
    "t_w2c": [
      -6.8285916952888295,
      0.5597101619056634,
      13.501785309306245
    ]
  },
  "frame_101": {
    "R_w2c": [
      [
        -0.7906324716430218,
        0.009811155834120613,
        0.6122102023557849
      ],
      [
        -0.05383710783846868,
        0.9948810220343842,
        -0.08546903826457676
      ],
      [
        -0.609918356940754,
        -0.10053620179264901,
        -0.7860576040969102
      ]
    ],
    "t_w2c": [
      -5.9989544953399605,
      0.7310135062909087,
      14.287507405748846
    ]
  },
  "frame_106": {
    "R_w2c": [
      [
        -0.8861240653835449,
        0.03610496208599555,
        0.4620375809928167
      ],
      [
        -0.010950635171216803,
        0.9950471554271054,
        -0.09875551626859887
      ],
      [
        -0.46331664203283673,
        -0.0925718865793537,
        -0.8813412468458637
      ]
    ],
    "t_w2c": [
      -4.387250637276917,
      0.784876080809276,
      15.073415855272275
    ]
  },
  "frame_111": {
    "R_w2c": [
      [
        -0.9605869800725189,
        0.03193443293196569,
        0.2761358974629057
      ],
      [
        -0.0018657272669703243,
        0.9926117842310782,
        -0.1212832650681153
      ],
      [
        -0.2779690987749927,
        -0.11702073164587676,
        -0.953432847343852
      ]
    ],
    "t_w2c": [
      -2.2843144431089235,
      1.1062059330618317,
      15.503352118835915
    ]
  },
  "frame_116": {
    "R_w2c": [
      [
        -0.9929638388251343,
        0.012847586968971625,
        0.11771273148086714
      ],
      [
        -0.0013461055402746683,
        0.9928033640093135,
        -0.11971510654641253
      ],
      [
        -0.11840208785482936,
        -0.11903378230878305,
        -0.9858024893848535
      ]
    ],
    "t_w2c": [
      -0.7370864174046566,
      1.0508928337407781,
      15.647550125773467
    ]
  },
  "frame_121": {
    "R_w2c": [
      [
        -0.9998861392625497,
        0.001342498503022255,
        -0.014940803073925785
      ],
      [
        0.0034091748179638924,
        0.990261970834695,
        -0.13914844707677745
      ],
      [
        0.014610247884738456,
        -0.13918570966174487,
        -0.9901558080150511
      ]
    ],
    "t_w2c": [
      0.3725571547202777,
      1.2814640235644945,
      15.408256371880029
    ]
  },
  "frame_126": {
    "R_w2c": [
      [
        -0.9809860701867197,
        -0.00882566792899941,
        -0.1938668294900738
      ],
      [
        0.017362237916155935,
        0.9909650162640835,
        -0.13296260520245973
      ],
      [
        0.1932916472929553,
        -0.13380224931728077,
        -0.9719729208799907
      ]
    ],
    "t_w2c": [
      2.144392828686981,
      1.189769826202767,
      15.17334841614497
    ]
  },
  "frame_131": {
    "R_w2c": [
      [
        -0.9393021798297811,
        -0.007126931369698758,
        -0.3430104313582584
      ],
      [
        0.05012566445620483,
        0.9862023208594212,
        -0.1577501096390342
      ],
      [
        0.33940583887729164,
        -0.16536962504292255,
        -0.9259880919621757
      ]
    ],
    "t_w2c": [
      3.471174750305938,
      1.5739854069845143,
      14.50017997131719
    ]
  },
  "frame_136": {
    "R_w2c": [
      [
        -0.8497896769865926,
        -0.017949962512064866,
        -0.5268115534416554
      ],
      [
        0.07237714974657193,
        0.9859777885323906,
        -0.15034034016836298
      ],
      [
        0.522126780810654,
        -0.16588693228540385,
        -0.8365781495311455
      ]
    ],
    "t_w2c": [
      5.381378285207412,
      1.4761825288478163,
      13.333027868309543
    ]
  },
  "frame_141": {
    "R_w2c": [
      [
        -0.8029926044164962,
        -0.010790608301394755,
        -0.595887565530443
      ],
      [
        0.08193901015400185,
        0.9883396781043212,
        -0.12831174363145545
      ],
      [
        0.590327769159407,
        -0.15185983948639048,
        -0.7927477743339596
      ]
    ],
    "t_w2c": [
      5.553182512580394,
      1.217306566150318,
      13.257747848455024
    ]
  },
  "frame_146": {
    "R_w2c": [
      [
        -0.653666484692656,
        -0.02814056943913241,
        -0.7562555307860875
      ],
      [
        0.09641890890152319,
        0.9880643443899598,
        -0.12010273013295318
      ],
      [
        0.7506137964966392,
        -0.15142444100024016,
        -0.6431544725608195
      ]
    ],
    "t_w2c": [
      7.353654579804364,
      1.188386651646809,
      11.948199017413518
    ]
  },
  "frame_151": {
    "R_w2c": [
      [
        -0.5292823514712652,
        -0.05403341408927661,
        -0.8467197342628794
      ],
      [
        0.09714569724016964,
        0.9875437767218185,
        -0.12374357951155014
      ],
      [
        0.8428640411310412,
        -0.1477496486244795,
        -0.5174432885829906
      ]
    ],
    "t_w2c": [
      8.13261833158466,
      1.2194077653084954,
      10.822335675286835
    ]
  },
  "frame_156": {
    "R_w2c": [
      [
        -0.4251744669326655,
        -0.04677013342705545,
        -0.9038991086888828
      ],
      [
        0.09380759014085518,
        0.9910054601809029,
        -0.0954005414858758
      ],
      [
        0.9002354056967083,
        -0.12535335802616723,
        -0.41696435685568756
      ]
    ],
    "t_w2c": [
      8.376342292836924,
      0.8297282605885534,
      9.979496611505331
    ]
  },
  "frame_161": {
    "R_w2c": [
      [
        -0.27869310373542544,
        -0.04418179749892778,
        -0.959360092230253
      ],
      [
        0.11590001334567644,
        0.9900892572192477,
        -0.07926423905450075
      ],
      [
        0.9533595268546122,
        -0.13327965523862756,
        -0.27081110790402924
      ]
    ],
    "t_w2c": [
      8.84393007043495,
      0.818153016565438,
      8.672473733894412
    ]
  },
  "frame_166": {
    "R_w2c": [
      [
        -0.10675051309191796,
        -0.05056120499780762,
        -0.9929963574918639
      ],
      [
        0.12039355559863588,
        0.9906970630471263,
        -0.0633862365976167
      ],
      [
        0.9869681710940063,
        -0.12631626925380185,
        -0.09967022896335997
      ]
    ],
    "t_w2c": [
      9.229852299219239,
      0.6848280929596464,
      7.029541934962342
    ]
  },
  "frame_171": {
    "R_w2c": [
      [
        0.043008779221147424,
        -0.07728493720441948,
        -0.9960776378614961
      ],
      [
        0.10264681024833172,
        0.9920660792537627,
        -0.07254103982758904
      ],
      [
        0.9937855126113802,
        -0.09912400635649783,
        0.05060066477587424
      ]
    ],
    "t_w2c": [
      9.184731650304638,
      0.6637132159056393,
      5.633135486702881
    ]
  },
  "frame_176": {
    "R_w2c": [
      [
        0.20011759546277152,
        -0.06727345556638524,
        -0.9774563627936136
      ],
      [
        0.10985597423601064,
        0.9928862550313854,
        -0.04584382915551637
      ],
      [
        0.9735915618365287,
        -0.09820472360577395,
        0.2060849290832934
      ]
    ],
    "t_w2c": [
      8.965552486075987,
      0.46208138545149136,
      4.091022220026966
    ]
  },
  "frame_181": {
    "R_w2c": [
      [
        0.34781415362539847,
        -0.04217087250245022,
        -0.9366117449162209
      ],
      [
        0.12880711147033477,
        0.9916613269483247,
        0.0031840102261730787
      ],
      [
        0.9286709563471406,
        -0.12174860925300574,
        0.35034664336608484
      ]
    ],
    "t_w2c": [
      8.490933829596395,
      0.17600082491193023,
      2.769287633286709
    ]
  },
  "frame_186": {
    "R_w2c": [
      [
        0.5601339233120562,
        -0.06211108861333123,
        -0.826067029668711
      ],
      [
        0.14321894167702545,
        0.9894271908528417,
        0.0227190796795856
      ],
      [
        0.8159253887738461,
        -0.1310328162174151,
        0.5631079513183108
      ]
    ],
    "t_w2c": [
      7.90872000536632,
      0.1311296566822281,
      0.7136044515004815
    ]
  },
  "frame_191": {
    "R_w2c": [
      [
        0.6463597498798186,
        -0.07425996614268873,
        -0.7594072695212809
      ],
      [
        0.12737856191221947,
        0.9917851408981425,
        0.011432871580893442
      ],
      [
        0.7523231855655383,
        -0.1041210607142259,
        0.6505102301330672
      ]
    ],
    "t_w2c": [
      6.960457380245946,
      0.12900790961431868,
      0.048989532738993306
    ]
  },
  "frame_196": {
    "R_w2c": [
      [
        0.7636914574326445,
        -0.07064747841174526,
        -0.6416997474721721
      ],
      [
        0.11599921952930324,
        0.9928302655456,
        0.028746547554256072
      ],
      [
        0.6350709387145731,
        -0.09638923607888517,
        0.7664123037221297
      ]
    ],
    "t_w2c": [
      5.908654669134441,
      0.003030254257102872,
      -0.8395681942328489
    ]
  },
  "frame_201": {
    "R_w2c": [
      [
        0.866651591127031,
        -0.06486770482885401,
        -0.4946744124097382
      ],
      [
        0.0927044853236208,
        0.9951791458664329,
        0.03191620790329182
      ],
      [
        0.49022149753960975,
        -0.07351823221001125,
        0.8684879926799055
      ]
    ],
    "t_w2c": [
      4.672741316987521,
      -0.13987867517575303,
      -1.7525128343889298
    ]
  },
  "frame_206": {
    "R_w2c": [
      [
        0.9191762897007414,
        -0.0670330189658502,
        -0.38809344422499764
      ],
      [
        0.08553382874530142,
        0.9958630255945974,
        0.03057423280974228
      ],
      [
        0.3844400980927988,
        -0.061298323771062264,
        0.9211088515583649
      ]
    ],
    "t_w2c": [
      3.4788045145969124,
      -0.15984204207966363,
      -1.9897820115031848
    ]
  },
  "frame_211": {
    "R_w2c": [
      [
        0.9713433906711391,
        -0.04281904126777417,
        -0.2337815550801943
      ],
      [
        0.0448504680604212,
        0.9989851839096389,
        0.003380868489929423
      ],
      [
        0.23340044160112583,
        -0.01376931749945558,
        0.9722798898208224
      ]
    ],
    "t_w2c": [
      2.2226236805142503,
      -0.1794620818506775,
      -2.063531619067598
    ]
  },
  "frame_216": {
    "R_w2c": [
      [
        0.9826195920283692,
        -0.01743378735168701,
        -0.18479530856532872
      ],
      [
        0.024113869362906135,
        0.9991289931081312,
        0.03396644216586422
      ],
      [
        0.18404381025551786,
        -0.03783237544550576,
        0.9821860054349216
      ]
    ],
    "t_w2c": [
      1.210781571384514,
      -0.26988513508979756,
      -1.7310369701869974
    ]
  }
}