{
  "K": [
    [
      3183.8330165146126,
      0.0,
      1100.814254448177
    ],
    [
      0.0,
      3183.592270336112,
      1927.6877827756523
    ],
    [
      0.0,
      0.0,
      1.0
    ]
  ],
  "cameras_optimized": [
    {
      "R_w2c": [
        [
          1.0,
          0.0,
          -0.0
        ],
        [
          -0.0,
          1.0,
          0.0
        ],
        [
          0.0,
          -0.0,
          1.0
        ]
      ],
      "id": 0,
      "t_w2c": [
        0.0,
        0.0,
        0.0
      ]
    },
    {
      "R_w2c": [
        [
          0.999734816908904,
          -0.018128157003008915,
          0.01420090785106967
        ],
        [
          0.018505844452825774,
          0.999465953309041,
          -0.026932172157805006
        ],
        [
          -0.013705093257914405,
          0.02718782999292309,
          0.9995363886918113
        ]
      ],
      "id": 1,
      "t_w2c": [
        -0.987991363500554,
        0.0642456449718836,
        -0.14052304540386212
      ]
    },
    {
      "R_w2c": [
        [
          0.999515520162268,
          -0.029526731330180675,
          0.009843632038339174
        ],
        [
          0.029922765595619405,
          0.9986328621475752,
          -0.04286064322956277
        ],
        [
          -0.00856463973909622,
          0.043134426806178565,
          0.9990325661209658
        ]
      ],
      "id": 2,
      "t_w2c": [
        -0.35876346632290773,
        0.1953424379223373,
        0.6202703234288175
      ]
    },
    {
      "R_w2c": [
        [
          0.9991679222412402,
          -0.04065022125411999,
          0.0033200415831743735
        ],
        [
          0.04077194239566173,
          0.997623678561814,
          -0.05553957765485058
        ],
        [
          -0.001054455977154532,
          0.05562872895173346,
          0.9984509665666145
        ]
      ],
      "id": 3,
      "t_w2c": [
        0.5670037048705053,
        0.245517627537978,
        0.9767521032660479
      ]
    },
    {
      "R_w2c": [
        [
          0.9989690130858684,
          -0.04286909769085036,
          0.014938251484639072
        ],
        [
          0.043856633765282496,
          0.9963199670860697,
          -0.07364182819831931
        ],
        [
          -0.011726319500332427,
          0.07422104586156962,
          0.9971728685549918
        ]
      ],
      "id": 4,
      "t_w2c": [
        -0.33469653445968106,
        0.1862913891719037,
        0.5669732547282157
      ]
    },
    {
      "R_w2c": [
        [
          0.999141050747043,
          -0.03599438451769566,
          0.02053204800518532
        ],
        [
          0.03756213623494525,
          0.9959309611686231,
          -0.0819182916521699
        ],
        [
          -0.017499903815803602,
          0.08261915558110497,
          0.9964275329884772
        ]
      ],
      "id": 5,
      "t_w2c": [
        -1.2914145297574167,
        0.11343780923232925,
        0.3044337177448546
      ]
    },
    {
      "R_w2c": [
        [
          0.9992995852477395,
          -0.030221267549427173,
          0.022068391681356034
        ],
        [
          0.03221427998120855,
          0.994823431758462,
          -0.0963772783886796
        ],
        [
          -0.019041509629966577,
          0.09702069166947164,
          0.9951001991251882
        ]
      ],
      "id": 6,
      "t_w2c": [
        -2.1985581372812604,
        0.09355187226609027,
        -0.1087251744710414
      ]
    },
    {
      "R_w2c": [
        [
          0.9989913349302597,
          -0.027870902789470447,
          0.035206895801214846
        ],
        [
          0.031339708665939096,
          0.9942740534700784,
          -0.10216129040352662
        ],
        [
          -0.032157975604689,
          0.10316161773585913,
          0.9941446299362727
        ]
      ],
      "id": 7,
      "t_w2c": [
        -3.174200390977445,
        -0.039801504327531316,
        -0.2573331083766484
      ]
    },
    {
      "R_w2c": [
        [
          0.9945650453964534,
          -0.03972547039969376,
          0.09624062280073611
        ],
        [
          0.05028039586897466,
          0.9926748997520103,
          -0.10985638440070535
        ],
        [
          -0.09117155404406416,
          0.11409833655167544,
          0.9892771691135558
        ]
      ],
      "id": 8,
      "t_w2c": [
        -4.121522672470735,
        -0.13316590066919912,
        -0.4109536899033443
      ]
    },
    {
      "R_w2c": [
        [
          0.99039800220526,
          -0.025731558080917413,
          0.1358296143944988
        ],
        [
          0.042148621068643144,
          0.9919499010108099,
          -0.11941058423212032
        ],
        [
          -0.13166355216931447,
          0.12398903501266854,
          0.9835097499398698
        ]
      ],
      "id": 9,
      "t_w2c": [
        -5.104934444581425,
        -0.11673706481251905,
        -0.48797832900015603
      ]
    },
    {
      "R_w2c": [
        [
          0.9891385970170563,
          -0.02382289816080916,
          0.14504242625642055
        ],
        [
          0.039701370471481444,
          0.9934028483738642,
          -0.10758523144641943
        ],
        [
          -0.1415225673658292,
          0.11217508799155529,
          0.9835589014188582
        ]
      ],
      "id": 10,
      "t_w2c": [
        -6.0805048826133765,
        -0.18155661436138512,
        -0.668399882010173
      ]
    },
    {
      "R_w2c": [
        [
          0.9884770884356,
          -0.02345388810801356,
          0.14954250489575124
        ],
        [
          0.03886024740001266,
          0.9941323562003307,
          -0.10094919280305657
        ],
        [
          -0.14629739167151548,
          0.10559722291895589,
          0.9835884808708953
        ]
      ],
      "id": 11,
      "t_w2c": [
        -6.994806004356424,
        -0.23881611209039988,
        -1.0477719076720746
      ]
    },
    {
      "R_w2c": [
        [
          0.9887021817846285,
          -0.02377546306689609,
          0.14799568605290492
        ],
        [
          0.038424271066859854,
          0.9945498415423835,
          -0.09692361983025854
        ],
        [
          -0.14488468216928874,
          0.1015152207502632,
          0.9842271530641337
        ]
      ],
      "id": 12,
      "t_w2c": [
        -7.908430341262607,
        -0.2321873248368819,
        -1.4604243153829093
      ]
    },
    {
      "R_w2c": [
        [
          0.9894420061596139,
          -0.025670476825313628,
          0.14263780377725852
        ],
        [
          0.039969362232468296,
          0.9943534646431745,
          -0.09830380173139207
        ],
        [
          -0.13930888891082435,
          0.10296705284544246,
          0.9848811194752164
        ]
      ],
      "id": 13,
      "t_w2c": [
        -8.870074634376211,
        -0.2980571094408513,
        -1.740128758754219
      ]
    },
    {
      "R_w2c": [
        [
          0.9902967526205334,
          -0.03356136324450279,
          0.13485539161040855
        ],
        [
          0.04743575421593804,
          0.9937523653656615,
          -0.10102517286358835
        ],
        [
          -0.13062232187184253,
          0.10644186783086497,
          0.9857017489086065
        ]
      ],
      "id": 14,
      "t_w2c": [
        -9.829140081882102,
        -0.4264777221391354,
        -2.0196833573522843
      ]
    },
    {
      "R_w2c": [
        [
          0.9912052050416785,
          -0.029430186575644637,
          0.12901978769323239
        ],
        [
          0.04327265900365649,
          0.9934416240242586,
          -0.1058358003645121
        ],
        [
          -0.12505886006611958,
          0.11048802547862976,
          0.9859780310660052
        ]
      ],
      "id": 15,
      "t_w2c": [
        -10.769059231133442,
        -0.5697467758748179,
        -2.31902464425327
      ]
    },
    {
      "R_w2c": [
        [
          0.9905874838901907,
          -0.02764314907082052,
          0.13406078125070622
        ],
        [
          0.043161576440640455,
          0.9925116470470893,
          -0.11427033208594861
        ],
        [
          -0.12989809497933394,
          0.11898103540196067,
          0.9843627370717654
        ]
      ],
      "id": 16,
      "t_w2c": [
        -11.74581085833454,
        -0.5730862041252123,
        -2.5304801120194558
      ]
    },
    {
      "R_w2c": [
        [
          0.9883967977407642,
          -0.024051216804132042,
          0.14997769562852878
        ],
        [
          0.041797048904972725,
          0.9923320334551194,
          -0.11631913893105873
        ],
        [
          -0.14603005484707013,
          0.12123808951426222,
          0.9818230740476074
        ]
      ],
      "id": 17,
      "t_w2c": [
        -12.753419424329003,
        -0.5762208678972842,
        -2.5928504596337425
      ]
    },
    {
      "R_w2c": [
        [
          0.9851626604666814,
          -0.020083555909291693,
          0.17044407647157606
        ],
        [
          0.03923396675861616,
          0.9931852989534307,
          -0.10974360024697673
        ],
        [
          -0.16707850931401652,
          0.11480249441899242,
          0.9792370290182981
        ]
      ],
      "id": 18,
      "t_w2c": [
        -13.798260593828115,
        -0.5008208909555502,
        -2.419801529356045
      ]
    },
    {
      "R_w2c": [
        [
          0.9768707177230913,
          -0.016716943129721683,
          0.21317632295255093
        ],
        [
          0.0351953709646712,
          0.995912557198124,
          -0.08318331730432872
        ],
        [
          -0.2109144061410501,
          0.08876216664486682,
          0.9734661735544164
        ]
      ],
      "id": 19,
      "t_w2c": [
        -14.854260014405273,
        -0.6003019190175409,
        -2.063757145299355
      ]
    },
    {
      "R_w2c": [
        [
          0.9705567372989384,
          -0.015599093970041687,
          0.2403669859838353
        ],
        [
          0.03286211530035941,
          0.997145372611469,
          -0.06797931492388347
        ],
        [
          -0.23862041208083049,
          0.07387674970414203,
          0.9682987786791463
        ]
      ],
      "id": 20,
      "t_w2c": [
        -15.848276613815521,
        -0.6806563589414751,
        -1.9696220635153618
      ]
    },
    {
      "R_w2c": [
        [
          0.9647905991513028,
          -0.005496590158249583,
          0.2629617601209393
        ],
        [
          0.025713084138513108,
          0.9969636414457878,
          -0.07350057781569175
        ],
        [
          -0.26175931137851793,
          0.07767422437196941,
          0.9620024832477602
        ]
      ],
      "id": 21,
      "t_w2c": [
        -16.835333634673493,
        -0.5542607068461771,
        -1.933682233020541
      ]
    },
    {
      "R_w2c": [
        [
          0.9592450463526546,
          0.0039232494058231825,
          0.28254831296964644
        ],
        [
          0.018988613102849702,
          0.996748515980569,
          -0.07830599250991983
        ],
        [
          -0.28193682558389543,
          0.08047983601271218,
          0.9560515793486475
        ]
      ],
      "id": 22,
      "t_w2c": [
        -17.823582517682816,
        -0.5087180846346948,
        -1.8870927982064514
      ]
    },
    {
      "R_w2c": [
        [
          0.9457934778860007,
          0.018755711238731182,
          0.3242266498673923
        ],
        [
          0.011587600836559842,
          0.9957465288147562,
          -0.09140337991680805
        ],
        [
          -0.3245618965546569,
          0.0902057295812917,
          0.9415532388853809
        ]
      ],
      "id": 23,
      "t_w2c": [
        -18.887400326340448,
        -0.38770441163531444,
        -1.1698010910130605
      ]
    },
    {
      "R_w2c": [
        [
          0.9409406728688202,
          0.024973211369939057,
          0.3376492097651705
        ],
        [
          0.010112021965030315,
          0.9947582084911608,
          -0.1017538876467869
        ],
        [
          -0.33842044434837343,
          0.09915868773500654,
          0.9357559283775448
        ]
      ],
      "id": 24,
      "t_w2c": [
        -19.903274212586478,
        -0.30843324081908646,
        -0.9331248450307726
      ]
    },
    {
      "R_w2c": [
        [
          0.9377658868586273,
          0.025927252072441738,
          0.3462988868654131
        ],
        [
          0.009609497579919447,
          0.9948897241134316,
          -0.10050917574908969
        ],
        [
          -0.34713513074955926,
          0.09758183464903672,
          0.9327244965937231
        ]
      ],
      "id": 25,
      "t_w2c": [
        -20.906967084880776,
        -0.3603430112208427,
        -0.8227186351095629
      ]
    },
    {
      "R_w2c": [
        [
          0.934822920950201,
          0.027673910349447203,
          0.35403426550562167
        ],
        [
          0.008693218553114347,
          0.9948767119098301,
          -0.10072117975219004
        ],
        [
          -0.3550077948683973,
          0.09723416470282421,
          0.9297929784619919
        ]
      ],
      "id": 26,
      "t_w2c": [
        -19.915805866333447,
        -0.30768676694868347,
        -0.7066476673625686
      ]
    },
    {
      "R_w2c": [
        [
          0.9208998862099494,
          0.03812746069608805,
          0.3879300147183386
        ],
        [
          0.0017881351575529149,
          0.9947811236643314,
          -0.10201626622156226
        ],
        [
          -0.3897950771253537,
          0.09464043925298848,
          0.9160256465333495
        ]
      ],
      "id": 27,
      "t_w2c": [
        -20.923790302730254,
        -0.14205906051396472,
        -0.06650267545472849
      ]
    },
    {
      "R_w2c": [
        [
          0.9127132351822628,
          0.04377561232786595,
          0.40624899518453916
        ],
        [
          -0.003405073308508033,
          0.9950247947999201,
          -0.09956938891617459
        ],
        [
          -0.4085865340400868,
          0.08949499147269158,
          0.9083213587175035
        ]
      ],
      "id": 28,
      "t_w2c": [
        -21.91811908470216,
        -0.041996927365967364,
        0.28778923160684
      ]
    },
    {
      "R_w2c": [
        [
          0.9171320427445027,
          0.03609921044583408,
          0.3969454158653092
        ],
        [
          0.004164172514407295,
          0.9949680540358414,
          -0.10010609929170745
        ],
        [
          -0.3985617591271974,
          0.09346346052505396,
          0.9123667605234835
        ]
      ],
      "id": 29,
      "t_w2c": [
        -22.91887453809351,
        -0.19212508124492975,
        0.023079078347402745
      ]
    },
    {
      "R_w2c": [
        [
          0.9199297556202153,
          0.03292632845415283,
          0.39069822320950004
        ],
        [
          0.012904758871617914,
          0.993385062281478,
          -0.11410339712072258
        ],
        [
          -0.3918707847275636,
          0.11000897659079086,
          0.9134195712521439
        ]
      ],
      "id": 30,
      "t_w2c": [
        -23.91224164808408,
        -0.21446785895479956,
        -0.24509856114542664
      ]
    },
    {
      "R_w2c": [
        [
          0.9175557051117159,
          0.033318325368072846,
          0.39620880506572437
        ],
        [
          0.016917135157369697,
          0.9923090748895402,
          -0.12262344975546989
        ],
        [
          -0.3972472008145674,
          0.11921656380944805,
          0.9099352022855576
        ]
      ],
      "id": 31,
      "t_w2c": [
        -24.905106780961315,
        -0.19984951277189367,
        -0.22915054548157943
      ]
    },
    {
      "R_w2c": [
        [
          0.90886653720121,
          0.03749534932005075,
          0.4153982623161164
        ],
        [
          0.020657204450686376,
          0.990682053731478,
          -0.13461927172089241
        ],
        [
          -0.41657520024620304,
          0.13093191816264013,
          0.8996232185454572
        ]
      ],
      "id": 32,
      "t_w2c": [
        -25.890667562267602,
        -0.1617014382087069,
        0.468418628602289
      ]
    },
    {
      "R_w2c": [
        [
          0.9003151477454725,
          0.04092263001398125,
          0.4333104811711653
        ],
        [
          0.019659383974283892,
          0.9907302490699029,
          -0.13441384675560736
        ],
        [
          -0.43479436905484375,
          0.1295334394302376,
          0.891164936870596
        ]
      ],
      "id": 33,
      "t_w2c": [
        -26.871492293276457,
        -0.18913032235754512,
        1.0721437253551094
      ]
    },
    {
      "R_w2c": [
        [
          0.8929351602553757,
          0.0459791125728118,
          0.4478311297651418
        ],
        [
          0.010813695665859054,
          0.9922930043461177,
          -0.12344090696281339
        ],
        [
          -0.45005540055170173,
          0.11506743558788678,
          0.8855561087257401
        ]
      ],
      "id": 34,
      "t_w2c": [
        -27.84990049645228,
        -0.08666457280367211,
        1.5463595060568933
      ]
    },
    {
      "R_w2c": [
        [
          0.9210822160867363,
          0.018862494945225558,
          0.38891098916485756
        ],
        [
          0.025042411133577407,
          0.9938881441746427,
          -0.10751388056293766
        ],
        [
          -0.3885620012988449,
          0.10876839225402794,
          0.9149803320252903
        ]
      ],
      "id": 35,
      "t_w2c": [
        -28.879846756643595,
        -0.6269364451431194,
        -0.43230534881952604
      ]
    },
    {
      "R_w2c": [
        [
          0.9245349562896091,
          0.009387743352709808,
          0.38098160700132766
        ],
        [
          0.036745111061265746,
          0.9928428746604866,
          -0.11363460322013018
        ],
        [
          -0.3793216463789876,
          0.11905837438267343,
          0.9175729900545729
        ]
      ],
      "id": 36,
      "t_w2c": [
        -29.8675818091341,
        -0.867157498182276,
        -0.6902283842956085
      ]
    },
    {
      "R_w2c": [
        [
          0.908834897411803,
          0.014108208592555667,
          0.4169173631510044
        ],
        [
          0.041256204360034715,
          0.9914884183719022,
          -0.12348539118530209
        ],
        [
          -0.41511089463934886,
          0.12942826076515504,
          0.90051722385917
        ]
      ],
      "id": 37,
      "t_w2c": [
        -28.880667603712915,
        -0.9035257052603853,
        0.6111460935796077
      ]
    },
    {
      "R_w2c": [
        [
          0.8889344399070992,
          0.031354028679399584,
          0.45696004905530113
        ],
        [
          0.031018659453387273,
          0.9912431013955783,
          -0.12835480786238637
        ],
        [
          -0.45698293656630834,
          0.12827329738198331,
          0.8801775712127563
        ]
      ],
      "id": 38,
      "t_w2c": [
        -29.812779156754964,
        -0.5276730575301153,
        1.7807718882178067
      ]
    },
    {
      "R_w2c": [
        [
          0.8690827726923926,
          0.06074192465170152,
          0.49092316384431295
        ],
        [
          0.0028335359365442084,
          0.9918046449769964,
          -0.1277322092353783
        ],
        [
          -0.4946585744565633,
          0.11240091099124228,
          0.8617882163994466
        ]
      ],
      "id": 39,
      "t_w2c": [
        -30.705781960269178,
        0.2930000570676254,
        2.9413633634682808
      ]
    },
    {
      "R_w2c": [
        [
          0.8583785451163102,
          0.06990201713990908,
          0.5082322119698618
        ],
        [
          -0.00921735375776726,
          0.992615055370856,
          -0.12095615834184115
        ],
        [
          -0.512934024679306,
          0.09914161513150888,
          0.8526837787101412
        ]
      ],
      "id": 40,
      "t_w2c": [
        -31.6034593722324,
        0.5211842460597099,
        3.8292762080289475
      ]
    }
  ],
  "notes": {
    "convention": "x_cam = R_w2c * x_world + t_w2c",
    "fix_cam_prefix": 1,
    "huber_delta_px": 3.0,
    "min_track_len": 2,
    "num_cameras": 41,
    "num_observations": 1214,
    "num_points": 599,
    "prefilter_thresh_px": 50.0,
    "solver": "Ceres BA (Schur)",
    "stage": "B",
    "stageB_free_t": 1,
    "two_stage": 1,
    "zmin": 0.1
  },
  "points_optimized": [
    {
      "X": [
        1.0333830452382473,
        9.61932714577062,
        26.70016183794221
      ],
      "id": 0
    },
    {
      "X": [
        -2.289755634312744,
        8.332842223439345,
        18.79197143137895
      ],
      "id": 1
    },
    {
      "X": [
        -4.869747393576807,
        9.107940722545823,
        23.3819459539526
      ],
      "id": 2
    },
    {
      "X": [
        4.605056487825551,
        7.880262444486329,
        17.203155613796266
      ],
      "id": 3
    },
    {
      "X": [
        -3.1792490918927583,
        8.68561932690286,
        20.326439777808364
      ],
      "id": 4
    },
    {
      "X": [
        6.405038129572952,
        8.864801686798337,
        24.01080349790194
      ],
      "id": 5
    },
    {
      "X": [
        1.0996233237748214,
        8.991165254485363,
        23.128448652790745
      ],
      "id": 6
    },
    {
      "X": [
        2.280854198669579,
        7.408574788677095,
        13.951892452424001
      ],
      "id": 7
    },
    {
      "X": [
        -0.8601949499931064,
        7.717251628467222,
        16.055294632198045
      ],
      "id": 8
    },
    {
      "X": [
        -0.6241742013423651,
        8.724811133802847,
        20.927363778573714
      ],
      "id": 9
    },
    {
      "X": [
        -0.005789976377410728,
        7.479190502380436,
        14.413340134846242
      ],
      "id": 10
    },
    {
      "X": [
        5.026392495742526,
        7.914266002170669,
        17.595214106233772
      ],
      "id": 11
    },
    {
      "X": [
        3.433304140942593,
        7.8095885172240935,
        16.714401871799478
      ],
      "id": 12
    },
    {
      "X": [
        0.49640667788010984,
        7.291938821326634,
        13.301824230579934
      ],
      "id": 13
    },
    {
      "X": [
        -1.739161130329522,
        8.061805989117738,
        17.163239156427764
      ],
      "id": 14
    },
    {
      "X": [
        -0.5511151267257708,
        7.767394868826918,
        15.535707412057427
      ],
      "id": 15
    },
    {
      "X": [
        3.2498118198377965,
        9.382924356827846,
        26.054742851599332
      ],
      "id": 16
    },
    {
      "X": [
        3.836406529493685,
        7.800782220292981,
        17.05087405210644
      ],
      "id": 17
    },
    {
      "X": [
        2.1013722166074777,
        -1.1604900510098672,
        14.442335595468005
      ],
      "id": 18
    },
    {
      "X": [
        -1.429111067887358,
        -1.7229061733141844,
        16.745088232745722
      ],
      "id": 19
    },
    {
      "X": [
        0.8702751283673874,
        7.361356343984773,
        21.23139798870552
      ],
      "id": 20
    },
    {
      "X": [
        6.94933977751479,
        1.0953821339305598,
        21.745217463265135
      ],
      "id": 21
    },
    {
      "X": [
        6.433616531792538,
        6.536815211590303,
        18.842081536304274
      ],
      "id": 22
    },
    {
      "X": [
        0.4487326109842653,
        -0.38156298930217153,
        7.918513513875239
      ],
      "id": 23
    },
    {
      "X": [
        6.358657753801693,
        6.394158484197754,
        18.06221718830669
      ],
      "id": 24
    },
    {
      "X": [
        -0.6258174620300315,
        -0.46388585570052615,
        19.09214706883143
      ],
      "id": 25
    },
    {
      "X": [
        2.6935058617112726,
        6.11680505304392,
        14.927570845645024
      ],
      "id": 26
    },
    {
      "X": [
        -0.4271030844264466,
        -0.16399447387509059,
        18.532771960870416
      ],
      "id": 27
    },
    {
      "X": [
        6.273108228946515,
        6.367217200051433,
        17.793439472019955
      ],
      "id": 28
    },
    {
      "X": [
        5.238726705378335,
        7.104830420328952,
        21.045075641722544
      ],
      "id": 29
    },
    {
      "X": [
        4.8873907862702595,
        6.383381684562379,
        17.6393875945127
      ],
      "id": 30
    },
    {
      "X": [
        5.310422338555663,
        6.352154310952229,
        17.507154490654255
      ],
      "id": 31
    },
    {
      "X": [
        4.82064501026698,
        6.666023089182869,
        19.175137559506325
      ],
      "id": 32
    },
    {
      "X": [
        4.547465059721748,
        6.17653942955827,
        16.25889249365581
      ],
      "id": 33
    },
    {
      "X": [
        3.3798423999562734,
        7.124340323271725,
        20.996407423161173
      ],
      "id": 34
    },
    {
      "X": [
        3.240661953648721,
        6.813449384704585,
        19.138577956588975
      ],
      "id": 35
    },
    {
      "X": [
        5.191701743543024,
        7.119908836132591,
        21.12029907745892
      ],
      "id": 36
    },
    {
      "X": [
        1.4582173332350707,
        5.970805620319508,
        13.936330039146892
      ],
      "id": 37
    },
    {
      "X": [
        3.0375854349581433,
        5.727287187076453,
        13.582712146624115
      ],
      "id": 38
    },
    {
      "X": [
        3.606228182768248,
        6.054172688812172,
        15.405971530782484
      ],
      "id": 39
    },
    {
      "X": [
        4.092369516041664,
        6.894582642194556,
        19.94773728557724
      ],
      "id": 40
    },
    {
      "X": [
        3.321857788855662,
        7.2166728529321436,
        21.653819640298583
      ],
      "id": 41
    },
    {
      "X": [
        1.3547029682463385,
        8.026659405095922,
        24.090345417934437
      ],
      "id": 42
    },
    {
      "X": [
        -1.33196310855673,
        7.3080928577873525,
        20.425604773982393
      ],
      "id": 43
    },
    {
      "X": [
        0.3133475939666991,
        6.577513536574792,
        16.849020178826972
      ],
      "id": 44
    },
    {
      "X": [
        0.35846272259994266,
        -0.19012943432731705,
        12.406221600089909
      ],
      "id": 45
    },
    {
      "X": [
        -0.8498794845575326,
        7.67901353812273,
        22.10579507256529
      ],
      "id": 46
    },
    {
      "X": [
        5.15440661077929,
        7.240827482014399,
        21.799698040111966
      ],
      "id": 47
    },
    {
      "X": [
        3.2730663147986587,
        6.796281329697699,
        19.0028253894043
      ],
      "id": 48
    },
    {
      "X": [
        -2.2024440601488657,
        7.788425226407142,
        22.445866603220388
      ],
      "id": 49
    },
    {
      "X": [
        -2.3732915285144975,
        7.317801459852348,
        19.438735178151788
      ],
      "id": 50
    },
    {
      "X": [
        0.39094050895278865,
        0.22092598449079304,
        9.327846442694035
      ],
      "id": 51
    },
    {
      "X": [
        1.3234305176406522,
        6.038158820153001,
        14.513020141291204
      ],
      "id": 52
    },
    {
      "X": [
        1.2025419878468646,
        0.8694549988986102,
        24.349797367135505
      ],
      "id": 53
    },
    {
      "X": [
        0.5804847741985623,
        7.416768405427793,
        21.021665436261173
      ],
      "id": 54
    },
    {
      "X": [
        1.149546259698703,
        -2.5795676393573816,
        11.869633338829763
      ],
      "id": 55
    },
    {
      "X": [
        0.8703231759909643,
        -1.5943173050481736,
        8.099388385443236
      ],
      "id": 56
    },
    {
      "X": [
        0.2524684388443803,
        -1.4461818604217445,
        7.474170023310576
      ],
      "id": 57
    },
    {
      "X": [
        1.6776357055195525,
        -0.7969675260063027,
        8.731101524956829
      ],
      "id": 58
    },
    {
      "X": [
        1.8665905095183344,
        -0.9144841334438614,
        9.19303721572159
      ],
      "id": 59
    },
    {
      "X": [
        3.3079450265511974,
        -1.2279174230448924,
        15.255488326215124
      ],
      "id": 60
    },
    {
      "X": [
        1.6518035786293446,
        -0.3929681888942982,
        2.958752437879266
      ],
      "id": 61
    },
    {
      "X": [
        2.2043366856894595,
        -4.863981826658014,
        24.263795881414353
      ],
      "id": 62
    },
    {
      "X": [
        5.504058961495393,
        7.681508671901479,
        21.878055089484324
      ],
      "id": 63
    },
    {
      "X": [
        -0.16984596589393514,
        -3.2954205358774256,
        12.934674029241377
      ],
      "id": 64
    },
    {
      "X": [
        0.5969649978507923,
        -0.9983509072164166,
        10.135905954495248
      ],
      "id": 65
    },
    {
      "X": [
        -0.029900992017151014,
        -1.420478864065959,
        13.839959871664705
      ],
      "id": 66
    },
    {
      "X": [
        1.353339591094207,
        -0.5926743959412256,
        8.112976593958356
      ],
      "id": 67
    },
    {
      "X": [
        1.4425035390572019,
        -0.5959665760146021,
        8.201335016796213
      ],
      "id": 68
    },
    {
      "X": [
        1.363157460927761,
        -0.7473955357597457,
        8.098690752543536
      ],
      "id": 69
    },
    {
      "X": [
        0.2538244412010706,
        -0.9443980939375327,
        7.727661382289941
      ],
      "id": 70
    },
    {
      "X": [
        1.9422551832961534,
        -2.1062648325138795,
        23.431780166212445
      ],
      "id": 71
    },
    {
      "X": [
        0.3839630196985196,
        -1.5021475695826472,
        7.855134421586317
      ],
      "id": 72
    },
    {
      "X": [
        0.9438852198814598,
        -0.8487590980793633,
        3.971071465623799
      ],
      "id": 73
    },
    {
      "X": [
        1.3800054636415071,
        -0.5794899702098034,
        4.672073889278452
      ],
      "id": 74
    },
    {
      "X": [
        0.6713870265655627,
        0.4004358106671716,
        13.68873590237343
      ],
      "id": 75
    },
    {
      "X": [
        1.7062712894216538,
        -0.4204438582260776,
        4.2442826656053745
      ],
      "id": 76
    },
    {
      "X": [
        2.1069071665264194,
        7.45279458606513,
        24.55267678571033
      ],
      "id": 77
    },
    {
      "X": [
        -0.3060448912011071,
        -6.44268348916472,
        21.852558071285838
      ],
      "id": 78
    },
    {
      "X": [
        0.8447258215368917,
        7.439029701574486,
        24.021858685421357
      ],
      "id": 79
    },
    {
      "X": [
        4.067018954908595,
        -3.9900070139169355,
        25.621153514589356
      ],
      "id": 80
    },
    {
      "X": [
        2.5065274664099086,
        -4.2108910028410325,
        24.981019705004396
      ],
      "id": 81
    },
    {
      "X": [
        -3.0984273523450763,
        7.987283064869351,
        26.455554843298728
      ],
      "id": 82
    },
    {
      "X": [
        -5.231699481598763,
        6.846613519367893,
        24.283278950945345
      ],
      "id": 83
    },
    {
      "X": [
        -4.132433604054841,
        6.8394254346502334,
        24.554795512996126
      ],
      "id": 84
    },
    {
      "X": [
        1.9811593135836092,
        -2.0168978176961754,
        25.04427371769869
      ],
      "id": 85
    },
    {
      "X": [
        1.7342945960391816,
        -2.3159618972956677,
        25.009323400759026
      ],
      "id": 86
    },
    {
      "X": [
        1.3825321880482517,
        -5.751119799785742,
        27.138384702186297
      ],
      "id": 87
    },
    {
      "X": [
        0.07983759478432563,
        -2.022785792213107,
        24.084073472558014
      ],
      "id": 88
    },
    {
      "X": [
        0.9814374900817703,
        -1.1795207767162736,
        17.98966131097555
      ],
      "id": 89
    },
    {
      "X": [
        3.7817583108640838,
        0.5717450661027439,
        13.446178101311226
      ],
      "id": 90
    },
    {
      "X": [
        1.9713282954779585,
        -2.320085247242349,
        25.1415885176696
      ],
      "id": 91
    },
    {
      "X": [
        5.712067229951623,
        4.262634148278582,
        16.98660777676415
      ],
      "id": 92
    },
    {
      "X": [
        2.6242945508048465,
        -1.9954732020028554,
        25.35618779090426
      ],
      "id": 93
    },
    {
      "X": [
        -2.4135300863561993,
        -2.6171368266110204,
        22.712318165138488
      ],
      "id": 94
    },
    {
      "X": [
        -0.8539035710660797,
        -6.806349340945348,
        24.6561480018065
      ],
      "id": 95
    },
    {
      "X": [
        3.1364291056801963,
        0.529646927874159,
        13.1017535417685
      ],
      "id": 96
    },
    {
      "X": [
        2.8485153304764452,
        -1.4809746435648798,
        15.901383836307806
      ],
      "id": 97
    },
    {
      "X": [
        3.5338870462683425,
        0.9168135144657813,
        21.720166714071567
      ],
      "id": 98
    },
    {
      "X": [
        -0.7354895493844141,
        -2.160852785686669,
        23.659096334213153
      ],
      "id": 99
    },
    {
      "X": [
        3.916861660032474,
        -0.47313206848367617,
        15.036255473887678
      ],
      "id": 100
    },
    {
      "X": [
        4.234175422758312,
        -0.7783159199961375,
        10.908317032546806
      ],
      "id": 101
    },
    {
      "X": [
        -1.2503917214825535,
        1.8137823572072467,
        17.704099302134324
      ],
      "id": 102
    },
    {
      "X": [
        1.7140366807999665,
        -2.272948923585617,
        24.991326720475232
      ],
      "id": 103
    },
    {
      "X": [
        3.8834145927913313,
        -0.2970849830530054,
        15.029972239509359
      ],
      "id": 104
    },
    {
      "X": [
        4.075830980283957,
        0.5055379166667244,
        7.9521994644783724
      ],
      "id": 105
    },
    {
      "X": [
        3.103098197230672,
        0.5478263301771928,
        13.087413596172743
      ],
      "id": 106
    },
    {
      "X": [
        2.868374117419327,
        -0.029409178176446286,
        14.367252053167915
      ],
      "id": 107
    },
    {
      "X": [
        3.516800813607134,
        6.702601702596401,
        25.730501479032323
      ],
      "id": 108
    },
    {
      "X": [
        5.255205463199927,
        6.877173712704894,
        19.217330182722602
      ],
      "id": 109
    },
    {
      "X": [
        1.06781143556054,
        7.464741619223022,
        20.6436562641252
      ],
      "id": 110
    },
    {
      "X": [
        5.097244124320053,
        -3.466195462533587,
        18.934817606401666
      ],
      "id": 111
    },
    {
      "X": [
        5.070220117219534,
        -2.3932046890098464,
        12.584482367800343
      ],
      "id": 112
    },
    {
      "X": [
        5.870339622723445,
        -2.941288231716231,
        16.8739349936869
      ],
      "id": 113
    },
    {
      "X": [
        5.789476570636534,
        -1.2074267100642433,
        7.703463878362933
      ],
      "id": 114
    },
    {
      "X": [
        5.259396939163237,
        -2.953537225762989,
        12.348027179324477
      ],
      "id": 115
    },
    {
      "X": [
        3.897496754572888,
        -2.674598283757058,
        14.353008086253904
      ],
      "id": 116
    },
    {
      "X": [
        6.098009905867069,
        -1.6272168974638104,
        10.527370841702108
      ],
      "id": 117
    },
    {
      "X": [
        6.628288721967989,
        -0.7031502169933379,
        6.343039927083518
      ],
      "id": 118
    },
    {
      "X": [
        3.6498448577409994,
        7.976691499526611,
        23.148639847814184
      ],
      "id": 119
    },
    {
      "X": [
        5.069469529456429,
        -0.9735206070265082,
        15.138561506184336
      ],
      "id": 120
    },
    {
      "X": [
        4.120825572196342,
        7.871867890912855,
        22.80782095512886
      ],
      "id": 121
    },
    {
      "X": [
        2.6985284411353945,
        8.228505062510429,
        23.992317348550845
      ],
      "id": 122
    },
    {
      "X": [
        3.0056483914788266,
        8.368834256202465,
        24.939277171642473
      ],
      "id": 123
    },
    {
      "X": [
        4.886457285239395,
        -1.2288716198282137,
        9.63671409930885
      ],
      "id": 124
    },
    {
      "X": [
        5.5747434896193955,
        -1.8782419365810537,
        11.40627643507623
      ],
      "id": 125
    },
    {
      "X": [
        4.354166801494267,
        -1.529567644929206,
        11.710324831972175
      ],
      "id": 126
    },
    {
      "X": [
        5.477268601193919,
        -2.0403525812907697,
        9.765003606245992
      ],
      "id": 127
    },
    {
      "X": [
        3.59894438020959,
        0.04963236230288504,
        26.755500425080687
      ],
      "id": 128
    },
    {
      "X": [
        7.67030152423501,
        -3.8075377570999853,
        18.694632077047284
      ],
      "id": 129
    },
    {
      "X": [
        2.4300475231975507,
        8.36822460673977,
        24.760751551130053
      ],
      "id": 130
    },
    {
      "X": [
        -1.58041207874416,
        8.173741238844451,
        22.403669481688883
      ],
      "id": 131
    },
    {
      "X": [
        -1.939857017892383,
        8.596043353723978,
        24.673260771443417
      ],
      "id": 132
    },
    {
      "X": [
        5.549505103601456,
        -2.1212852839062606,
        10.495531108483547
      ],
      "id": 133
    },
    {
      "X": [
        5.414588445143307,
        0.21679260207006856,
        27.099103810847055
      ],
      "id": 134
    },
    {
      "X": [
        2.019014249354152,
        7.925537825731036,
        22.301992551165252
      ],
      "id": 135
    },
    {
      "X": [
        5.829784586894263,
        -1.6922350158111001,
        9.373257712919395
      ],
      "id": 136
    },
    {
      "X": [
        3.821693917552887,
        -6.034773534385797,
        23.110466543558232
      ],
      "id": 137
    },
    {
      "X": [
        7.857653701694869,
        -0.5636141267335366,
        11.14150435786191
      ],
      "id": 138
    },
    {
      "X": [
        4.581676023618428,
        -2.546278833071105,
        29.303060436208856
      ],
      "id": 139
    },
    {
      "X": [
        7.842380824505677,
        -0.5446506552034107,
        11.132059868978876
      ],
      "id": 140
    },
    {
      "X": [
        5.781620761663548,
        -1.3636791572248261,
        18.85224658203391
      ],
      "id": 141
    },
    {
      "X": [
        8.091434060064254,
        -2.2741769169320447,
        14.020679278658237
      ],
      "id": 142
