{
  "K": [
    [
      848.95793876,
      0.0,
      514.05007541
    ],
    [
      0.0,
      849.02213774,
      293.55046785
    ],
    [
      0.0,
      0.0,
      1.0
    ]
  ],
  "cameras_optimized": [
    {
      "R_w2c": [
        [
          0.9999893981368626,
          -0.004493453896251403,
          -0.001006223612045246
        ],
        [
          0.004503084863347349,
          0.9999420065553678,
          0.009782931704671127
        ],
        [
          0.0009622061050867847,
          -0.009787359097684656,
          0.9999516397112934
        ]
      ],
      "id": 0,
      "t_w2c": [
        1.914390950389287,
        -0.2209332893059141,
        -0.5031235392379546
      ]
    },
    {
      "R_w2c": [
        [
          0.9999674246466429,
          -0.004029935390186786,
          0.006993516019245777
        ],
        [
          0.003921508393900135,
          0.9998729670668896,
          0.015448996756145672
        ],
        [
          -0.007054886071163587,
          -0.015421068367844971,
          0.9998561992771345
        ]
      ],
      "id": 1,
      "t_w2c": [
        2.4080421510812657,
        -0.20098386408817787,
        -0.7688221736591018
      ]
    },
    {
      "R_w2c": [
        [
          0.9986004810386022,
          -0.000775563204202959,
          -0.05288173381412974
        ],
        [
          0.0006588683800021944,
          0.9999973096081372,
          -0.0022241108212545367
        ],
        [
          0.05288331648005843,
          0.0021861560336981175,
          0.9985983054060658
        ]
      ],
      "id": 2,
      "t_w2c": [
        4.7160943443793935,
        -0.7071000417958095,
        -1.3902251197832693
      ]
    },
    {
      "R_w2c": [
        [
          0.9973699134497195,
          0.009419139517819822,
          -0.07186470313055611
        ],
        [
          -0.009950864828196224,
          0.9999256746125055,
          -0.007044539722134881
        ],
        [
          0.07179300825616715,
          0.007741127919729386,
          0.9973895121285667
        ]
      ],
      "id": 3,
      "t_w2c": [
        5.582756816795855,
        -0.8341269179619426,
        -1.8266136158841448
      ]
    },
    {
      "R_w2c": [
        [
          0.9959043662911972,
          0.01755936810742415,
          -0.08869138511601381
        ],
        [
          -0.018483697217885342,
          0.9997829645727804,
          -0.009611279166699096
        ],
        [
          0.08850336795448317,
          0.01121125959607849,
          0.9960127818050242
        ]
      ],
      "id": 4,
      "t_w2c": [
        6.545244078161758,
        -0.9344044529020846,
        -2.0722662333237363
      ]
    },
    {
      "R_w2c": [
        [
          0.9932867950112656,
          0.010343602402131202,
          -0.11521437733891834
        ],
        [
          -0.011698454210732701,
          0.9998700769361335,
          -0.011089428155226047
        ],
        [
          0.11508470369830834,
          0.012362812668529581,
          0.993278748306635
        ]
      ],
      "id": 5,
      "t_w2c": [
        7.515233315329332,
        -0.8515412176436943,
        -2.3088290286547313
      ]
    },
    {
      "R_w2c": [
        [
          0.9904905070922155,
          -0.007487178875255093,
          -0.13737720885465504
        ],
        [
          0.006011546668497531,
          0.999919730294623,
          -0.011153218108726392
        ],
        [
          0.13744968776558952,
          0.010221307158004789,
          0.9904560102362565
        ]
      ],
      "id": 6,
      "t_w2c": [
        8.506500726450279,
        -0.7869315776043563,
        -2.5059068770368125
      ]
    },
    {
      "R_w2c": [
        [
          0.984409932312108,
          -0.026588073602719392,
          -0.17386822454769402
        ],
        [
          0.024898730525877724,
          0.9996192612618863,
          -0.011890573259538878
        ],
        [
          0.1741181736162848,
          0.007376100347549006,
          0.9846971385965292
        ]
      ],
      "id": 7,
      "t_w2c": [
        9.598718968407757,
        -0.702116542393241,
        -2.2937038299955446
      ]
    },
    {
      "R_w2c": [
        [
          0.9761533862540412,
          -0.03763114444065155,
          -0.21379537757597922
        ],
        [
          0.035768306131437014,
          0.9992809752286318,
          -0.012576200642573926
        ],
        [
          0.2141149102263934,
          0.004629202328835012,
          0.9767975100830992
        ]
      ],
      "id": 8,
      "t_w2c": [
        10.689457732125062,
        -0.6609548406249993,
        -1.9144111792713299
      ]
    },
    {
      "R_w2c": [
        [
          0.969669237596593,
          -0.04107309416844705,
          -0.24094516096878116
        ],
        [
          0.03806804312095664,
          0.9991285625807349,
          -0.01711547628012227
        ],
        [
          0.2414381779085134,
          0.007424040058103322,
          0.9703878038585566
        ]
      ],
      "id": 9,
      "t_w2c": [
        11.738773191562728,
        -0.6016487282778119,
        -1.6803517954850882
      ]
    },
    {
      "R_w2c": [
        [
          0.9582943089656796,
          -0.042587065318805364,
          -0.2825922137489327
        ],
        [
          0.03918668129304993,
          0.9990755403391183,
          -0.017676784360729947
        ],
        [
          0.28308377101703935,
          0.005865710837624164,
          0.9590772502896426
        ]
      ],
      "id": 10,
      "t_w2c": [
        12.790211039159681,
        -0.6498524965933037,
        -1.3051866812638533
      ]
    },
    {
      "R_w2c": [
        [
          0.9480553948456614,
          -0.04639898767764288,
          -0.31470319707071137
        ],
        [
          0.04295884308003924,
          0.9989171484098136,
          -0.017862486221996057
        ],
        [
          0.3151912214914331,
          0.0034153411683723028,
          0.9490220383844845
        ]
      ],
      "id": 11,
      "t_w2c": [
        13.816363042050538,
        -0.6966624560592074,
        -1.0029383783501191
      ]
    },
    {
      "R_w2c": [
        [
          0.9341074510930126,
          -0.0511964731495099,
          -0.35330184113526275
        ],
        [
          0.04961026364576236,
          0.998676727598552,
          -0.013550479476588344
        ],
        [
          0.35352806331819386,
          -0.004869793640289518,
          0.9354112430136747
        ]
      ],
      "id": 12,
      "t_w2c": [
        14.816628060487794,
        -0.7487266931097837,
        -0.6559589123139932
      ]
    },
    {
      "R_w2c": [
        [
          0.9228095448485883,
          -0.06844295087264204,
          -0.3791280870790059
        ],
        [
          0.06849004990876975,
          0.9975620695396055,
          -0.013380227178695744
        ],
        [
          0.37911958139858115,
          -0.013619100253114604,
          0.9252474604712299
        ]
      ],
      "id": 13,
      "t_w2c": [
        16.782898789690904,
        -0.6022854140736412,
        -0.5705391748773243
      ]
    },
    {
      "R_w2c": [
        [
          0.9141453983881884,
          -0.07154959544430659,
          -0.3990223627786497
        ],
        [
          0.07059739250249616,
          0.9973582661394784,
          -0.017102547620216284
        ],
        [
          0.3991919322550855,
          -0.012535723154622161,
          0.9167816844088029
        ]
      ],
      "id": 14,
      "t_w2c": [
        17.789743598456855,
        -0.46576099700614404,
        -0.23883446450665038
      ]
    },
    {
      "R_w2c": [
        [
          0.910910272444029,
          -0.06834848447102197,
          -0.4069041167479868
        ],
        [
          0.06625502679786748,
          0.9976169999182971,
          -0.019250789543038223
        ],
        [
          0.4072502264946684,
          -0.00942370121188884,
          0.913268003860592
        ]
      ],
      "id": 15,
      "t_w2c": [
        18.783291287236082,
        -0.6311335481761657,
        -0.10823122209139821
      ]
    },
    {
      "R_w2c": [
        [
          0.9057392699272518,
          -0.06599093971154865,
          -0.4186664194649906
        ],
        [
          0.0612151942336181,
          0.997815326672808,
          -0.024844996513942116
        ],
        [
          0.4193913147724797,
          -0.003125657182759794,
          0.9078001736949529
        ]
      ],
      "id": 16,
      "t_w2c": [
        19.76378363601607,
        -0.7552469555564516,
        0.2986259619448377
      ]
    },
    {
      "R_w2c": [
        [
          0.8968388192201748,
          -0.06296627138860696,
          -0.4378531500482539
        ],
        [
          0.05639422038336499,
          0.9980155632560609,
          -0.02801120143870963
        ],
        [
          0.43874801908055944,
          0.00042914578385899564,
          0.8986100330993313
        ]
      ],
      "id": 17,
      "t_w2c": [
        20.74575471771794,
        -0.827187937138369,
        0.6135537278925414
      ]
    },
    {
      "R_w2c": [
        [
          0.8876514176231055,
          -0.07549768435225926,
          -0.4542852192721417
        ],
        [
          0.07033478106084662,
          0.9971224599235422,
          -0.02828106237655986
        ],
        [
          0.4551131500679958,
          -0.006848326326243961,
          0.8904072781944874
        ]
      ],
      "id": 18,
      "t_w2c": [
        21.730311836339236,
        -0.6424380014814354,
        1.1127749350867548
      ]
    },
    {
      "R_w2c": [
        [
          0.8663420242610894,
          -0.09533973324212365,
          -0.49026710298011905
        ],
        [
          0.0914750975098751,
          0.9952960882364955,
          -0.0319061636159692
        ],
        [
          0.4910028549150776,
          -0.017205580677526096,
          0.8709880392168381
        ]
      ],
      "id": 19,
      "t_w2c": [
        22.649116559724835,
        -0.13851301368030633,
        2.2323250121259663
      ]
    },
    {
      "R_w2c": [
        [
          0.8433005417021174,
          -0.10849003528833243,
          -0.526378294202992
        ],
        [
          0.10483823810457368,
          0.9938055676275482,
          -0.036870551712922583
        ],
        [
          0.5271177669136604,
          -0.02409161670836906,
          0.8494506776784235
        ]
      ],
      "id": 20,
      "t_w2c": [
        23.403733734512574,
        0.2287838581619483,
        3.6839773582309214
      ]
    },
    {
      "R_w2c": [
        [
          0.821481794601127,
          -0.11802655955814494,
          -0.5578865407748957
        ],
        [
          0.11159685984063485,
          0.992702603301158,
          -0.04569116186762384
        ],
        [
          0.5592081920113666,
          -0.024723928449406435,
          0.8286585094895286
        ]
      ],
      "id": 21,
      "t_w2c": [
        24.100533894862128,
        0.5395204437532471,
        5.081191806858727
      ]
    },
    {
      "R_w2c": [
        [
          0.8031334922179939,
          -0.12247136772940523,
          -0.5830757736042702
        ],
        [
          0.11138427239640375,
          0.9922545433971408,
          -0.05499513587996106
        ],
        [
          0.5852949150133231,
          -0.020777035260605637,
          0.810554240791649
        ]
      ],
      "id": 22,
      "t_w2c": [
        24.91286933527625,
        0.6493295318236034,
        6.0031044313212565
      ]
    },
    {
      "R_w2c": [
        [
          0.7780171753559456,
          -0.12154661879664046,
          -0.6163730155597826
        ],
        [
          0.1072482259497778,
          0.9924005520766626,
          -0.06032381178739155
        ],
        [
          0.619021076282368,
          -0.019171950788571403,
          0.7851403335844996
        ]
      ],
      "id": 23,
      "t_w2c": [
        25.541232876030985,
        0.6187424366961422,
        7.4758669591369395
      ]
    },
    {
      "R_w2c": [
        [
          0.7525278486989353,
          -0.11740970830620387,
          -0.6480098744062505
        ],
        [
          0.10467806422978723,
          0.9927948039469847,
          -0.05831792284515079
        ],
        [
          0.6501879265271363,
          -0.023946558235382026,
          0.759395959000983
        ]
      ],
      "id": 24,
      "t_w2c": [
        26.168611031970716,
        0.5081999547904976,
        8.817613669281956
      ]
    },
    {
      "R_w2c": [
        [
          0.7329124873544469,
          -0.11333224455083357,
          -0.6708167322190077
        ],
        [
          0.10750383270482794,
          0.9929315730528563,
          -0.050297288083480475
        ],
        [
          0.6717754177057167,
          -0.0352518592396247,
          0.7399155996371881
        ]
      ],
      "id": 25,
      "t_w2c": [
        26.860188013870363,
        0.47818923806893826,
        9.849814430284722
      ]
    },
    {
      "R_w2c": [
        [
          0.7164388971832771,
          -0.11132900275542623,
          -0.6887097790421535
        ],
        [
          0.1191994837510647,
          0.9922032465276004,
          -0.03638956792226899
        ],
        [
          0.6873912929884181,
          -0.05602294820492818,
          0.724123359378869
        ]
      ],
      "id": 26,
      "t_w2c": [
        28.230612390973427,
        0.8511063228329704,
        11.645700552082582
      ]
    },
    {
      "R_w2c": [
        [
          0.697819391962954,
          -0.11205299502925273,
          -0.7074547494401514
        ],
        [
          0.11976768532605217,
          0.99203598777079,
          -0.038991031267106645
        ],
        [
          0.706189632996756,
          -0.05752152008254826,
          0.7056822776400864
        ]
      ],
      "id": 27,
      "t_w2c": [
        28.85765963611457,
        1.1521457036146352,
        12.588022680705299
      ]
    },
    {
      "R_w2c": [
        [
          0.6848661834276469,
          -0.1156442567940611,
          -0.7194336082417876
        ],
        [
          0.12132643958029934,
          0.9916412798060338,
          -0.04390292978172987
        ],
        [
          0.7184971856980489,
          -0.057218686241478675,
          0.693172284564799
        ]
      ],
      "id": 28,
      "t_w2c": [
        29.491451656348932,
        1.405129334013758,
        13.57392958484672
      ]
    },
    {
      "R_w2c": [
        [
          0.6681920004001866,
          -0.1220223513053679,
          -0.7339141614542578
        ],
        [
          0.12241290312171837,
          0.9910457870029603,
          -0.053322877013491005
        ],
        [
          0.7338491205626058,
          -0.054210643287019564,
          0.6771459771747136
        ]
      ],
      "id": 29,
      "t_w2c": [
        29.9809142478777,
        1.6750234587449513,
        14.802548539245926
      ]
    },
    {
      "R_w2c": [
        [
          0.6575371694300097,
          -0.12975414661405238,
          -0.7421648955956013
        ],
        [
          0.1262967878320922,
          0.9901024826808835,
          -0.06120616939856978
        ],
        [
          0.74276105996563,
          -0.05348771097747526,
          0.6674167158328626
        ]
      ],
      "id": 30,
      "t_w2c": [
        30.46366153917598,
        1.8542277174485575,
        15.915079808549335
      ]
    },
    {
      "R_w2c": [
        [
          0.6395114630632014,
          -0.1332927721372003,
          -0.7571381152119763
        ],
        [
          0.1284631729794115,
          0.9895355839729401,
          -0.06570038994856972
        ],
        [
          0.757972494091194,
          -0.05524821216394905,
          0.6499425615036007
        ]
      ],
      "id": 31,
      "t_w2c": [
        30.98354946366257,
        2.3025513967601503,
        16.89173726324593
      ]
    },
    {
      "R_w2c": [
        [
          0.61969327967092,
          -0.12832418778196547,
          -0.7742823399515179
        ],
        [
          0.13294254530124694,
          0.9894494929877012,
          -0.057584550664279095
        ],
        [
          0.7735027593871432,
          -0.06725030599543678,
          0.6302149455257272
        ]
      ],
      "id": 32,
      "t_w2c": [
        31.32357521801726,
        2.0504297283788584,
        17.148697006960308
      ]
    },
    {
      "R_w2c": [
        [
          0.5642583806271845,
          -0.12423397312702476,
          -0.8161975249981226
        ],
        [
          0.18406720852652936,
          0.9826601840937501,
          -0.022320961943613236
        ],
        [
          0.8048178319577906,
          -0.13764041019232237,
          0.5773416448212018
        ]
      ],
      "id": 33,
      "t_w2c": [
        30.46777173569453,
        2.36825722508041,
        19.136226409877747
      ]
    }
  ],
  "notes": {
    "convention": "x_cam = R_w2c * x_world + t_w2c",
    "fix_cam_prefix": 1,
    "huber_delta_px": 3.0,
    "min_track_len": 2,
    "num_cameras": 34,
    "num_observations": 16403,
    "num_points": 7853,
    "prefilter_thresh_px": 50.0,
    "solver": "Ceres BA (Schur)",
    "stage": "B",
    "stageB_free_t": 1,
    "two_stage": 1,
    "zmin": 0.1
  },
  "points_optimized": [
    {
      "X": [
        2.72859860507142,
        -6.149666816560426,
        21.397968943161793
      ],
      "id": 0
    },
    {
      "X": [
        3.8241202797446343,
        -6.71416270079521,
        24.08543666360297
      ],
      "id": 1
    },
    {
      "X": [
        4.409364267655548,
        -8.366404060415125,
        30.38807463906755
      ],
      "id": 2
    },
    {
      "X": [
        8.598221106754014,
        -6.49914339649335,
        24.885518229328266
      ],
      "id": 3
    },
    {
      "X": [
        9.086413984907926,
        -6.5541869320503015,
        25.407616675331713
      ],
      "id": 4
    },
    {
      "X": [
        6.654150234455342,
        -6.275221150424502,
        24.974781424496886
      ],
      "id": 5
    },
    {
      "X": [
        10.928955025553854,
        -5.98460697169682,
        24.169959300454835
      ],
      "id": 6
    },
    {
      "X": [
        5.6675265169373565,
        -5.883887296517304,
        23.797818211877026
      ],
      "id": 7
    },
    {
      "X": [
        8.371076123320991,
        -5.951112483351177,
        24.101846312439033
      ],
      "id": 8
    },
    {
      "X": [
        2.4890362427790502,
        -5.396675107922101,
        22.041198958937265
      ],
      "id": 9
    },
    {
      "X": [
        2.1647234752571247,
        -6.406170194264718,
        26.22091334087414
      ],
      "id": 10
    },
    {
      "X": [
        2.602333653541582,
        -5.55864126745403,
        23.10990191569266
      ],
      "id": 11
    },
    {
      "X": [
        0.18250912617479428,
        -5.5313969015624185,
        23.074062075388625
      ],
      "id": 12
    },
    {
      "X": [
        7.341555275667053,
        -5.361976535756354,
        22.634114163452068
      ],
      "id": 13
    },
    {
      "X": [
        2.6942664055085372,
        -6.0186196047116525,
        25.176088857466546
      ],
      "id": 14
    },
    {
      "X": [
        -7.052127814929854,
        -5.01203246504728,
        21.42584530357819
      ],
      "id": 15
    },
    {
      "X": [
        8.366837713899525,
        -5.150152162257068,
        22.220077968160037
      ],
      "id": 16
    },
    {
      "X": [
        -1.695944681244192,
        -6.413119240079631,
        27.15438590518101
      ],
      "id": 17
    },
    {
      "X": [
        1.4818139255644516,
        -5.796430902016911,
        24.787020683520094
      ],
      "id": 18
    },
    {
      "X": [
        3.091740065380128,
        -5.670493765467773,
        24.304006634288594
      ],
      "id": 19
    },
    {
      "X": [
        8.560483236597932,
        -5.545298093742739,
        24.029563543550676
      ],
      "id": 20
    },
    {
      "X": [
        6.919169686999381,
        -4.820150928987503,
        21.16032198561734
      ],
      "id": 21
    },
    {
      "X": [
        2.7221614036578896,
        -5.565460455205884,
        24.266362286526174
      ],
      "id": 22
    },
    {
      "X": [
        2.6110397774017517,
        -5.031939331607763,
        22.139877268111253
      ],
      "id": 23
    },
    {
      "X": [
        2.326840155256118,
        -6.737118130887088,
        29.382072788598236
      ],
      "id": 24
    },
    {
      "X": [
        2.538717746752347,
        -5.462943741226887,
        24.182997653944064
      ],
      "id": 25
    },
    {
      "X": [
        7.137951766329955,
        -4.735940873520388,
        21.216950632001875
      ],
      "id": 26
    },
    {
      "X": [
        0.5591266810030313,
        -6.975265722485924,
        30.557112886470062
      ],
      "id": 27
    },
    {
      "X": [
        2.148249439862977,
        -5.962819763343221,
        26.307529823710382
      ],
      "id": 28
    },
    {
      "X": [
        7.1405653256003925,
        -5.716567547684983,
        25.526755682002772
      ],
      "id": 29
    },
    {
      "X": [
        -0.4452293169533007,
        -4.810146529622915,
        21.693921466246024
      ],
      "id": 30
    },
    {
      "X": [
        1.2643667482664795,
        -5.512295228726082,
        24.65952238695692
      ],
      "id": 31
    },
    {
      "X": [
        2.4152342378245537,
        -5.337798002349927,
        24.118501957970288
      ],
      "id": 32
    },
    {
      "X": [
        2.535056087431046,
        -5.34854824406904,
        24.165615109946515
      ],
      "id": 33
    },
    {
      "X": [
        -0.8561943663868411,
        -5.213416530593392,
        23.602134872458173
      ],
      "id": 34
    },
    {
      "X": [
        1.1535605296736418,
        -5.739592232374605,
        25.857262094664577
      ],
      "id": 35
    },
    {
      "X": [
        2.242884717867959,
        -5.281873829878421,
        23.937194376372144
      ],
      "id": 36
    },
    {
      "X": [
        0.6064869865365881,
        -5.356395871452654,
        24.345788115997937
      ],
      "id": 37
    },
    {
      "X": [
        1.5611711814894238,
        -4.687193932607353,
        21.778706083196383
      ],
      "id": 38
    },
    {
      "X": [
        2.521451311640958,
        -4.9922725110248845,
        23.106279813698997
      ],
      "id": 39
    },
    {
      "X": [
        -1.9437114224370386,
        -5.59156360920021,
        25.745467208308103
      ],
      "id": 40
    },
    {
      "X": [
        2.3885236567930246,
        -5.182778156384152,
        23.982765787556737
      ],
      "id": 41
    },
    {
      "X": [
        3.0130329126371658,
        -5.246774315422124,
        24.328586628124995
      ],
      "id": 42
    },
    {
      "X": [
        2.8957877870344957,
        -4.9966071814379,
        23.244531491181025
      ],
      "id": 43
    },
    {
      "X": [
        -0.32680757544113676,
        -5.746844209935589,
        26.506718168305948
      ],
      "id": 44
    },
    {
      "X": [
        0.7328009132371256,
        -4.996195611170858,
        23.26704892353953
      ],
      "id": 45
    },
    {
      "X": [
        -2.150453399230559,
        -5.480584919775898,
        25.450272604743557
      ],
      "id": 46
    },
    {
      "X": [
        -0.6732321406247037,
        -5.372371672283956,
        25.063794539837406
      ],
      "id": 47
    },
    {
      "X": [
        -0.4426168508668218,
        -5.722011304977761,
        26.595417285845183
      ],
      "id": 48
    },
    {
      "X": [
        -0.8174481303984931,
        -5.973275888273412,
        27.96755912119533
      ],
      "id": 49
    },
    {
      "X": [
        1.6789575462864297,
        -5.006850669070983,
        23.67871209742357
      ],
      "id": 50
    },
    {
      "X": [
        2.3856699248734166,
        -5.070315040241743,
        23.969128715774367
      ],
      "id": 51
    },
    {
      "X": [
        1.318552983859558,
        -4.955271042362074,
        23.62425067302682
      ],
      "id": 52
    },
    {
      "X": [
        3.489217343704516,
        -5.400561436198805,
        25.634531334809196
      ],
      "id": 53
    },
    {
      "X": [
        6.186174103639085,
        -4.122882464699514,
        19.98148788777024
      ],
      "id": 54
    },
    {
      "X": [
        -0.11612855583510903,
        -5.989641858936599,
        28.337137376194438
      ],
      "id": 55
    },
    {
      "X": [
        0.9858795371924305,
        -4.885612598504554,
        23.368561444540035
      ],
      "id": 56
    },
    {
      "X": [
        2.3576610773865285,
        -5.207967060577825,
        25.07937081731803
      ],
      "id": 57
    },
    {
      "X": [
        1.0353346438880366,
        -5.99221680937829,
        28.733304045857047
      ],
      "id": 58
    },
    {
      "X": [
        3.216936553792037,
        -5.005273885318571,
        24.369392218574127
      ],
      "id": 59
    },
    {
      "X": [
        -1.1858506422037196,
        -5.710206300585247,
        27.56554721881389
      ],
      "id": 60
    },
    {
      "X": [
        1.466818714286449,
        -5.070060885654024,
        24.69860128958169
      ],
      "id": 61
    },
    {
      "X": [
        11.105327538358711,
        -4.8946740780939635,
        24.13536931235542
      ],
      "id": 62
    },
    {
      "X": [
        -3.6950556261674112,
        -3.7547732099770563,
        18.734550953891382
      ],
      "id": 63
    },
    {
      "X": [
        -2.6685944972830318,
        -5.142044100535728,
        25.08966294899999
      ],
      "id": 64
    },
    {
      "X": [
        -1.5988559312429986,
        -5.64706217412399,
        27.48674971079082
      ],
      "id": 65
    },
    {
      "X": [
        1.5482526417943256,
        -5.99318549141618,
        29.123425800479733
      ],
      "id": 66
    },
    {
      "X": [
        -3.1430050766704007,
        -6.235653885963342,
        30.317678274757817
      ],
      "id": 67
    },
    {
      "X": [
        -3.647395320871775,
        -6.088743674953274,
        29.948931516146796
      ],
      "id": 68
    },
    {
      "X": [
        1.7381432863307689,
        -4.979046400021503,
        24.80399468947844
      ],
      "id": 69
    },
    {
      "X": [
        1.8797340965579195,
        -5.000430534306005,
        24.97224992634546
      ],
      "id": 70
    },
    {
      "X": [
        2.6338232408887983,
        -5.054812847154283,
        25.170567706482448
      ],
      "id": 71
    },
    {
      "X": [
        -1.0309283195280106,
        -4.223282475324055,
        21.418883996277906
      ],
      "id": 72
    },
    {
      "X": [
        -0.35285406818568765,
        -5.325322160420173,
        26.58987844979232
      ],
      "id": 73
    },
    {
      "X": [
        1.4815457201532076,
        -4.936216039394828,
        24.798483193765094
      ],
      "id": 74
    },
    {
      "X": [
        -1.132609162777996,
        -5.206319352797329,
        26.159728866926322
      ],
      "id": 75
    },
    {
      "X": [
        -5.581803973704387,
        -4.222581227819426,
        21.56969197401986
      ],
      "id": 76
    },
    {
      "X": [
        -6.909955644439529,
        -5.33223891806148,
        26.872472734089442
      ],
      "id": 77
    },
    {
      "X": [
        -4.483999142639619,
        -4.9931644941282425,
        25.303755732424293
      ],
      "id": 78
    },
    {
      "X": [
        -2.3518418257205767,
        -5.307339293576696,
        26.831110671796566
      ],
      "id": 79
    },
    {
      "X": [
        0.8948366987712835,
        -4.550665972028229,
        23.293858239414725
      ],
      "id": 80
    },
    {
      "X": [
        -6.326277265985356,
        -3.9865165895923864,
        20.549042739209362
      ],
      "id": 81
    },
    {
      "X": [
        -3.4521121414318556,
        -5.123557563608772,
        26.0815679118235
      ],
      "id": 82
    },
    {
      "X": [
        1.6992517686752868,
        -5.103318724104565,
        26.144199183949077
      ],
      "id": 83
    },
    {
      "X": [
        -3.7117900585527557,
        -4.731714181274536,
        24.339143558519723
      ],
      "id": 84
    },
    {
      "X": [
        0.9355627914774696,
        -6.408681664805235,
        32.468935697927066
      ],
      "id": 85
    },
    {
      "X": [
        -2.3426862775674135,
        -3.920076072674651,
        20.635448975278326
      ],
      "id": 86
    },
    {
      "X": [
        5.888526658080542,
        -3.8925878417065465,
        20.630773157271296
      ],
      "id": 87
    },
    {
      "X": [
        -3.956205664366132,
        -3.8720988010607877,
        20.431010729783
      ],
      "id": 88
    },
    {
      "X": [
        -2.7498216551110537,
        -5.1474920552349115,
        26.718580736452104
      ],
      "id": 89
    },
    {
      "X": [
        0.1959322258543246,
        -6.25813518748571,
        32.08733250978104
      ],
      "id": 90
    },
    {
      "X": [
        -5.665234045669912,
        -4.6437851725308645,
        24.282343826778764
      ],
      "id": 91
    },
    {
      "X": [
        -4.026855972778054,
        -4.5998655763379155,
        24.096430921538285
      ],
      "id": 92
    },
    {
      "X": [
        0.05827560806037564,
        -5.117787870847248,
        26.771819506250957
      ],
      "id": 93
    },
    {
      "X": [
        1.6111173502588436,
        -4.078359859125061,
        21.64825740403156
      ],
      "id": 94
    },
    {
      "X": [
        -6.852877823642838,
        -3.771453015745065,
        20.113674013487053
      ],
      "id": 95
    },
    {
      "X": [
        -4.77650711142884,
        -4.769668546735119,
        25.05207317020803
      ],
      "id": 96
    },
    {
      "X": [
        -0.9501269367967305,
        -4.981288593931384,
        26.232591917650026
      ],
      "id": 97
    },
    {
      "X": [
        -0.42864286038434635,
        -5.025250664283932,
        26.383535576622926
      ],
      "id": 98
    },
    {
      "X": [
        6.878553857724033,
        -4.059417762982132,
        21.827609336636012
      ],
      "id": 99
    },
    {
      "X": [
        -6.394006908672987,
        -4.83261418654144,
        25.54820261572267
      ],
      "id": 100
    },
    {
      "X": [
        -3.161602444249139,
        -4.982227667845012,
        26.271715237532757
      ],
      "id": 101
    },
    {
      "X": [
        -0.8265662526261351,
        -4.963927337279567,
        26.297325507860265
      ],
      "id": 102
    },
    {
      "X": [
        -5.392680602334202,
        -4.579449618152607,
        24.51909222567442
      ],
      "id": 103
    },
    {
      "X": [
        -4.751976336301536,
        -5.441166457437153,
        28.836727247457027
      ],
      "id": 104
    },
    {
      "X": [
        -3.4709810816729583,
        -4.568252796580393,
        24.497544437095005
      ],
      "id": 105
    },
    {
      "X": [
        -1.2272584837985367,
        -4.85905334113716,
        26.065862130856484
      ],
      "id": 106
    },
    {
      "X": [
        2.996980621449868,
        -4.26751801985163,
        23.110588142782213
      ],
      "id": 107
    },
    {
      "X": [
        -5.169368985008286,
        -3.7583112390760403,
        20.53623170699058
      ],
      "id": 108
    },
    {
      "X": [
        -4.130163249021416,
        -4.444944294654593,
        24.00631449954139
      ],
      "id": 109
    },
    {
      "X": [
        1.0173223812581977,
        -4.294985347038531,
        23.41290433965
      ],
      "id": 110
    },
    {
      "X": [
        3.1160253185437314,
        -4.653695769216384,
        25.40575332818288
      ],
      "id": 111
    },
    {
      "X": [
        -2.360109985048351,
        -4.364714407940652,
        23.97906814124331
      ],
      "id": 112
    },
    {
      "X": [
        -0.8887168747199681,
        -4.50027346172939,
        24.84235275186311
      ],
      "id": 113
    },
    {
      "X": [
        4.2869927174873546,
        -3.9061616289903913,
        21.87740334564724
      ],
      "id": 114
    },
    {
      "X": [
        -4.847001009641552,
        -4.238256568978975,
        23.562274968384944
      ],
      "id": 115
    },
    {
      "X": [
        -2.757986639988055,
        -4.530265969691377,
        25.108902387172545
      ],
      "id": 116
    },
    {
      "X": [
        1.4607909369212344,
        -4.218723197640313,
        23.509048479293664
      ],
      "id": 117
    },
    {
      "X": [
        -2.8950174926926104,
        -4.473209948835555,
        24.884560393930332
      ],
      "id": 118
    },
    {
      "X": [
        1.1985026723504213,
        -4.391656294901889,
        24.611911738780016
      ],
      "id": 119
    },
    {
      "X": [
        -5.803029291563815,
        -4.65005632562738,
        25.899396350334438
      ],
      "id": 120
    },
    {
      "X": [
        -3.3420370759239098,
        -4.397696631057145,
        24.704682815282133
      ],
      "id": 121
    },
    {
      "X": [
        -3.1971324296414525,
        -4.716448802878854,
        26.373466700588857
      ],
      "id": 122
    },
    {
      "X": [
        -3.010813918210442,
        -4.440239634819081,
        24.93329390083016
      ],
      "id": 123
    },
    {
      "X": [
        6.943297986261319,
        -3.7792796041090395,
        21.8028527464662
      ],
      "id": 124
    },
    {
      "X": [
        -8.074512608923573,
        -4.108623008454918,
        23.45302036927524
      ],
      "id": 125
    },
    {
      "X": [
        -6.463057945513295,
        -4.44351792337482,
        25.26156216232338
      ],
      "id": 126
    },
    {
      "X": [
        -3.894879411178951,
        -3.9770283282676067,
        22.904550569326435
      ],
      "id": 127
    },
    {
      "X": [
        -3.8789753449549953,
        -4.240527875427382,
        24.307881480978413
      ],
      "id": 128
    },
    {
      "X": [
        -3.4111577904668806,
        -4.033131352750896,
        23.14186469582942
      ],
      "id": 129
    },
    {
      "X": [
        6.402831216807296,
        -3.6412553382006814,
        21.450257662464477
      ],
      "id": 130
    },
    {
      "X": [
        -8.228639054899086,
        -4.405250752795106,
        25.331490323436853
      ],
      "id": 131
    },
    {
      "X": [
        -6.483802676424896,
        -4.051001898662621,
        23.461466195588297
      ],
      "id": 132
    },
    {
      "X": [
        1.1952058087399657,
        -4.219227634079027,
        24.59137433367968
      ],
      "id": 133
    },
    {
      "X": [
        -7.677269726700383,
        -4.496494308380962,
        25.992250016087315
      ],
      "id": 134
    },
    {
      "X": [
        5.898653356812761,
        -3.5049927202633597,
        21.09469105725057
      ],
      "id": 135
    },
    {
      "X": [
        7.689370439687264,
        -3.413392708324511,
        20.638691433280613
      ],
      "id": 136
    },
    {
      "X": [
        -5.6916776831563505,
        -4.444621905854211,
        26.1554824965593
      ],
      "id": 137
    },
    {
      "X": [
        -4.21733594252674,
        -4.053933611737044,
        24.037691354516323
      ],
      "id": 138
    },
    {
      "X": [
        0.19610613125908108,
        -4.816093572538654,
        28.22559380216965
      ],
      "id": 139
    },
    {
      "X": [
        1.4985097276744301,
        -3.9499783787940363,
        23.58067107812435
      ],
      "id": 140
    },
    {
      "X": [
        7.359134638052149,
        -3.222858022257416,
        19.7096925347194
      ],
      "id": 141
    },
    {
      "X": [
        -6.9475072535427005,
        -4.1973031110105445,
        24.927454198714756
      ],
      "id": 142
    },
    {
      "X": [
        -6.483476692498643,
        -3.943079294421301,
        23.455988073019057
      ],
      "id": 143
    },
    {
      "X": [
        6.92025835600388,
        -3.5803739340004106,
        21.80785299593173
      ],
      "id": 144
    },
    {
      "X": [
        1.1925449483671402,
        -4.075844606222068,
        24.57487293137285
      ],
      "id": 145
    },
    {
      "X": [
        2.5422334184498507,
        -4.6533443341455,
        27.817852384326635
      ],
      "id": 146
    },
    {
      "X": [
        5.142430218448034,
        -3.4711612686622355,
        21.290894583276057
      ],
      "id": 147
    },
    {
      "X": [
        4.898132609859258,
        -3.29444109748503,
        20.297156987736727
      ],
      "id": 148
    },
    {
      "X": [
        -7.472994326322727,
        -4.03839251189278,
        24.345025734629083
      ],
      "id": 149
    },
    {
      "X": [
        -6.070192497724463,
        -3.9609196552987975,
        23.8626698257115
      ],
      "id": 150
    },
    {
      "X": [
        -6.430812696331049,
        -4.579007346574675,
        27.307996693552887
      ],
      "id": 151
    },
    {
      "X": [
        -1.0476672918711247,
        -5.293388046258124,
        31.510179158882146
      ],
      "id": 152
    },
    {
      "X": [
        -6.415833026291582,
        -3.8593391237409818,
        23.665515297070083
      ],
      "id": 153
    },
    {
      "X": [
        3.1764089659203685,
        -4.123889349467369,
        25.284652172871578
      ],
      "id": 154
    },
    {
      "X": [
        -8.250557301976544,
        -4.13867582648426,
        25.29515623176723
      ],
      "id": 155
    },
    {
      "X": [
        -6.803347339008229,
        -4.420665366080481,
        26.932115743259207
      ],
      "id": 156
    },
    {
      "X": [
        -3.9434952441256597,
        -3.6788909607329763,
        22.83981801048099
      ],
      "id": 157
    },
    {
      "X": [
        6.13258451999132,
        -3.8070762131934988,
        23.80464321610151
      ],
      "id": 158
    },
    {
      "X": [
        7.343175337769795,
        -3.2709871329762987,
        20.761216082602395
      ],
      "id": 159
    },
    {
      "X": [
        7.478821611338394,
        -3.241057618988334,
        20.593127435411336
      ],
      "id": 160
    },
    {
      "X": [
        8.115362887773477,
        -3.280960065736315,
        20.97697178183579
      ],
      "id": 161
    },
    {
      "X": [
        -7.240941221954031,
        -3.92681849388937,
        24.426623447039567
      ],
      "id": 162
    },
    {
      "X": [
        -6.834979603914253,
        -3.6922015865487654,
        23.080280218059126
      ],
      "id": 163
    },
    {
      "X": [
        1.1950247692972749,
        -3.5327759563737087,
        22.40388504834108
      ],
      "id": 164
    },
    {
      "X": [
        1.703251188844062,
        -3.9405497076782945,
        24.777737259685537
      ],
      "id": 165
    },
    {
      "X": [
        1.8252627215703308,
        -3.948924147362195,
        24.828863583681997
      ],
      "id": 166
    },
    {
      "X": [
        -7.957852106998476,
        -4.112394628041042,
        25.65240074573199
      ],
      "id": 167
    },
