{
  "frame_001": {
    "R_w2c": [
      [
        1.0,
        0.0,
        0.0
      ],
      [
        0.0,
        1.0,
        0.0
      ],
      [
        0.0,
        0.0,
        1.0
      ]
    ],
    "t_w2c": [
      0.0,
      0.0,
      0.0
    ]
  },
  "frame_006": {
    "R_w2c": [
      [
        0.999288,
        0.011505,
        0.03594
      ],
      [
        -0.009526,
        0.998455,
        -0.054749
      ],
      [
        -0.036514,
        0.054367,
        0.997853
      ]
    ],
    "t_w2c": [
      -0.9771606200056164,
      -0.024614204563368346,
      -0.2110732310774363
    ]
  },
  "frame_011": {
    "R_w2c": [
      [
        0.9840100859919999,
        0.0038322794870000003,
        0.178075406536
      ],
      [
        0.0018951084640000011,
        0.9994867321249999,
        -0.031984189340000004
      ],
      [
        -0.17810541169799998,
        0.031810289391,
        0.9834964179769999
      ]
    ],
    "t_w2c": [
      -1.9873739138899187,
      -0.023881657657195594,
      -0.2047840402627078
    ]
  },
  "frame_016": {
    "R_w2c": [
      [
        0.9432753727847887,
        0.0012827145987445983,
        0.3320117079496575
      ],
      [
        0.009388183090418374,
        0.9994898222502895,
        -0.030536837190032976
      ],
      [
        -0.3318804371177993,
        0.031922579980665805,
        0.9427805981393388
      ]
    ],
    "t_w2c": [
      -2.9905712560112296,
      -0.010884027724975848,
      0.02936261863798799
    ]
  },
  "frame_021": {
    "R_w2c": [
      [
        0.8941587690076472,
        0.0020965678409304183,
        0.4477470538565607
      ],
      [
        0.012255558000629978,
        0.9995000549304472,
        -0.02915655826425349
      ],
      [
        -0.44758385017334795,
        0.03155949301052992,
        0.8936841666958637
      ]
    ],
    "t_w2c": [
      -3.9498905686344385,
      0.016856720279054462,
      0.24586105304406305
    ]
  },
  "frame_026": {
    "R_w2c": [
      [
        0.8173915269256793,
        0.020610002027641995,
        0.5757148340286066
      ],
      [
        0.030351509061175064,
        0.9964312435496399,
        -0.07876538791112812
      ],
      [
        -0.5752834710665133,
        0.08185802056830208,
        0.8138466476388619
      ]
    ],
    "t_w2c": [
      -4.867729460610735,
      0.03359021128519667,
      0.8684534877574889
    ]
  },
  "frame_031": {
    "R_w2c": [
      [
        0.7558309599318963,
        0.024918373828608155,
        0.6542939668333548
      ],
      [
        0.06059983329571706,
        0.9923247068918746,
        -0.10779717381712174
      ],
      [
        -0.6519577458654543,
        0.1211286747220445,
        0.7485163516109332
      ]
    ],
    "t_w2c": [
      -5.747949896943927,
      -0.09763284685303861,
      1.4703712010031968
    ]
  },
  "frame_036": {
    "R_w2c": [
      [
        0.6848081059330831,
        0.015758374597174548,
        0.728554698273697
      ],
      [
        0.01572900710791505,
        0.999214563286469,
        -0.03639814421753668
      ],
      [
        -0.728555370708711,
        0.036387336841217977,
        0.6840183463283003
      ]
    ],
    "t_w2c": [
      -6.563047984101379,
      -0.05635405946888115,
      1.963624841380886
    ]
  },
  "frame_041": {
    "R_w2c": [
      [
        0.5635338452061857,
        0.027047284081096516,
        0.825651443882915
      ],
      [
        -0.013414119147925004,
        0.9996325187685919,
        -0.023590918717465416
      ],
      [
        -0.8259855720253241,
        0.0022211124431726205,
        0.5636856841496614
      ]
    ],
    "t_w2c": [
      -7.176535580677579,
      0.00975019876997518,
      2.924367151487559
    ]
  },
  "frame_046": {
    "R_w2c": [
      [
        0.48162400262931143,
        0.020695355256172675,
        0.8761345935797796
      ],
      [
        -0.006994209651164002,
        0.9997808071719163,
        -0.01977069020737798
      ],
      [
        -0.8763516444372543,
        0.0033968358799058617,
        0.4816595250342367
      ]
    ],
    "t_w2c": [
      -7.8227488128018345,
      -0.08922836073643464,
      3.3252772840765497
    ]
  },
  "frame_051": {
    "R_w2c": [
      [
        0.3738271016923612,
        0.011370799996452324,
        0.9274294079938177
      ],
      [
        0.002100437633010015,
        0.9999122242750887,
        -0.013104918612676554
      ],
      [
        -0.9274979208669205,
        0.006849690332303708,
        0.37376700002132407
      ]
    ],
    "t_w2c": [
      -8.369224345605456,
      -0.19764265832003333,
      4.258166084946566
    ]
  },
  "frame_056": {
    "R_w2c": [
      [
        0.30209470315722725,
        0.04000794061838342,
        0.9524379431032338
      ],
      [
        -0.009959424524750866,
        0.9991975742156088,
        -0.03881211875833081
      ],
      [
        -0.9532277861526921,
        0.0022419791570995533,
        0.3022476171976457
      ]
    ],
    "t_w2c": [
      -9.016040740885842,
      0.02512991417440886,
      4.764558696896733
    ]
  },
  "frame_061": {
    "R_w2c": [
      [
        0.17896558401176763,
        0.022429324930348014,
        0.9835995615030808
      ],
      [
        -0.024297690113833318,
        0.9995365214490344,
        -0.018369961204856337
      ],
      [
        -0.9835569413044195,
        -0.020609623186111353,
        0.17942444119193665
      ]
    ],
    "t_w2c": [
      -9.337823794195897,
      -0.043865551794987634,
      5.893954373949771
    ]
  },
  "frame_066": {
    "R_w2c": [
      [
        0.0467087329994727,
        0.040669528109204885,
        0.9980799581161078
      ],
      [
        -0.003693005918104572,
        0.9991716746060619,
        -0.04053880417115713
      ],
      [
        -0.9989034305101135,
        -0.0017899914069443193,
        0.04681810934667353
      ]
    ],
    "t_w2c": [
      -9.473846203931963,
      -0.03440443626737747,
      7.039894698198612
    ]
  },
  "frame_071": {
    "R_w2c": [
      [
        -0.05880148546932392,
        0.03937124348131086,
        0.9974926606559124
      ],
      [
        -0.051242018509430685,
        0.9977865368578875,
        -0.04240119221245494
      ],
      [
        -0.9969551032539302,
        -0.05360476296262986,
        -0.056656314842011384
      ]
    ],
    "t_w2c": [
      -9.671814387307935,
      0.2944852339681714,
      7.878126660486016
    ]
  },
  "frame_076": {
    "R_w2c": [
      [
        -0.247123634500463,
        0.03807920840647506,
        0.9682351473446185
      ],
      [
        -0.037326787354984015,
        0.998112840969166,
        -0.04877875788838943
      ],
      [
        -0.9682659025863622,
        -0.04819420206824986,
        -0.24523700447097074
      ]
    ],
    "t_w2c": [
      -8.999539523699834,
      0.2646060809626847,
      9.525743160561047
    ]
  },
  "frame_081": {
    "R_w2c": [
      [
        -0.32373050336123355,
        0.03426203055190383,
        0.9455288015499188
      ],
      [
        -0.05725395316058479,
        0.9968049976913541,
        -0.05571993362153713
      ],
      [
        -0.944416709917846,
        -0.07217314230662925,
        -0.3207343694048717
      ]
    ],
    "t_w2c": [
      -9.203455021594015,
      0.43730961407745556,
      10.10793386758202
    ]
  },
  "frame_086": {
    "R_w2c": [
      [
        -0.4704860395315784,
        0.042644965330583644,
        0.8813759284718959
      ],
      [
        -0.027309885963242884,
        0.9976509832581048,
        -0.0628462973099799
      ],
      [
        -0.8819858049323565,
        -0.05363853055407183,
        -0.46821606682315664
      ]
    ],
    "t_w2c": [
      -8.467655687661143,
      0.3149478676012913,
      11.343826079070876
    ]
  },
  "frame_091": {
    "R_w2c": [
      [
        -0.5740484608531258,
        0.05497526469452081,
        0.8169738770512591
      ],
      [
        -0.01943776545310741,
        0.9965494054390402,
        -0.0807141391074991
      ],
      [
        -0.8185918531935277,
        -0.06221422191765891,
        -0.5709988140983638
      ]
    ],
    "t_w2c": [
      -8.023213594962463,
      0.49603362041751714,
      12.372523830350353
    ]
  },
  "frame_096": {
    "R_w2c": [
      [
        -0.702426246933581,
        0.038926935237847425,
        0.710691630844461
      ],
      [
        -0.026576966606651885,
        0.9963740000557518,
        -0.08083850466442584
      ],
      [
        -0.7112613816648381,
        -0.07567174388085231,
        -0.6988441856342368
      ]
    ],
    "t_w2c": [
      -6.846535244925809,
      0.6002669742958462,
      13.584860258364312
    ]
  },
  "frame_101": {
    "R_w2c": [
      [
        -0.7891753761232099,
        0.010386843160294406,
        0.6140802385705763
      ],
      [
        -0.05455094687663167,
        0.9947214691920716,
        -0.08692597789440985
      ],
      [
        -0.6117414400967924,
        -0.1020986960446108,
        -0.7844424882642602
      ]
    ],
    "t_w2c": [
      -6.01076405586278,
      0.7740111548737298,
      14.37248663579332
    ]
  },
  "frame_106": {
    "R_w2c": [
      [
        -0.8838458860638609,
        0.036362289818566776,
        0.4663645392579212
      ],
      [
        -0.011819964620661462,
        0.9949217368155726,
        -0.09996801120573315
      ],
      [
        -0.46763165911970617,
        -0.09386947010223466,
        -0.878926229589403
      ]
    ],
    "t_w2c": [
      -4.421234514270785,
      0.8244321476400555,
      15.15281485632911
    ]
  },
  "frame_111": {
    "R_w2c": [
      [
        -0.9589852354916214,
        0.032325980259279116,
        0.2816107286658763
      ],
      [
        -0.00253094537929237,
        0.9924621899215291,
        -0.12253302088595748
      ],
      [
        -0.28344894808136,
        -0.11822115966851393,
        -0.9516735932471719
      ]
    ],
    "t_w2c": [
      -2.3158973865020642,
      1.1524304616833927,
      15.600278063987414
    ]
  },
  "frame_116": {
    "R_w2c": [
      [
        -0.9922198330753427,
        0.01149693539866593,
        0.1239741122941153
      ],
      [
        -0.003549687951765549,
        0.9927134552657362,
        -0.12045241257818234
      ],
      [
        -0.12445627394107778,
        -0.11995658258294757,
        -0.984948732597207
      ]
    ],
    "t_w2c": [
      -0.7607037317353,
      1.0965693809519073,
      15.758733136195886
    ]
  },
  "frame_121": {
    "R_w2c": [
      [
        -0.9999045761880065,
        -0.002176827677869706,
        -0.013745466908080503
      ],
      [
        -0.00023698235835788897,
        0.9901964339170227,
        -0.13968326683375662
      ],
      [
        0.013914131626602606,
        -0.1396680564899034,
        -0.9901017344284218
      ]
    ],
    "t_w2c": [
      0.43674593233971715,
      1.346919039383634,
      15.570359096630026
    ]
  },
  "frame_126": {
    "R_w2c": [
      [
        -0.9804521164156812,
        -0.013277504907851867,
        -0.19631690549370037
      ],
      [
        0.013312938028220329,
        0.9909574238624843,
        -0.13351695980338402
      ],
      [
        0.1963137421830104,
        -0.13352275654150375,
        -0.9714089187082722
      ]
    ],
    "t_w2c": [
      2.294006005139027,
      1.2504815856660036,
      15.29937840912686
    ]
  },
  "frame_131": {
    "R_w2c": [
      [
        -0.9371325987007252,
        -0.01132113115808377,
        -0.34879374904394006
      ],
      [
        0.046910657507631286,
        0.9863157898657782,
        -0.15805514368836132
      ],
      [
        0.3458087464110584,
        -0.16448252293657734,
        -0.9237772709245456
      ]
    ],
    "t_w2c": [
      3.6926442463403886,
      1.634170326742946,
      14.590966910619857
    ]
  },
  "frame_136": {
    "R_w2c": [
      [
        -0.8493982874737035,
        -0.019517214626705512,
        -0.527395290806758
      ],
      [
        0.07038412001835555,
        0.9862003174310616,
        -0.14985365370069414
      ],
      [
        0.5230409085771963,
        -0.16440686802379287,
        -0.8363024313740971
      ]
    ],
    "t_w2c": [
      5.5409872214166445,
      1.5282243609002892,
      13.416609072768631
    ]
  },
  "frame_141": {
    "R_w2c": [
      [
        -0.8089657637304952,
        -0.011561065496453679,
        -0.5877459173420849
      ],
      [
        0.07915321938439578,
        0.9885600266629023,
        -0.128390483771824
      ],
      [
        0.5825057638305948,
        -0.1503871215067646,
        -0.798794849447983
      ]
    ],
    "t_w2c": [
      5.592093837112874,
      1.2747510645873357,
      13.42840851523863
    ]
  },
  "frame_146": {
    "R_w2c": [
      [
        -0.6546519446811222,
        -0.029443583291291018,
        -0.7553603473703916
      ],
      [
        0.09418994758332373,
        0.9882771093905656,
        -0.12015367643953283
      ],
      [
        0.7500420584256802,
        -0.14980824899564404,
        -0.6442021951256257
      ]
    ],
    "t_w2c": [
      7.531815145225788,
      1.2389320252729352,
      12.022399425042586
    ]
  },
  "frame_151": {
    "R_w2c": [
      [
        -0.5235347027627594,
        -0.05670295531274542,
        -0.850118223633702
      ],
      [
        0.09444539115410336,
        0.9877713965725113,
        -0.12404632095006358
      ],
      [
        0.8467557416396996,
        -0.14523429945149424,
        -0.5117748208309634
      ]
    ],
    "t_w2c": [
      8.40480661307234,
      1.2713285542966286,
      10.785852707687086
    ]
  },
  "frame_156": {
    "R_w2c": [
      [
        -0.4274388976384678,
        -0.04800608796462031,
        -0.9027713622134975
      ],
      [
        0.09121705194430624,
        0.9912033489275279,
        -0.0958953855673538
      ],
      [
        0.8994332991256846,
        -0.12334000474175455,
        -0.4192964833070386
      ]
    ],
    "t_w2c": [
      8.553110567345694,
      0.8792526412987247,
      10.002668077840212
    ]
  },
  "frame_161": {
    "R_w2c": [
      [
        -0.28895992558159794,
        -0.04263096750063199,
        -0.9563938257231386
      ],
      [
        0.11444865640545808,
        0.9903054590939065,
        -0.07871919675106967
      ],
      [
        0.950477895471798,
        -0.13220732707752933,
        -0.2812760819873865
      ]
    ],
    "t_w2c": [
      8.951474410138767,
      0.8566346612581782,
      8.745857445598942
    ]
  },
  "frame_166": {
    "R_w2c": [
      [
        -0.12238243381587913,
        -0.047398133811816665,
        -0.9913525953678454
      ],
      [
        0.11944444949410556,
        0.9908962151990138,
        -0.06211901924047116
      ],
      [
        0.9852715403537353,
        -0.12601640580806284,
        -0.11560396023758214
      ]
    ],
    "t_w2c": [
      9.31265482879624,
      0.7091372525508994,
      7.116866942707871
    ]
  },
  "frame_171": {
    "R_w2c": [
      [
        0.026622716807695696,
        -0.0746061012930671,
        -0.9968587858559992
      ],
      [
        0.10140027791242674,
        0.9922700772545492,
        -0.07155150684206128
      ],
      [
        0.9944916955529696,
        -0.09917861572147761,
        0.03398477043242599
      ]
    ],
    "t_w2c": [
      9.275212652262207,
      0.6897028793503374,
      5.707453308346815
    ]
  },
  "frame_176": {
    "R_w2c": [
      [
        0.18230428591469983,
        -0.06553870397043637,
        -0.9810564586961165
      ],
      [
        0.1095027655379306,
        0.9929232640433594,
        -0.04598012337100866
      ],
      [
        0.977127670086176,
        -0.09904754414301839,
        0.1881933969896555
      ]
    ],
    "t_w2c": [
      9.059784585230096,
      0.4963375733628806,
      4.165767243857591
    ]
  },
  "frame_181": {
    "R_w2c": [
      [
        0.3373487127452,
        -0.04046988415522984,
        -0.940509560089523
      ],
      [
        0.12911374832106245,
        0.991624490272816,
        0.003645396333278141
      ],
      [
        0.9324859360761032,
        -0.12266325844235484,
        0.3397499461603025
      ]
    ],
    "t_w2c": [
      8.61959631926779,
      0.21543493829747068,
      2.80271093409083
    ]
  },
  "frame_186": {
    "R_w2c": [
      [
        0.5379295684043466,
        -0.0628501740039783,
        -0.8406438481394797
      ],
      [
        0.14612663192053865,
        0.9890735162070816,
        0.01956286770165379
      ],
      [
        0.8302309176575396,
        -0.13336420663235074,
        0.5412358460630993
      ]
    ],
    "t_w2c": [
      8.029944946523873,
      0.2060375592502096,
      0.8429520566054394
    ]
  },
  "frame_191": {
    "R_w2c": [
      [
        0.627248741572613,
        -0.07485117320098296,
        -0.7752147453217426
      ],
      [
        0.12962459245622976,
        0.9915223749116646,
        0.009149629972983285
      ],
      [
        0.7679591036310034,
        -0.1062261598597776,
        0.6316327895419466
      ]
    ],
    "t_w2c": [
      7.091549528592582,
      0.189235167274649,
      0.13326362492567548
    ]
  },
  "frame_196": {
    "R_w2c": [
      [
        0.7512090729609104,
        -0.07143648701387474,
        -0.656188119959385
      ],
      [
        0.11803195050529018,
        0.9926427198467616,
        0.02706298946389359
      ],
      [
        0.6494287009827708,
        -0.09778131844946912,
        0.7541125582588879
      ]
    ],
    "t_w2c": [
      6.0419536312813,
      0.05160650900918291,
      -0.8376366920147615
    ]
  },
  "frame_201": {
    "R_w2c": [
      [
        0.8538977754664939,
        -0.06587395019466676,
        -0.5162571880342288
      ],
      [
        0.09509581516124037,
        0.9950078512999395,
        0.030333787210797537
      ],
      [
        0.5116842414194104,
        -0.07499552811582,
        0.8558968146163483
      ]
    ],
    "t_w2c": [
      4.816063778496258,
      -0.09195306060243978,
      -1.7430561388241008
    ]
  },
  "frame_206": {
    "R_w2c": [
      [
        0.9086820807147349,
        -0.06924170176438059,
        -0.4117110918534776
      ],
      [
        0.08884703356344241,
        0.9956351767130783,
        0.028654161233266733
      ],
      [
        0.4079322985382698,
        -0.06261534284771926,
        0.9108640278377932
      ]
    ],
    "t_w2c": [
      3.6256501751613697,
      -0.10561524456290831,
      -1.9896842071361656
    ]
  },
  "frame_211": {
    "R_w2c": [
      [
        0.9658694570784924,
        -0.0436180029256982,
        -0.2553405404204934
      ],
      [
        0.04587947483306932,
        0.9989446886333414,
        0.002915814457770652
      ],
      [
        0.2549453566353151,
        -0.014529532303477847,
        0.9668467595823975
      ]
    ],
    "t_w2c": [
      2.363792664122091,
      -0.13000774264954404,
      -2.0896278071724006
    ]
  },
  "frame_216": {
    "R_w2c": [
      [
        0.9779434716417851,
        -0.018576210117590378,
        -0.2080561959921
      ],
      [
        0.026225211856473182,
        0.999076812163261,
        0.034077564035595934
      ],
      [
        0.20723209475142018,
        -0.038781164001069186,
        0.9775234707354253
      ]
    ],
    "t_w2c": [
      1.3713252406210514,
      -0.21753170308197184,
      -1.7300394562453218
    ]
  }
}