{
  "frame_001": {
    "R_w2c": [
      [
        1.0,
        0.0,
        0.0
      ],
      [
        0.0,
        1.0,
        0.0
      ],
      [
        0.0,
        0.0,
        1.0
      ]
    ],
    "t_w2c": [
      0.0,
      0.0,
      0.0
    ]
  },
  "frame_003": {
    "R_w2c": [
      [
        0.999735,
        -0.018128,
        0.014201
      ],
      [
        0.018506,
        0.999466,
        -0.026932
      ],
      [
        -0.013705,
        0.027188,
        0.999536
      ]
    ],
    "t_w2c": [
      -0.987991363500554,
      0.0642456449718836,
      -0.14052304540386212
    ]
  },
  "frame_004": {
    "R_w2c": [
      [
        0.9995161831459999,
        -0.029526385997999997,
        0.009843878322
      ],
      [
        0.029923128553,
        0.9986332877440001,
        -0.042860264853
      ],
      [
        -0.008564398913,
        0.043134830677999995,
        0.9990326625989999
      ]
    ],
    "t_w2c": [
      -0.35876346632290773,
      0.1953424379223373,
      0.6202703234288175
    ]
  },
  "frame_005": {
    "R_w2c": [
      [
        0.9991687859184102,
        -0.040649806519581305,
        0.0033203892486235345
      ],
      [
        0.04077238876692207,
        0.997623844723453,
        -0.0555390677470924
      ],
      [
        -0.0010541100114239183,
        0.05562928205412828,
        0.9984514890861728
      ]
    ],
    "t_w2c": [
      0.5670037048705053,
      0.245517627537978,
      0.9767521032660479
    ]
  },
  "frame_007": {
    "R_w2c": [
      [
        0.9989698516442,
        -0.04286869132581185,
        0.014938615068849049
      ],
      [
        0.04385707434662691,
        0.9963205766693646,
        -0.07364136597461766
      ],
      [
        -0.011725966436219568,
        0.07422156642229823,
        0.9971729955778937
      ]
    ],
    "t_w2c": [
      -0.33469653445968106,
      0.1862913891719037,
      0.5669732547282157
    ]
  },
  "frame_008": {
    "R_w2c": [
      [
        0.9991421864324191,
        -0.035994020876969984,
        0.020532208710242014
      ],
      [
        0.03756254059585603,
        0.9959317100220588,
        -0.08191771773192368
      ],
      [
        -0.017499764164871034,
        0.08261982058770546,
        0.9964278581055693
      ]
    ],
    "t_w2c": [
      -1.2914145297574167,
      0.11343780923232925,
      0.3044337177448546
    ]
  },
  "frame_009": {
    "R_w2c": [
      [
        0.9993005919494674,
        -0.030220624716891662,
        0.022068480235156163
      ],
      [
        0.032214958512298546,
        0.9948246221499113,
        -0.09637649318830166
      ],
      [
        -0.01904144458143083,
        0.09702158744833003,
        0.9951002829362072
      ]
    ],
    "t_w2c": [
      -2.1985581372812604,
      0.09355187226609027,
      -0.1087251744710414
    ]
  },
  "frame_010": {
    "R_w2c": [
      [
        0.9989924629382343,
        -0.027870268046806278,
        0.0352069588699643
      ],
      [
        0.031340387821949256,
        0.9942755284121801,
        -0.1021602130797156
      ],
      [
        -0.03215796306572242,
        0.10316284907053298,
        0.9941450179065129
      ]
    ],
    "t_w2c": [
      -3.174200390977445,
      -0.039801504327531316,
      -0.2573331083766484
    ]
  },
  "frame_012": {
    "R_w2c": [
      [
        0.9945657618326461,
        -0.03972506083427745,
        0.0962409498657772
      ],
      [
        0.05028086911600258,
        0.9926766520495083,
        -0.10985524296973932
      ],
      [
        -0.09117135957826293,
        0.11409963643673059,
        0.9892775138744614
      ]
    ],
    "t_w2c": [
      -4.121522672470735,
      -0.13316590066919912,
      -0.4109536899033443
    ]
  },
  "frame_014": {
    "R_w2c": [
      [
        0.9903989887516654,
        -0.025730881193913358,
        0.1358298826360693
      ],
      [
        0.042149355282380584,
        0.9919516040869784,
        -0.1194093328329378
      ],
      [
        -0.13166350983329755,
        0.12399049196972166,
        0.9835104095963818
      ]
    ],
    "t_w2c": [
      -5.104934444581425,
      -0.11673706481251905,
      -0.48797832900015603
    ]
  },
  "frame_015": {
    "R_w2c": [
      [
        0.9891396795265281,
        -0.023822357091725792,
        0.14504236639106485
      ],
      [
        0.03970197172989961,
        0.9934045762107654,
        -0.1075836992923291
      ],
      [
        -0.1415228987519236,
        0.11217682836886057,
        0.9835598489581999
      ]
    ],
    "t_w2c": [
      -6.0805048826133765,
      -0.18155661436138512,
      -0.668399882010173
    ]
  },
  "frame_016": {
    "R_w2c": [
      [
        0.9884785851045963,
        -0.023453530612938856,
        0.1495424244911974
      ],
      [
        0.03886066530553338,
        0.9941337616804269,
        -0.10094744441605241
      ],
      [
        -0.14629775887809185,
        0.10559917154240704,
        0.9835894237528479
      ]
    ],
    "t_w2c": [
      -6.994806004356424,
      -0.23881611209039988,
      -1.0477719076720746
    ]
  },
  "frame_017": {
    "R_w2c": [
      [
        0.9887038940639872,
        -0.02377528937687805,
        0.14799598179773787
      ],
      [
        0.038424506487055574,
        0.9945515044225678,
        -0.09692230231975117
      ],
      [
        -0.14488467709381989,
        0.1015167352015623,
        0.9842277154325869
      ]
    ],
    "t_w2c": [
      -7.908430341262607,
      -0.2321873248368819,
      -1.4604243153829093
    ]
  },
  "frame_018": {
    "R_w2c": [
      [
        0.9894441435419528,
        -0.0256703770989393,
        0.1426380979221248
      ],
      [
        0.03996953366206388,
        0.9943553119254737,
        -0.09830230261144215
      ],
      [
        -0.1393089027570557,
        0.10296877182834177,
        0.9848814700877468
      ]
    ],
    "t_w2c": [
      -8.870074634376211,
      -0.2980571094408513,
      -1.740128758754219
    ]
  },
  "frame_019": {
    "R_w2c": [
      [
        0.9902986320294362,
        -0.033561126981334406,
        0.1348559495696822
      ],
      [
        0.047436071574160674,
        0.9937539869650881,
        -0.10102337240070675
      ],
      [
        -0.13062202971128192,
        0.10644387601164378,
        0.9857022224511256
      ]
    ],
    "t_w2c": [
      -9.829140081882102,
      -0.4264777221391354,
      -2.0196833573522843
    ]
  },
  "frame_020": {
    "R_w2c": [
      [
        0.9912070446154838,
        -0.02942994469241154,
        0.12902044580642674
      ],
      [
        0.04327297287334547,
        0.9934435323715016,
        -0.1058339072123507
      ],
      [
        -0.12505845352796638,
        0.11049013282303387,
        0.9859782146445984
      ]
    ],
    "t_w2c": [
      -10.769059231133442,
      -0.5697467758748179,
      -2.31902464425327
    ]
  },
  "frame_021": {
    "R_w2c": [
      [
        0.9905898127901461,
        -0.02764297803469766,
        0.1340615070587334
      ],
      [
        0.043161827898979856,
        0.9925135613031935,
        -0.11426832702781822
      ],
      [
        -0.12989766898403465,
        0.1189833053942724,
        0.9843630002826916
      ]
    ],
    "t_w2c": [
      -11.74581085833454,
      -0.5730862041252123,
      -2.5304801120194558
    ]
  },
  "frame_022": {
    "R_w2c": [
      [
        0.9883986720973372,
        -0.024050639644053882,
        0.14997836936215397
      ],
      [
        0.04179769188894262,
        0.9923339650985651,
        -0.11631719746930544
      ],
      [
        -0.14602967701162706,
        0.12124026844531129,
        0.9818232291327409
      ]
    ],
    "t_w2c": [
      -12.753419424329003,
      -0.5762208678972842,
      -2.5928504596337425
    ]
  },
  "frame_023": {
    "R_w2c": [
      [
        0.985164021071893,
        -0.020083304616771283,
        0.17044505277496827
      ],
      [
        0.03923426804839815,
        0.9931875481737993,
        -0.10974149335172213
      ],
      [
        -0.16707781750000036,
        0.1148047905785542,
        0.9792367549424763
      ]
    ],
    "t_w2c": [
      -13.798260593828115,
      -0.5008208909555502,
      -2.419801529356045
    ]
  },
  "frame_025": {
    "R_w2c": [
      [
        0.9768721661320051,
        -0.01671634106980512,
        0.21317736621539046
      ],
      [
        0.03519601872792249,
        0.9959144984974845,
        -0.08318078317739588
      ],
      [
        -0.2109137362455105,
        0.0887648521517207,
        0.9734662581038913
      ]
    ],
    "t_w2c": [
      -14.854260014405273,
      -0.6003019190175409,
      -2.063757145299355
    ]
  },
  "frame_027": {
    "R_w2c": [
      [
        0.970558439004288,
        -0.015598681099194937,
        0.24036797649740121
      ],
      [
        0.03286257374437073,
        0.9971474108480574,
        -0.06797695745527296
      ],
      [
        -0.23861987200941925,
        0.0738792405749081,
        0.9682987401722098
      ]
    ],
    "t_w2c": [
      -15.848276613815521,
      -0.6806563589414751,
      -1.9696220635153618
    ]
  },
  "frame_029": {
    "R_w2c": [
      [
        0.9647921698460096,
        -0.005496280486401947,
        0.26296300406302914
      ],
      [
        0.0257134190096772,
        0.9969654649610745,
        -0.07349849458640459
      ],
      [
        -0.26175849110673644,
        0.07767642966282134,
        0.9620022571575759
      ]
    ],
    "t_w2c": [
      -16.835333634673493,
      -0.5542607068461771,
      -1.933682233020541
    ]
  },
  "frame_030": {
    "R_w2c": [
      [
        0.9592461042742446,
        0.003923632502252139,
        0.28254984710077513
      ],
      [
        0.018989008133020593,
        0.9967505338680362,
        -0.07830356341743379
      ],
      [
        -0.2819357385989561,
        0.0804823908843788,
        0.9560516023919042
      ]
    ],
    "t_w2c": [
      -17.823582517682816,
      -0.5087180846346948,
      -1.8870927982064514
    ]
  },
  "frame_032": {
    "R_w2c": [
      [
        0.945794556396787,
        0.018756099933650013,
        0.32422837316236325
      ],
      [
        0.011587984702621113,
        0.9957481605590809,
        -0.09140114401003424
      ],
      [
        -0.32456061032151995,
        0.09020808783056197,
        0.9415531445085323
      ]
    ],
    "t_w2c": [
      -18.887400326340448,
      -0.38770441163531444,
      -1.1698010910130605
    ]
  },
  "frame_034": {
    "R_w2c": [
      [
        0.9409419306274933,
        0.02497369670719073,
        0.33765105087137837
      ],
      [
        0.010112496399617936,
        0.9947599409438238,
        -0.10175185750711999
      ],
      [
        -0.3384190992294056,
        0.09916086527083764,
        0.9357557783945404
      ]
    ],
    "t_w2c": [
      -19.903274212586478,
      -0.30843324081908646,
      -0.9331248450307726
    ]
  },
  "frame_035": {
    "R_w2c": [
      [
        0.9377670681706811,
        0.02592795605105101,
        0.34630067283273175
      ],
      [
        0.009610191186759551,
        0.9948913913191293,
        -0.10050690186747933
      ],
      [
        -0.34713378553758867,
        0.09758423443977474,
        0.932724104959989
      ]
    ],
    "t_w2c": [
      -20.906967084880776,
      -0.3603430112208427,
      -0.8227186351095629
    ]
  },
  "frame_036": {
    "R_w2c": [
      [
        0.9348239115193985,
        0.027674652080277785,
        0.3540359451263679
      ],
      [
        0.008693945591677332,
        0.994878813060032,
        -0.10071900622674203
      ],
      [
        -0.35500666409148646,
        0.09723649145835063,
        0.9297928742363478
      ]
    ],
    "t_w2c": [
      -19.915805866333447,
      -0.30768676694868347,
      -0.7066476673625686
    ]
  },
  "frame_038": {
    "R_w2c": [
      [
        0.9209010385592937,
        0.03812834085192631,
        0.38793146701446674
      ],
      [
        0.001788987820824119,
        0.9947829219723437,
        -0.10201391726977573
      ],
      [
        -0.38979421321822105,
        0.09464293698567791,
        0.9160255947589704
      ]
    ],
    "t_w2c": [
      -20.923790302730254,
      -0.14205906051396472,
      -0.06650267545472849
    ]
  },
  "frame_040": {
    "R_w2c": [
      [
        0.9127147647671843,
        0.04377632928135646,
        0.40625028475124947
      ],
      [
        -0.0034043955439125246,
        0.9950261314439839,
        -0.09956679918712423
      ],
      [
        -0.4085859212864319,
        0.08949773824109082,
        0.9083216621573916
      ]
    ],
    "t_w2c": [
      -21.91811908470216,
      -0.041996927365967364,
      0.28778923160684
    ]
  },
  "frame_042": {
    "R_w2c": [
      [
        0.9171330665471699,
        0.036099781310230165,
        0.3969465878867585
      ],
      [
        0.004164720058133036,
        0.9949692023848115,
        -0.10010324300436571
      ],
      [
        -0.3985611680275755,
        0.09346645816722682,
        0.912367381201811
      ]
    ],
    "t_w2c": [
      -22.91887453809351,
      -0.19212508124492975,
      0.023079078347402745
    ]
  },
  "frame_044": {
    "R_w2c": [
      [
        0.9199310601926041,
        0.0329268081423166,
        0.3906998891069426
      ],
      [
        0.012905220528386213,
        0.9933866025317143,
        -0.11410031599585434
      ],
      [
        -0.3918698236105932,
        0.11001225955092596,
        0.9134201727807583
      ]
    ],
    "t_w2c": [
      -23.91224164808408,
      -0.21446785895479956,
      -0.24509856114542664
    ]
  },
  "frame_045": {
    "R_w2c": [
      [
        0.9175570549935491,
        0.033318844720208886,
        0.3962105785721516
      ],
      [
        0.01691764008920857,
        0.9923105210661369,
        -0.12262025191464868
      ],
      [
        -0.39724612493259565,
        0.11921997428147577,
        0.9099357646816142
      ]
    ],
    "t_w2c": [
      -24.905106780961315,
      -0.19984951277189367,
      -0.22915054548157943
    ]
  },
  "frame_047": {
    "R_w2c": [
      [
        0.9088674920508606,
        0.03749611774357298,
        0.4153999782716999
      ],
      [
        0.020657960670911347,
        0.9906837472368861,
        -0.13461587279619713
      ],
      [
        -0.4165740872560625,
        0.13093550954322258,
        0.8996233236067226
      ]
    ],
    "t_w2c": [
      -25.890667562267602,
      -0.1617014382087069,
      0.468418628602289
    ]
  },
  "frame_048": {
    "R_w2c": [
      [
        0.9003161094182074,
        0.04092306494524856,
        0.4333119364543495
      ],
      [
        0.01965980819850454,
        0.9907314875908819,
        -0.13441029480507785
      ],
      [
        -0.43479335090337107,
        0.12953712429066733,
        0.8911646411980645
      ]
    ],
    "t_w2c": [
      -26.871492293276457,
      -0.18913032235754512,
      1.0721437253551094
    ]
  },
  "frame_050": {
    "R_w2c": [
      [
        0.8929365651350438,
        0.045979873760764116,
        0.4478326996654888
      ],
      [
        0.010814440730815314,
        0.9922938304889495,
        -0.12343735191160582
      ],
      [
        -0.4500542423234538,
        0.11507109999281191,
        0.8855556065705575
      ]
    ],
    "t_w2c": [
      -27.84990049645228,
      -0.08666457280367211,
      1.5463595060568933
    ]
  },
  "frame_051": {
    "R_w2c": [
      [
        0.9210831171623931,
        0.018863077021999353,
        0.3889123751282085
      ],
      [
        0.025042996525813703,
        0.9938893210205614,
        -0.10751056747277622
      ],
      [
        -0.38856103244188606,
        0.10877182137744014,
        0.9149803088335051
      ]
    ],
    "t_w2c": [
      -28.879846756643595,
      -0.6269364451431194,
      -0.43230534881952604
    ]
  },
  "frame_052": {
    "R_w2c": [
      [
        0.9245359508815579,
        0.009388190261670615,
        0.380983443471342
      ],
      [
        0.03674557293470932,
        0.992843804823525,
        -0.11363102270057995
      ],
      [
        -0.3793202257949261,
        0.1190620821853048,
        0.9175731630180531
      ]
    ],
    "t_w2c": [
      -29.8675818091341,
      -0.867157498182276,
      -0.6902283842956085
    ]
  },
  "frame_053": {
    "R_w2c": [
      [
        0.9088360331878992,
        0.014108562099771795,
        0.4169192037595901
      ],
      [
        0.04125656824408871,
        0.9914889500335677,
        -0.12348154732630201
      ],
      [
        -0.4151093720587461,
        0.1294322012958941,
        0.9005170092250105
      ]
    ],
    "t_w2c": [
      -28.880667603712915,
      -0.9035257052603853,
      0.6111460935796077
    ]
  },
  "frame_054": {
    "R_w2c": [
      [
        0.8889360786216309,
        0.031354237575938144,
        0.4569620319512677
      ],
      [
        0.031018868144570496,
        0.9912439166860619,
        -0.12835106078003994
      ],
      [
        -0.45698151330150044,
        0.12827720160442077,
        0.8801774197713828
      ]
    ],
    "t_w2c": [
      -29.812779156754964,
      -0.5276730575301153,
      1.7807718882178067
    ]
  },
  "frame_056": {
    "R_w2c": [
      [
        0.8690841774999057,
        0.060741847383538314,
        0.49092499790152266
      ],
      [
        0.0028334374513574695,
        0.9918050323861634,
        -0.12772876306782555
      ],
      [
        -0.4946571015061189,
        0.11240444514104043,
        0.8617877881318977
      ]
    ],
    "t_w2c": [
      -30.705781960269178,
      0.2930000570676254,
      2.9413633634682808
    ]
  },
  "frame_057": {
    "R_w2c": [
      [
        0.8583801560925337,
        0.06990221912443155,
        0.5082338163303186
      ],
      [
        -0.009217187217465459,
        0.9926154478737905,
        -0.12095221544021362
      ],
      [
        -0.512932877785093,
        0.09914565663344077,
        0.8526834344195838
      ]
    ],
    "t_w2c": [
      -31.6034593722324,
      0.5211842460597099,
      3.8292762080289475
    ]
  },
  "frame_058": {
    "R_w2c": [
      [
        0.8521750478589891,
        0.06130345900676082,
        0.5196585033030964
      ],
      [
        0.0054969530175254504,
        0.9920108148210778,
        -0.12603459378016477
      ],
      [
        -0.5232303927343086,
        0.11026678073504914,
        0.8450270454802221
      ]
    ],
    "t_w2c": [
      -32.50010251025659,
      0.2692955342457218,
      4.531137781523604
    ]
  },
  "frame_059": {
    "R_w2c": [
      [
        0.8531637717685393,
        0.05797882801332729,
        0.5184158278737091
      ],
      [
        0.017311760282039696,
        0.9901112637758895,
        -0.1392160237443696
      ],
      [
        -0.5213574640181714,
        0.12775550921614348,
        0.8437201918027935
      ]
    ],
    "t_w2c": [
      -33.472152271894785,
      0.02287429642670442,
      4.732999922988252
    ]
  }
}