{
  "K": [
    [
      3183.592270336112,
      0.0,
      1911.3122172243477
    ],
    [
      0.0,
      3183.8330165146126,
      1100.814254448177
    ],
    [
      0.0,
      0.0,
      1.0
    ]
  ],
  "cameras_optimized": [
    {
      "R_w2c": [
        [
          0.9990155112850326,
          0.018008715652189984,
          -0.04054250081659196
        ],
        [
          -0.01851230782439367,
          0.9997556499944389,
          -0.012080346154470505
        ],
        [
          0.04031504273741609,
          0.012818988445096005,
          0.9991047847269698
        ]
      ],
      "id": 0,
      "t_w2c": [
        4.735604489773736,
        -0.3664775792408119,
        -3.690922015962666
      ]
    },
    {
      "R_w2c": [
        [
          0.9984289175531218,
          0.004624801903985527,
          -0.0558418105101402
        ],
        [
          -0.005683846145478642,
          0.9998067099886426,
          -0.018821173042104608
        ],
        [
          0.05574397264903211,
          0.019108999686933102,
          0.998262217878784
        ]
      ],
      "id": 1,
      "t_w2c": [
        3.871635304619307,
        -0.13914236164019803,
        -3.9713176463149797
      ]
    },
    {
      "R_w2c": [
        [
          0.9971826617379066,
          -0.010790293965270323,
          -0.0742314534779357
        ],
        [
          0.009178030143188876,
          0.9997152609860726,
          -0.022026364072163185
        ],
        [
          0.07444798783039469,
          0.02128300983629467,
          0.9969977585733649
        ]
      ],
      "id": 2,
      "t_w2c": [
        2.9898725107077078,
        -0.05614825362889452,
        -4.187664552549051
      ]
    },
    {
      "R_w2c": [
        [
          0.9967623351187346,
          -0.02002144978142714,
          -0.07787161766200268
        ],
        [
          0.017890939793749772,
          0.9994488848677179,
          -0.027961416451453783
        ],
        [
          0.07838852953043421,
          0.026477690332145674,
          0.996571206865185
        ]
      ],
      "id": 3,
      "t_w2c": [
        2.0271377860157163,
        0.04350021402770397,
        -4.372500782239323
      ]
    },
    {
      "R_w2c": [
        [
          0.995301372118678,
          -0.021398994568336622,
          -0.09443125377829759
        ],
        [
          0.018480493764691287,
          0.9993274133202685,
          -0.03167321165961063
        ],
        [
          0.09504551545912174,
          0.029779254827573973,
          0.9950274096591633
        ]
      ],
      "id": 4,
      "t_w2c": [
        1.1784638298233614,
        0.06999687245445328,
        -4.72700087326305
      ]
    },
    {
      "R_w2c": [
        [
          0.9941425252291356,
          -0.018088567874332776,
          -0.10655253747937285
        ],
        [
          0.014708457901892704,
          0.9993659910525403,
          -0.03242340502973444
        ],
        [
          0.10707147517983373,
          0.030666262240932052,
          0.9937782849121752
        ]
      ],
      "id": 5,
      "t_w2c": [
        0.2619204380873497,
        0.028870600672128082,
        -4.935951458171899
      ]
    },
    {
      "R_w2c": [
        [
          0.9928556522211256,
          -0.012616309395814833,
          -0.11865278163529251
        ],
        [
          0.008967946474837582,
          0.9994719277699501,
          -0.031232059423678273
        ],
        [
          0.11898415772105032,
          0.02994485493450915,
          0.9924444951101111
        ]
      ],
      "id": 6,
      "t_w2c": [
        -0.6403715715793168,
        0.04748331866766815,
        -5.205799712352893
      ]
    },
    {
      "R_w2c": [
        [
          0.9909639866816586,
          -0.013656183606918204,
          -0.13343120230773436
        ],
        [
          0.010189970903139335,
          0.9995935278253398,
          -0.02662599524308517
        ],
        [
          0.13374057571652131,
          0.02502574232636784,
          0.9907003435085846
        ]
      ],
      "id": 7,
      "t_w2c": [
        -1.525772259536802,
        0.08355828949207483,
        -5.476947353681954
      ]
    },
    {
      "R_w2c": [
        [
          0.9882993842914036,
          -0.014916198705012413,
          -0.1517953689195597
        ],
        [
          0.011794797832389617,
          0.9997004965659123,
          -0.021442945459089563
        ],
        [
          0.15206975292057817,
          0.019401654106313164,
          0.9881793187800549
        ]
      ],
      "id": 8,
      "t_w2c": [
        -2.3617201441917444,
        0.08413511926663694,
        -5.850171505131636
      ]
    },
    {
      "R_w2c": [
        [
          0.987549615966449,
          -0.018208835485333055,
          -0.15625042180674972
        ],
        [
          0.016058535060531353,
          0.9997583328956494,
          -0.015013302682008378
        ],
        [
          0.1564860359783863,
          0.01231722842119892,
          0.9876033649334084
        ]
      ],
      "id": 9,
      "t_w2c": [
        -3.3154060542520565,
        0.03010958508302059,
        -6.059008564291217
      ]
    },
    {
      "R_w2c": [
        [
          0.9852736040782204,
          -0.019051453220347167,
          -0.16992047327178397
        ],
        [
          0.01626353338942138,
          0.9997095687019719,
          -0.017784142582888962
        ],
        [
          0.170209936808652,
          0.014758738967482012,
          0.9852972937320412
        ]
      ],
      "id": 10,
      "t_w2c": [
        -2.232849103293029,
        0.05961722512119673,
        -6.0469874781828885
      ]
    },
    {
      "R_w2c": [
        [
          0.9852228255054382,
          -0.014016920428569139,
          -0.1707029878027331
        ],
        [
          0.009607041186911828,
          0.9995991304535655,
          -0.026632370456056837
        ],
        [
          0.17100786199094434,
          0.02459886863607411,
          0.9849625408101119
        ]
      ],
      "id": 11,
      "t_w2c": [
        -1.2285383556883138,
        0.10747766534214184,
        -6.041894348684193
      ]
    },
    {
      "R_w2c": [
        [
          0.9830892224600587,
          -0.00673606712354434,
          -0.18300329527793843
        ],
        [
          -0.002313141321246929,
          0.9987867641908692,
          -0.0491899283833686
        ],
        [
          0.18311261578631102,
          0.048781400931503564,
          0.9818809219365935
        ]
      ],
      "id": 12,
      "t_w2c": [
        -0.1639102906338242,
        0.18467561739531832,
        -5.929862382123111
      ]
    },
    {
      "R_w2c": [
        [
          0.978851073862091,
          -0.015154729946593691,
          -0.20401203238847718
        ],
        [
          0.005893401891507478,
          0.9989274023850898,
          -0.04592725311100125
        ],
        [
          0.2044892246872104,
          0.04375361612967109,
          0.9778904734490468
        ]
      ],
      "id": 13,
      "t_w2c": [
        -0.9004576766458359,
        0.18844780224046997,
        -6.434252022397423
      ]
    }
  ],
  "notes": {
    "convention": "x_cam = R_w2c * x_world + t_w2c",
    "fix_cam_prefix": 1,
    "huber_delta_px": 3.0,
    "min_track_len": 2,
    "num_cameras": 14,
    "num_observations": 1904,
    "num_points": 942,
    "prefilter_thresh_px": 50.0,
    "solver": "Ceres BA (points-only)",
    "stage": "A",
    "zmin": 0.1
  },
  "points_optimized": [
    {
      "X": [
        -15.230672911463586,
        -0.36758853837886996,
        26.7385092453495
      ],
      "id": 0
    },
    {
      "X": [
        -16.30005454603921,
        3.515241479445972,
        28.866153957241977
      ],
      "id": 1
    },
    {
      "X": [
        -15.24003118581901,
        -1.3520245939035278,
        26.882953356663375
      ],
      "id": 2
    },
    {
      "X": [
        -15.251406408314404,
        -1.3808668645599753,
        27.067931346612948
      ],
      "id": 3
    },
    {
      "X": [
        -15.165744897611836,
        -1.3873074915997432,
        27.01276151402454
      ],
      "id": 4
    },
    {
      "X": [
        -16.15092757012467,
        3.688075700811795,
        29.072731579796827
      ],
      "id": 5
    },
    {
      "X": [
        -16.130350290852796,
        2.3910133521550265,
        29.125328402057185
      ],
      "id": 6
    },
    {
      "X": [
        -15.019141139924184,
        -1.0878439174720984,
        26.950719802812724
      ],
      "id": 7
    },
    {
      "X": [
        -16.0797982527792,
        3.712838978952357,
        29.0867132366602
      ],
      "id": 8
    },
    {
      "X": [
        -15.969389448636832,
        3.6288831095412566,
        28.91867705840139
      ],
      "id": 9
    },
    {
      "X": [
        -15.952090225988934,
        3.895944487537924,
        28.988914152396774
      ],
      "id": 10
    },
    {
      "X": [
        -14.774984736051609,
        -0.34007690470592494,
        26.68607373472556
      ],
      "id": 11
    },
    {
      "X": [
        -16.002701667967422,
        2.6979282398065743,
        29.4983197613657
      ],
      "id": 12
    },
    {
      "X": [
        -14.579818997688701,
        -0.37137617008796053,
        26.625264776708597
      ],
      "id": 13
    },
    {
      "X": [
        -14.502654022774264,
        -1.0947414523765606,
        26.64934177049476
      ],
      "id": 14
    },
    {
      "X": [
        -15.792113977669738,
        2.5242964566783033,
        29.42994824875224
      ],
      "id": 15
    },
    {
      "X": [
        -14.581909696228351,
        -0.7258302885502563,
        26.90051342864596
      ],
      "id": 16
    },
    {
      "X": [
        -14.458586359495685,
        -0.4387946492387711,
        26.628796031209987
      ],
      "id": 17
    },
    {
      "X": [
        -15.675681073454086,
        3.7851338378112747,
        29.292865785971376
      ],
      "id": 18
    },
    {
      "X": [
        -15.797917926104967,
        2.292977100031955,
        29.742959273496663
      ],
      "id": 19
    },
    {
      "X": [
        -14.583649487470122,
        0.30722294373883646,
        27.050461106320633
      ],
      "id": 20
    },
    {
      "X": [
        -14.505468763782057,
        -0.8669129612008925,
        27.07252361982204
      ],
      "id": 21
    },
    {
      "X": [
        -15.580800628861766,
        2.6496675152076405,
        29.389698158662977
      ],
      "id": 22
    },
    {
      "X": [
        -14.253068970912153,
        -0.6518285469264206,
        26.614106678895563
      ],
      "id": 23
    },
    {
      "X": [
        -15.412587829237092,
        2.9430942531622133,
        29.252558610962886
      ],
      "id": 24
    },
    {
      "X": [
        -14.004811426478183,
        0.16157971568925528,
        26.64036228205009
      ],
      "id": 25
    },
    {
      "X": [
        -13.905224914118852,
        -0.10837407528291165,
        26.81694883797464
      ],
      "id": 26
    },
    {
      "X": [
        -14.916811318989557,
        2.221391236066489,
        29.35361634202468
      ],
      "id": 27
    },
    {
      "X": [
        -13.509553681887434,
        0.5873650213303311,
        26.462001134998506
      ],
      "id": 28
    },
    {
      "X": [
        -13.507888518621629,
        -1.9793878840086645,
        26.66891828626656
      ],
      "id": 29
    },
    {
      "X": [
        -13.601526777910939,
        0.1224040096885813,
        26.847801288619454
      ],
      "id": 30
    },
    {
      "X": [
        -14.617030820791875,
        1.3214009106266578,
        29.48405188472614
      ],
      "id": 31
    },
    {
      "X": [
        -13.357740833699957,
        -0.2481797068440321,
        26.572820672965445
      ],
      "id": 32
    },
    {
      "X": [
        -14.686763154414642,
        5.1391537339846725,
        29.75437269430645
      ],
      "id": 33
    },
    {
      "X": [
        -13.321493084374374,
        0.3411143649781453,
        26.65134302301858
      ],
      "id": 34
    },
    {
      "X": [
        -13.171124374368386,
        -0.18139111829269755,
        26.441534589326867
      ],
      "id": 35
    },
    {
      "X": [
        -13.164443329617765,
        -1.6398148004215405,
        26.9352737484818
      ],
      "id": 36
    },
    {
      "X": [
        -13.11634326912915,
        0.7766774559031597,
        26.846007606682182
      ],
      "id": 37
    },
    {
      "X": [
        -12.737767843636137,
        0.1293101072107872,
        26.845130318848824
      ],
      "id": 38
    },
    {
      "X": [
        -12.876021986187101,
        0.9952080055301982,
        27.216423451056823
      ],
      "id": 39
    },
    {
      "X": [
        -12.634474122309868,
        -0.3879192370673512,
        26.94923856384623
      ],
      "id": 40
    },
    {
      "X": [
        -12.541630631504917,
        0.21007942091680676,
        26.779337763707353
      ],
      "id": 41
    },
    {
      "X": [
        -12.536336632392565,
        0.2940057489705366,
        26.923781187312567
      ],
      "id": 42
    },
    {
      "X": [
        -7.714360815197069,
        6.673666788069171,
        28.953695676600738
      ],
      "id": 43
    },
    {
      "X": [
        -7.307158767225982,
        6.4850980661860556,
        28.76666503748737
      ],
      "id": 44
    },
    {
      "X": [
        -7.374265130753232,
        5.438144654338616,
        31.026093216389103
      ],
      "id": 45
    },
    {
      "X": [
        -7.0469508271529415,
        6.582526337068221,
        28.862832467593844
      ],
      "id": 46
    },
    {
      "X": [
        -6.91508611897048,
        6.116825838069238,
        28.80695360667437
      ],
      "id": 47
    },
    {
      "X": [
        -6.832597789121656,
        6.517444267305034,
        28.635662896759467
      ],
      "id": 48
    },
    {
      "X": [
        -6.82356563785336,
        6.186836319017649,
        28.827084076554474
      ],
      "id": 49
    },
    {
      "X": [
        -6.590002095551728,
        6.6485607068146235,
        27.973351204273353
      ],
      "id": 50
    },
    {
      "X": [
        -6.522396122077206,
        6.416309714297095,
        29.930399514218735
      ],
      "id": 51
    },
    {
      "X": [
        -5.6080273276833115,
        5.757221379962502,
        28.272685489148117
      ],
      "id": 52
    },
    {
      "X": [
        -5.329961881268439,
        4.944963381759949,
        27.86152590240307
      ],
      "id": 53
    },
    {
      "X": [
        -5.235204567183374,
        4.958045061564641,
        27.666093939164803
      ],
      "id": 54
    },
    {
      "X": [
        -5.043875736236101,
        4.535647051527341,
        29.690834697412477
      ],
      "id": 55
    },
    {
      "X": [
        -4.893811669539525,
        5.755157980653888,
        27.604955192431937
      ],
      "id": 56
    },
    {
      "X": [
        -4.858517424747416,
        1.2201148690606027,
        28.336881797564523
      ],
      "id": 57
    },
    {
      "X": [
        -4.855946590713411,
        4.0217312307792366,
        28.879417555648807
      ],
      "id": 58
    },
    {
      "X": [
        -4.781785657437406,
        3.980853912838229,
        29.94366064169764
      ],
      "id": 59
    },
    {
      "X": [
        -4.6995249976200775,
        3.433827903378346,
        29.453863480673036
      ],
      "id": 60
    },
    {
      "X": [
        -4.620492044259301,
        6.114727417314809,
        27.643817733027866
      ],
      "id": 61
    },
    {
      "X": [
        -4.653801757863786,
        5.364038137571706,
        28.09986039281816
      ],
      "id": 62
    },
    {
      "X": [
        -4.514220125254772,
        3.3006599137561152,
        29.886439013056886
      ],
      "id": 63
    },
    {
      "X": [
        -4.535254430123459,
        5.691043763398337,
        27.415000929463062
      ],
      "id": 64
    },
    {
      "X": [
        -4.132703836665033,
        4.140274596270999,
        30.944749518187155
      ],
      "id": 65
    },
    {
      "X": [
        -4.079757884482406,
        4.028974872209951,
        30.94074423902626
      ],
      "id": 66
    },
    {
      "X": [
        -3.902612555330582,
        5.0174294837062225,
        30.550442108128063
      ],
      "id": 67
    },
    {
      "X": [
        -3.8955414199330765,
        4.488677000390955,
        30.111760645259672
      ],
      "id": 68
    },
    {
      "X": [
        -3.8457050010611584,
        -3.035710706479407,
        26.90703713729013
      ],
      "id": 69
    },
    {
      "X": [
        -3.7377530772868215,
        -2.3809341483700144,
        26.58775071393729
      ],
      "id": 70
    },
    {
      "X": [
        -3.708272081576051,
        4.692642619624692,
        30.622287368925644
      ],
      "id": 71
    },
    {
      "X": [
        -3.7324600486900965,
        -0.7933315516978241,
        26.45106505625825
      ],
      "id": 72
    },
    {
      "X": [
        -3.429101321399084,
        4.685626074583034,
        30.91827484786383
      ],
      "id": 73
    },
    {
      "X": [
        -3.4471498319632103,
        -2.1942463382096644,
        26.97562413917759
      ],
      "id": 74
    },
    {
      "X": [
        -3.341905723002119,
        2.894773526997688,
        30.764757038843676
      ],
      "id": 75
    },
    {
      "X": [
        -3.367460426598308,
        4.535128319299406,
        30.83272846071369
      ],
      "id": 76
    },
    {
      "X": [
        -3.4415203482189742,
        -1.4459079131662256,
        26.717143979745632
      ],
      "id": 77
    },
    {
      "X": [
        -3.3634666933452806,
        -1.536429998866885,
        26.423885871505725
      ],
      "id": 78
    },
    {
      "X": [
        -3.1924893634863576,
        2.528664130180576,
        30.932257052758267
      ],
      "id": 79
    },
    {
      "X": [
        -3.363693754097569,
        0.7211275723304356,
        26.15172414710589
      ],
      "id": 80
    },
    {
      "X": [
        -3.3074224784666812,
        0.1414792258473062,
        26.431992991509365
      ],
      "id": 81
    },
    {
      "X": [
        -3.2659371859505515,
        -1.2861289898441761,
        26.505843216313448
      ],
      "id": 82
    },
    {
      "X": [
        -3.0789732829589367,
        2.646874785843282,
        30.97173129373747
      ],
      "id": 83
    },
    {
      "X": [
        2.471461275202758,
        5.667066055345639,
        27.07741425423966
      ],
      "id": 84
    },
    {
      "X": [
        -13.573082468180573,
        0.8891804036934027,
        28.15378508485722
      ],
      "id": 85
    },
    {
      "X": [
        -6.325909721548944,
        6.317765626976879,
        30.900431909010155
      ],
      "id": 86
    },
    {
      "X": [
        -5.1692601066209996,
        3.4224292283774833,
        31.02218854420527
      ],
      "id": 87
    },
    {
      "X": [
        -5.039595435062257,
        5.94746801551225,
        29.865613098427094
      ],
      "id": 88
    },
    {
      "X": [
        -4.669845556191914,
        5.4506748968550705,
        29.46210526088221
      ],
      "id": 89
    },
    {
      "X": [
        -4.626274711402565,
        6.410441503160259,
        29.07410018744973
      ],
      "id": 90
    },
    {
      "X": [
        -4.6510936549017305,
        3.395801160741986,
        31.588540786202508
      ],
      "id": 91
    },
    {
      "X": [
        -4.603195742876394,
        5.482494014657705,
        30.357573669777867
      ],
      "id": 92
    },
    {
      "X": [
        -3.840669367419909,
        3.5944260913285295,
        30.20753780190135
      ],
      "id": 93
    },
    {
      "X": [
        -3.200170981069437,
        -1.6190974465561985,
        28.268521541066953
      ],
      "id": 94
    },
    {
      "X": [
        -2.9795444214715463,
        -0.9279748801071542,
        28.253203408903886
      ],
      "id": 95
    },
    {
      "X": [
        -2.720689572353615,
        -0.17088206429862646,
        28.220228159312605
      ],
      "id": 96
    },
    {
      "X": [
        -2.4002654321718535,
        -2.2711555917134945,
        28.215747434932542
      ],
      "id": 97
    },
    {
      "X": [
        -2.2688307416544866,
        -0.4129951138265357,
        28.199982011007286
      ],
      "id": 98
    },
    {
      "X": [
        2.1313059906373275,
        6.328114873474791,
        28.602230062378556
      ],
      "id": 99
    },
    {
      "X": [
        2.2340840642443505,
        6.448027345066371,
        28.659990459762316
      ],
      "id": 100
    },
    {
      "X": [
        2.303103760602633,
        6.56753141048735,
        28.82192364120971
      ],
      "id": 101
    },
    {
      "X": [
        2.3559761583837995,
        6.365906690940619,
        28.615490071472088
      ],
      "id": 102
    },
    {
      "X": [
        2.493955415671151,
        6.824374971393272,
        28.831008821769178
      ],
      "id": 103
    },
    {
      "X": [
        2.5395704937912775,
        6.380548174517233,
        28.637227409337537
      ],
      "id": 104
    },
    {
      "X": [
        3.231176783211727,
        6.249726807955725,
        28.004687005332325
      ],
      "id": 105
    },
    {
      "X": [
        -11.621526838450373,
        1.2152801043973362,
        24.746242343074094
      ],
      "id": 106
    },
    {
      "X": [
        -11.462330112212344,
        1.0489824772692535,
        24.457240566772597
      ],
      "id": 107
    },
    {
      "X": [
        -11.536786808228426,
        0.9311832797349745,
        24.659831584692196
      ],
      "id": 108
    },
    {
      "X": [
        -13.181529877628337,
        2.491933911190393,
        28.450349533431023
      ],
      "id": 109
    },
    {
      "X": [
        -11.390132627594687,
        0.5633243628157462,
        24.353469298707928
      ],
      "id": 110
    },
    {
      "X": [
        -11.44904983800588,
        1.195299317581268,
        24.560457863867423
      ],
      "id": 111
    },
    {
      "X": [
        -12.964569115535648,
        2.801449723266311,
        28.437296958211046
      ],
      "id": 112
    },
    {
      "X": [
        -11.61343935946093,
        4.796672488115091,
        25.29749597653374
      ],
      "id": 113
    },
    {
      "X": [
        -11.647823356339757,
        4.908090594855585,
        25.410634596219776
      ],
      "id": 114
    },
    {
      "X": [
        -11.11723525343393,
        -0.19742185575031448,
        24.320764798389185
      ],
      "id": 115
    },
    {
      "X": [
        -11.539224434684341,
        4.936358849354993,
        25.470689508370597
      ],
      "id": 116
    },
    {
      "X": [
        -12.826859961316757,
        2.51129647165538,
        28.89789145889533
      ],
      "id": 117
    },
    {
      "X": [
        -11.294026260864358,
        5.082394660035006,
        25.378156604601063
      ],
      "id": 118
    },
    {
      "X": [
        -10.640582082958609,
        0.43157106456481437,
        24.22314922623957
      ],
      "id": 119
    },
    {
      "X": [
        -10.630538693389587,
        0.056054502244282906,
        24.217937353821736
      ],
      "id": 120
    },
    {
      "X": [
        -10.526909048368823,
        0.5965798852121537,
        24.083069467239458
      ],
      "id": 121
    },
    {
      "X": [
        -10.480802142158668,
        -0.39942726168757947,
        24.50166207022803
      ],
      "id": 122
    },
    {
      "X": [
        -10.446481330419852,
        -1.1898558512558965,
        24.423711568616383
      ],
      "id": 123
    },
    {
      "X": [
        -7.883759995536888,
        0.2679027844349228,
        32.38706346810678
      ],
      "id": 124
    },
    {
      "X": [
        -7.752883927238508,
        0.11377715635943887,
        32.16060575390219
      ],
      "id": 125
    },
    {
      "X": [
        -6.665487126803509,
        6.081259841437692,
        27.11425990520348
      ],
      "id": 126
    },
    {
      "X": [
        -7.314336227308871,
        1.0570074396289657,
        31.964120377290914
      ],
      "id": 127
    },
    {
      "X": [
        -6.883845725248815,
        1.5474770157839124,
        31.79215104123202
      ],
      "id": 128
    },
    {
      "X": [
        -6.731631691407485,
        -5.236923911105177,
        31.580105382974292
      ],
      "id": 129
    },
    {
      "X": [
        -6.6474759210417185,
        -5.387637137954741,
        31.461503738328805
      ],
      "id": 130
    },
    {
      "X": [
        -6.5365406760732245,
        2.3455274689676027,
        31.03481584642712
      ],
      "id": 131
    },
    {
      "X": [
        -6.587007247702559,
        3.0892492174158614,
        31.68400722718699
      ],
      "id": 132
    },
    {
      "X": [
        -5.8051386985149716,
        3.174937364430758,
        26.331840649419124
      ],
      "id": 133
    },
    {
      "X": [
        -6.460104394803904,
        -5.27360506228735,
        31.147826234390536
      ],
      "id": 134
    },
    {
      "X": [
        -6.61647215614081,
        -0.9123198087093425,
        32.492041537955416
      ],
      "id": 135
    },
    {
      "X": [
        -6.064562136057421,
        2.6108969463398886,
        32.001228096866384
      ],
      "id": 136
    },
    {
      "X": [
        -5.415385847465581,
        4.97340119195102,
        27.161085119196983
      ],
      "id": 137
    },
    {
      "X": [
        -5.962330998168034,
        2.5835739648323357,
        31.728216750632782
      ],
      "id": 138
    },
    {
      "X": [
        -5.766238565717857,
        -3.5411748568081194,
        32.574210602027236
      ],
      "id": 139
    },
    {
      "X": [
        -5.685924947708372,
        -1.6051753010176188,
        32.44353810638174
      ],
      "id": 140
    },
    {
      "X": [
        -5.5633769085553455,
        -3.3474649819186255,
        32.05354304947653
      ],
      "id": 141
    },
    {
      "X": [
        -4.899397456580251,
        4.6820327868349665,
        26.54612284356287
      ],
      "id": 142
    },
    {
      "X": [
        -5.5571816697557175,
        -1.8974606190060117,
        32.577566825699805
      ],
      "id": 143
    },
    {
      "X": [
        -5.427250367914799,
        -3.799518411511544,
        32.60045888118507
      ],
      "id": 144
    },
    {
      "X": [
        -5.332549506129186,
        2.0919907034833667,
        32.643663306251554
      ],
      "id": 145
    },
    {
      "X": [
        -4.681670980359228,
        5.04996971375948,
        26.667198774293773
      ],
      "id": 146
    },
    {
      "X": [
        -5.109679174015797,
        -2.87062306773587,
        31.644796007088466
      ],
      "id": 147
    },
    {
      "X": [
        -4.528407153471628,
        5.2582255203923856,
        26.5475656228735
      ],
      "id": 148
    },
    {
      "X": [
        -5.056585613381094,
        -2.681855470385065,
        32.59974432134137
      ],
      "id": 149
    },
    {
      "X": [
        -5.025112222893766,
        -2.6315743843481423,
        32.69854335185543
      ],
      "id": 150
    },
    {
      "X": [
        -4.095050260608192,
        4.838735371089807,
        29.300589850120158
      ],
      "id": 151
    },
    {
      "X": [
        -4.069963366927954,
        4.69082169346464,
        29.61108676261751
      ],
      "id": 152
    },
    {
      "X": [
        -4.026005409370264,
        4.018558166400624,
        29.128150271260665
      ],
      "id": 153
    },
    {
      "X": [
        -4.190950414014949,
        -1.064147005914112,
        32.49103591787652
      ],
      "id": 154
    },
    {
      "X": [
        -4.172190696517114,
        -0.9885671247992135,
        32.535915759833436
      ],
      "id": 155
    },
    {
      "X": [
        -3.951105760792406,
        3.207555082136326,
        29.050041284147042
      ],
      "id": 156
    },
    {
      "X": [
        -3.741279526561794,
        -2.8470043320286207,
        25.706084274253552
      ],
      "id": 157
    },
    {
      "X": [
        -3.837176852176103,
        3.9089219686223675,
        29.25668188920711
      ],
      "id": 158
    },
    {
      "X": [
        -3.802865524538199,
        3.8137076782627686,
        29.436255053448924
      ],
      "id": 159
    },
    {
      "X": [
        -3.680164541195264,
        -2.3077679961029403,
        25.747373446386778
      ],
      "id": 160
    },
    {
      "X": [
        -3.7346491931933326,
        4.16555626753473,
        29.641329368361536
      ],
      "id": 161
    },
    {
      "X": [
        -3.6975657172443204,
        3.8254942349182453,
        29.26303199336827
      ],
      "id": 162
    },
    {
      "X": [
        -3.697839286973041,
        3.7490903805566256,
        29.366601717518392
      ],
      "id": 163
    },
    {
      "X": [
        -3.6123553849826098,
        4.5731321311472355,
        29.369039177359795
      ],
      "id": 164
    },
    {
      "X": [
        -3.6022562426899123,
        4.362249335778627,
        29.58565806725351
      ],
      "id": 165
    },
    {
      "X": [
        -3.5880604102807934,
        4.509917681823791,
        29.631637923731827
      ],
      "id": 166
    },
    {
      "X": [
        -3.5308220313718666,
        3.990857537498643,
        29.269857115551847
      ],
      "id": 167
    },
    {
      "X": [
        -3.4322256907440427,
        -2.098225558470794,
        25.461345918719015
      ],
      "id": 168
    },
    {
      "X": [
        -3.4268946386682364,
        4.392557012535376,
        29.729611670363887
      ],
      "id": 169
    },
    {
      "X": [
        -3.3710550854472423,
        4.092282226089132,
        29.409821328627384
      ],
      "id": 170
    },
    {
      "X": [
        -3.267733969655401,
        3.7451831613259214,
        29.12296280875061
      ],
      "id": 171
    },
    {
      "X": [
        -3.224715063776442,
        -1.8044262171073504,
        25.676071709521814
      ],
      "id": 172
    },
    {
      "X": [
        -3.2359463651599865,
        2.757401351065595,
        29.586346100879698
      ],
      "id": 173
    },
    {
      "X": [
        -3.0567171631527,
        3.746722248710062,
        29.89753361226021
      ],
      "id": 174
    },
    {
      "X": [
        -3.043923534008905,
        4.472841863040078,
        29.820816846580126
      ],
      "id": 175
    },
    {
      "X": [
        -2.9933758882972406,
        8.122174404382301,
        31.37246802012087
      ],
      "id": 176
    },
    {
      "X": [
        -3.009867081906568,
        2.2401461813599934,
        29.901913542156883
      ],
      "id": 177
    },
    {
      "X": [
        -2.96692924285265,
        8.035609027459163,
        30.89403105113357
      ],
      "id": 178
    },
    {
      "X": [
        -2.973607635876129,
        2.4000256608435864,
        29.545995445978527
      ],
      "id": 179
    },
    {
      "X": [
        -2.918646383108808,
        -0.1794836779749787,
        25.595042662598797
      ],
      "id": 180
    },
    {
      "X": [
        -2.9291475446021638,
        3.6418767175117917,
        29.6364364165046
      ],
      "id": 181
    },
    {
      "X": [
        -2.922401521233002,
        3.3430566283057224,
        29.72838304975834
      ],
      "id": 182
    },
    {
      "X": [
        -2.916724388986996,
        2.959665831119577,
        29.71656967519074
      ],
      "id": 183
    },
    {
      "X": [
        -2.870640453845326,
        3.9234213815984726,
        29.580302756621244
      ],
      "id": 184
    },
    {
      "X": [
        -2.8213087188408936,
        7.976638034966808,
        30.857376088747188
      ],
      "id": 185
    },
    {
      "X": [
        -2.8403531845160273,
        2.44549638719016,
        29.940658673100657
      ],
      "id": 186
    },
    {
      "X": [
        -2.8212590039827283,
        3.8338737816463375,
        29.937380417378385
      ],
      "id": 187
    },
    {
      "X": [
        -2.8168356910835257,
        4.005136588082348,
        29.783639141210546
      ],
      "id": 188
    },
    {
      "X": [
        -2.817393351322633,
        4.179412899394387,
        30.405855862512833
      ],
      "id": 189
    },
    {
      "X": [
        -2.762648047400177,
        3.9999348350836352,
        29.933255363340898
      ],
      "id": 190
    },
    {
      "X": [
        -2.76562707020562,
        -0.39824868166011146,
        25.63552041437676
      ],
      "id": 191
    },
    {
      "X": [
        -2.773866761402703,
        -2.4405374766823593,
        25.697789745380888
      ],
      "id": 192
    },
    {
      "X": [
        -2.716079566055087,
        4.404411356288877,
        30.630227262744356
      ],
      "id": 193
    },
    {
      "X": [
        -2.6872212805126114,
        4.119332240066218,
        29.973869467629957
      ],
      "id": 194
    },
    {
      "X": [
        -2.6717091989471613,
        2.8895956695595593,
        29.50867510257921
      ],
      "id": 195
    },
    {
      "X": [
        -2.6552533976922583,
        3.9688648083562468,
        29.67096805742049
      ],
      "id": 196
    },
    {
      "X": [
        -2.639396135593608,
        4.05089524114954,
        29.81368958721187
      ],
      "id": 197
    },
    {
      "X": [
        -2.63586683392856,
        4.189234704752916,
        30.224247826296168
      ],
      "id": 198
    },
    {
      "X": [
        -2.626310714108026,
        4.616763471515935,
        29.796389350475003
      ],
      "id": 199
    },
    {
      "X": [
        -2.5829027021848527,
        4.512966645532272,
        30.3119432417281
      ],
      "id": 200
    },
    {
      "X": [
        -2.5294416466290266,
        4.127581313424615,
        29.98861873565191
      ],
      "id": 201
    },
    {
      "X": [
        -2.4593680014032486,
        4.887360062368224,
        30.205812586674917
      ],
      "id": 202
    },
    {
      "X": [
        -2.5195258063549426,
        -1.0879594224343119,
        25.59887407726294
      ],
      "id": 203
    },
    {
      "X": [
        -2.446121860787119,
        2.4513412019157363,
        29.86431680962303
      ],
      "id": 204
    },
    {
      "X": [
        -2.4443834418083363,
        1.91538485079968,
        29.77142515607498
      ],
      "id": 205
    },
    {
      "X": [
        -2.4341535443555395,
        2.519880953528186,
        30.1402568431701
      ],
      "id": 206
    },
    {
      "X": [
        -2.4867686191020213,
        -0.8515154171579303,
        25.48957046707563
      ],
      "id": 207
    },
    {
      "X": [
        -2.4049698027292,
        2.5993008167516427,
        30.0910288174372
      ],
      "id": 208
    },
    {
      "X": [
        -2.4050724163973327,
        2.004685201213038,
        29.874433316283774
      ],
      "id": 209
    },
    {
      "X": [
        -2.393172404586281,
        2.4189352104842357,
        29.969443521683623
      ],
      "id": 210
    },
    {
      "X": [
        -2.4271111100559177,
        0.18289271229617524,
        25.46325291813672
      ],
      "id": 211
    },
    {
      "X": [
        -2.405612117758537,
        0.2889873570412759,
        25.34569799015597
      ],
      "id": 212
    },
    {
      "X": [
        -2.3079108547867175,
        2.7887234888531225,
        29.618984874867397
      ],
      "id": 213
    },
    {
      "X": [
        -2.3002771260224284,
        2.3607963483074634,
        29.83237329412164
      ],
      "id": 214
    },
    {
      "X": [
        -2.255604636517341,
        3.571116932573085,
        30.025159361517364
      ],
      "id": 215
    },
    {
      "X": [
        -2.25443708802442,
        2.6599716637934008,
        29.96385492953292
      ],
      "id": 216
    },
    {
      "X": [
        -2.321565405850064,
        0.12474596788727493,
        25.549614375100802
      ],
      "id": 217
    },
    {
      "X": [
        -2.2075240598335504,
        2.4532959636835536,
        29.86174101670454
      ],
      "id": 218
    },
    {
      "X": [
        -2.2112223417561925,
        2.312910823853083,
        29.506391300208826
      ],
      "id": 219
    },
    {
      "X": [
        -2.21888232535224,
        0.9874401017326027,
        29.635797526437194
      ],
      "id": 220
    },
    {
      "X": [
        -2.20555985526441,
        1.6711559780523277,
        29.96758501309638
      ],
      "id": 221
    },
    {
      "X": [
        -2.2874094730900487,
        -1.7709095752274115,
        25.671783653210348
      ],
      "id": 222
    },
    {
      "X": [
        -2.2929290935923126,
        -2.899800633722001,
        25.771502680015267
      ],
      "id": 223
    },
    {
      "X": [
        -2.1532139948870817,
        2.5923965686169446,
        30.0459336988096
      ],
      "id": 224
    },
    {
      "X": [
        -2.2599308742374364,
        0.05761376533462526,
        25.487299520429996
      ],
      "id": 225
    },
    {
      "X": [
        -2.259803453511645,
        -1.2219176946419712,
        25.658771734790555
      ],
      "id": 226
    },
    {
      "X": [
        -2.2448078551125006,
        -0.022929471552905468,
        25.605885835222388
      ],
      "id": 227
    },
    {
      "X": [
        -2.125295946554536,
        3.37055887296938,
        29.55722104701016
      ],
      "id": 228
    },
    {
      "X": [
        -2.236712093342441,
        -1.9738373997333016,
        26.00021423177864
      ],
      "id": 229
    },
    {
      "X": [
        -2.047110713909216,
        5.025748923421629,
        30.040025812400813
      ],
      "id": 230
    },
    {
      "X": [
        -2.060446648990027,
        3.2745254109864574,
        30.061680696927272
      ],
      "id": 231
    },
    {
      "X": [
        -2.045082654639541,
        3.595509235586194,
        30.381187076038074
      ],
      "id": 232
    },
    {
      "X": [
        -2.0551107775392548,
        2.8587653832268614,
        30.246328718388323
      ],
      "id": 233
    },
    {
      "X": [
        -2.1821160653703795,
        -0.18711625890478323,
        25.610016024894133
      ],
      "id": 234
    },
    {
      "X": [
        -1.9968376341005694,
        2.3487536689633655,
        30.09774788516754
      ],
      "id": 235
    },
    {
      "X": [
        -2.0104254315400816,
        0.9873830361811962,
        29.907759104812317
      ],
      "id": 236
    },
    {
      "X": [
        -2.1320233519046856,
        -0.04970047081907313,
        25.52285681349309
      ],
      "id": 237
    },
    {
      "X": [
        -1.9614517238729807,
        4.293126049039938,
        30.033027422286484
      ],
      "id": 238
    },
    {
      "X": [
        -1.96650450848189,
        4.791427155468888,
        29.521766371746946
      ],
      "id": 239
    },
    {
      "X": [
        -2.1126451243819333,
        -0.39296042251587116,
        25.521821866613138
      ],
      "id": 240
    },
    {
      "X": [
        -2.1071131107710364,
        -1.9707611059909305,
        25.708795756702436
      ],
      "id": 241
    },
    {
      "X": [
        -1.924708482093687,
