{
  "K": [
    [
      3183.8330165146126,
      0.0,
      604.814254448177
    ],
    [
      0.0,
      3183.592270336112,
      1420.6877827756523
    ],
    [
      0.0,
      0.0,
      1.0
    ]
  ],
  "cameras_optimized": [
    {
      "R_w2c": [
        [
          0.9940247846179435,
          0.10912847984927636,
          -0.0023879805353061436
        ],
        [
          -0.10902680761216903,
          0.9936816892328396,
          0.026643117408993174
        ],
        [
          0.005280415433467363,
          -0.026223565149620598,
          0.9996421568960032
        ]
      ],
      "id": 0,
      "t_w2c": [
        0.7672288494020947,
        -0.05230495966672304,
        -2.323475680629775
      ]
    },
    {
      "R_w2c": [
        [
          0.9829604271444061,
          0.1611575298049206,
          -0.08841407837704747
        ],
        [
          -0.15904388035177064,
          0.9868003384470396,
          0.030498133770110562
        ],
        [
          0.09216204636800458,
          -0.015916740494963867,
          0.9956168010742275
        ]
      ],
      "id": 1,
      "t_w2c": [
        1.924562884430225,
        -0.10488024355117921,
        -2.524686902983923
      ]
    },
    {
      "R_w2c": [
        [
          0.9783897865271318,
          0.1777150055718499,
          -0.10569201679403635
        ],
        [
          -0.17481182158761902,
          0.983936147204071,
          0.036200625110999855
        ],
        [
          0.1104275900878579,
          -0.016942107891465163,
          0.9937397608667885
        ]
      ],
      "id": 2,
      "t_w2c": [
        2.535260410127325,
        -0.08648809472508215,
        -3.3101720723756776
      ]
    },
    {
      "R_w2c": [
        [
          0.9683314025740841,
          0.24184125724445243,
          0.06202500369471657
        ],
        [
          -0.24601889787337822,
          0.9665848140181694,
          0.0720312376585953
        ],
        [
          -0.042532301584505244,
          -0.08500943244066116,
          0.9954719482326166
        ]
      ],
      "id": 3,
      "t_w2c": [
        0.9474875097990155,
        -0.3511570691179036,
        -3.586749570620395
      ]
    },
    {
      "R_w2c": [
        [
          0.9571308795407207,
          0.28252101370799093,
          -0.06389331923617331
        ],
        [
          -0.2759331229381781,
          0.95641746294875,
          0.09553296934703152
        ],
        [
          0.08809875762569319,
          -0.07380727186453774,
          0.9933735931283475
        ]
      ],
      "id": 4,
      "t_w2c": [
        2.3792902663937974,
        -0.4888706579372517,
        -3.555236540050932
      ]
    },
    {
      "R_w2c": [
        [
          0.86663890255936,
          0.317569893812269,
          -0.38481992556879413
        ],
        [
          -0.25168039702546413,
          0.9442143352400678,
          0.21240590123690456
        ],
        [
          0.4308062097089744,
          -0.08722758549461912,
          0.8982189922312743
        ]
      ],
      "id": 5,
      "t_w2c": [
        4.337001909297227,
        -1.184104405119469,
        -2.3007624041007
      ]
    },
    {
      "R_w2c": [
        [
          0.8373903707376281,
          0.36365057196002554,
          -0.40808777059481205
        ],
        [
          -0.29658882920413193,
          0.9294117315945678,
          0.21961079109576864
        ],
        [
          0.45914315130166095,
          -0.06286568768042977,
          0.886135131864913
        ]
      ],
      "id": 6,
      "t_w2c": [
        5.8279205763625805,
        -1.1270114816329382,
        -2.9344153933582753
      ]
    },
    {
      "R_w2c": [
        [
          0.799630357496976,
          0.3934386616664781,
          -0.45364888501499595
        ],
        [
          -0.32204253754097745,
          0.9186041871510231,
          0.22903045946505937
        ],
        [
          0.5068332027239598,
          -0.037045470096877725,
          0.8612477795395903
        ]
      ],
      "id": 7,
      "t_w2c": [
        6.859544192217138,
        -1.1254568192482748,
        -2.9870961755160144
      ]
    },
    {
      "R_w2c": [
        [
          0.7596288117655882,
          0.428288369768301,
          -0.4894212302881963
        ],
        [
          -0.35642266345049867,
          0.9036221366097371,
          0.237549824684646
        ],
        [
          0.5439916849681189,
          -0.0060088726117825675,
          0.8390690913956265
        ]
      ],
      "id": 8,
      "t_w2c": [
        7.956010286527037,
        -1.3296658039238634,
        -2.5455706283627624
      ]
    },
    {
      "R_w2c": [
        [
          0.6524295404192224,
          0.4678546866934814,
          -0.5961943365441393
        ],
        [
          -0.3927549748085598,
          0.8815400713064607,
          0.2619744881551019
        ],
        [
          0.6481351900271191,
          0.06323839672180538,
          0.7588950392699677
        ]
      ],
      "id": 9,
      "t_w2c": [
        9.133705514149252,
        -1.7716105500713253,
        -1.0820861882159554
      ]
    },
    {
      "R_w2c": [
        [
          0.6604393022234349,
          0.48844267523260154,
          -0.5703013949572994
        ],
        [
          -0.4232952446356333,
          0.8695101506467,
          0.2545058619977394
        ],
        [
          0.6201943759398997,
          0.07332019458493214,
          0.7810141388723676
        ]
      ],
      "id": 10,
      "t_w2c": [
        8.374217120769602,
        -1.165283751459537,
        -3.0435356160304687
      ]
    },
    {
      "R_w2c": [
        [
          0.625031603548949,
          0.5131520994922876,
          -0.5882265017420473
        ],
        [
          -0.45225426578799865,
          0.8522524846515676,
          0.26292923283991776
        ],
        [
          0.6362401854972598,
          0.10168886464056368,
          0.7647599631038
        ]
      ],
      "id": 11,
      "t_w2c": [
        9.380883751372734,
        -1.4186466440326309,
        -3.0894408147246013
      ]
    },
    {
      "R_w2c": [
        [
          0.46340527255223585,
          0.5347221006594628,
          -0.7066313242682634
        ],
        [
          -0.47861238817431395,
          0.822136619232658,
          0.30825567505364027
        ],
        [
          0.7457786100826893,
          0.19535520055280597,
          0.6369070657168949
        ]
      ],
      "id": 12,
      "t_w2c": [
        10.686006169148252,
        -2.1486276030137272,
        -1.2214953029584996
      ]
    },
    {
      "R_w2c": [
        [
          0.3598615478812232,
          0.5537779981765515,
          -0.7508858735467738
        ],
        [
          -0.49572825869655,
          0.7952910412119615,
          0.3489493563508619
        ],
        [
          0.7904132842293432,
          0.24666189106460235,
          0.5607180678471293
        ]
      ],
      "id": 13,
      "t_w2c": [
        11.613461224945251,
        -2.6420281981699145,
        -0.2894750547725035
      ]
    },
    {
      "R_w2c": [
        [
          0.31735061920012514,
          0.5696336973186745,
          -0.7581596371295122
        ],
        [
          -0.5058141358041067,
          0.7779412867541972,
          0.37277260412209523
        ],
        [
          0.8021475204188077,
          0.26518824491722937,
          0.5350089253869301
        ]
      ],
      "id": 14,
      "t_w2c": [
        12.331694308281174,
        -2.4242326439745843,
        0.24717967739183036
      ]
    },
    {
      "R_w2c": [
        [
          0.25178228055752233,
          0.5927438274963293,
          -0.7650231618469173
        ],
        [
          -0.5036198174645656,
          0.755273165402568,
          0.4194395368581059
        ],
        [
          0.8264216615349639,
          0.27967338197938457,
          0.4886819382359067
        ]
      ],
      "id": 15,
      "t_w2c": [
        13.074571993006929,
        -3.033267675237276,
        1.349266953869737
      ]
    },
    {
      "R_w2c": [
        [
          0.2566209690794956,
          0.5937622687982795,
          -0.7626218239600938
        ],
        [
          -0.4830437423364325,
          0.762224295139043,
          0.4309093488071515
        ],
        [
          0.8371465948197573,
          0.25779932515681414,
          0.4824158856530084
        ]
      ],
      "id": 16,
      "t_w2c": [
        13.112374101406033,
        -2.758423302631674,
        0.37992881709599624
      ]
    },
    {
      "R_w2c": [
        [
          0.12361491792965278,
          0.592754735269544,
          -0.7958399185016911
        ],
        [
          -0.48703505547583725,
          0.7349932433528626,
          0.47178574264520545
        ],
        [
          0.8645901958748397,
          0.32928218299988954,
          0.379548464831481
        ]
      ],
      "id": 17,
      "t_w2c": [
        13.792046646476404,
        -3.2787707269552526,
        1.9428582409659778
      ]
    },
    {
      "R_w2c": [
        [
          0.027930044879182565,
          0.5850367663769013,
          -0.8105256902654633
        ],
        [
          -0.490243346125243,
          0.7146478243608357,
          0.49893882261881467
        ],
        [
          0.8711379765415878,
          0.383419442808503,
          0.30677052776211244
        ]
      ],
      "id": 18,
      "t_w2c": [
        14.433992849420154,
        -3.767632264757707,
        3.2778194642648275
      ]
    },
    {
      "R_w2c": [
        [
          -0.05366428476322148,
          0.5735283636206455,
          -0.8174260582239085
        ],
        [
          -0.49598803339822217,
          0.6951747181440938,
          0.5203152717142214
        ],
        [
          0.866669495982532,
          0.433355889974862,
          0.24715715113562756
        ]
      ],
      "id": 19,
      "t_w2c": [
        14.99783623170202,
        -4.205545037019402,
        4.129421574966703
      ]
    },
    {
      "R_w2c": [
        [
          -0.12446908094976071,
          0.5627961332922038,
          -0.8171707044668609
        ],
        [
          -0.49969875155760074,
          0.6759547269213497,
          0.5416515160547957
        ],
        [
          0.857209779213523,
          0.47575804722992054,
          0.1970930615640125
        ]
      ],
      "id": 20,
      "t_w2c": [
        15.555224771108875,
        -4.510750163614254,
        4.976046039995243
      ]
    },
    {
      "R_w2c": [
        [
          -0.19540806013473397,
          0.5517563120032668,
          -0.8107901468314314
        ],
        [
          -0.4994120174500106,
          0.655524554359052,
          0.5664584675498076
        ],
        [
          0.8440398846386885,
          0.5156088932484776,
          0.14745895138034062
        ]
      ],
      "id": 21,
      "t_w2c": [
        16.033255408269056,
        -5.044342510287033,
        6.125133641850068
      ]
    },
    {
      "R_w2c": [
        [
          -0.21354951157219282,
          0.5677980698247655,
          -0.7949855080506489
        ],
        [
          -0.49568765398937836,
          0.6382514183858435,
          0.5890066863890129
        ],
        [
          0.8418374877550798,
          0.5198465916323096,
          0.14515221451457913
        ]
      ],
      "id": 22,
      "t_w2c": [
        16.352888439219125,
        -5.484404024475958,
        5.320439305340673
      ]
    },
    {
      "R_w2c": [
        [
          -0.3521932254236872,
          0.5216638261334388,
          -0.7770629218213163
        ],
        [
          -0.48499869676646723,
          0.6083619388238548,
          0.6282292698731162
        ],
        [
          0.800459990318372,
          0.5981325972510625,
          0.038745322365545565
        ]
      ],
      "id": 23,
      "t_w2c": [
        16.161101911844,
        -6.20501176647081,
        7.429320914677679
      ]
    },
    {
      "R_w2c": [
        [
          -0.3555547441243171,
          0.5345249888700637,
          -0.7667228053241598
        ],
        [
          -0.47654151520641885,
          0.6020185389118642,
          0.6406885851107341
        ],
        [
          0.8040454018371485,
          0.5931751133349091,
          0.04067280055093114
        ]
      ],
      "id": 24,
      "t_w2c": [
        16.15523116435976,
        -6.485986082776,
        6.367510853401133
      ]
    },
    {
      "R_w2c": [
        [
          -0.42609343791675014,
          0.5148304977454946,
          -0.7439045239514348
        ],
        [
          -0.47031918511331683,
          0.5763729134622302,
          0.668276985045427
        ],
        [
          0.7728157906504176,
          0.6346210075455953,
          -0.0034540560480709748
        ]
      ],
      "id": 25,
      "t_w2c": [
        16.31076941288956,
        -7.049844881511557,
        6.87403917152929
      ]
    },
    {
      "R_w2c": [
        [
          -0.49995263685646885,
          0.48771828988740024,
          -0.7156662843878937
        ],
        [
          -0.4623783300496996,
          0.5484096380311849,
          0.6967446797894877
        ],
        [
          0.7322934116873611,
          0.679247921324618,
          -0.048668476198361066
        ]
      ],
      "id": 26,
      "t_w2c": [
        16.34649469362745,
        -7.483625581646493,
        7.552531183163821
      ]
    },
    {
      "R_w2c": [
        [
          -0.5237536763237839,
          0.5015215073923449,
          -0.688591507470308
        ],
        [
          -0.45502680983396776,
          0.5186479839605765,
          0.7238472705384412
        ],
        [
          0.7201615713641232,
          0.6924452659644221,
          -0.043438056745409626
        ]
      ],
      "id": 27,
      "t_w2c": [
        16.940819431470402,
        -8.198354036592596,
        7.282807496467207
      ]
    },
    {
      "R_w2c": [
        [
          -0.6038636485201424,
          0.4665523525372629,
          -0.6462798127265679
        ],
        [
          -0.4385678799911046,
          0.4825639426017211,
          0.7581492306536959
        ],
        [
          0.6655876415890323,
          0.7412563278938187,
          -0.08678794686661018
        ]
      ],
      "id": 28,
      "t_w2c": [
        16.837523585080405,
        -9.17467819232349,
        8.660900443596901
      ]
    },
    {
      "R_w2c": [
        [
          -0.6507456221688876,
          0.47002430151912494,
          -0.5963281740866234
        ],
        [
          -0.41073446555274035,
          0.442636828279353,
          0.7971008951556255
        ],
        [
          0.6386136030771129,
          0.7636424518269356,
          -0.09498879793225268
        ]
      ],
      "id": 29,
      "t_w2c": [
        16.87211524750908,
        -10.159153628500677,
        8.657781513473491
      ]
    },
    {
      "R_w2c": [
        [
          -0.6656945153615016,
          0.4598664872515339,
          -0.5876849718348688
        ],
        [
          -0.39973652504850343,
          0.4452633891449178,
          0.8012185874212665
        ],
        [
          0.6301281796267827,
          0.768285967716525,
          -0.1125839644448553
        ]
      ],
      "id": 30,
      "t_w2c": [
        16.639330006569946,
        -10.08836653225277,
        8.058731162800242
      ]
    },
    {
      "R_w2c": [
        [
          -0.5964866003424077,
          0.46422200448905493,
          -0.6547531337535704
        ],
        [
          0.673990459373993,
          0.732664332550388,
          -0.09455070851838723
        ],
        [
          0.4358217482925683,
          -0.4976955960792291,
          -0.7499056589722138
        ]
      ],
      "id": 31,
      "t_w2c": [
        17.774215406351257,
        6.570344507665881,
        9.246360389321508
      ]
    },
    {
      "R_w2c": [
        [
          -0.6159807474305911,
          0.5620917998680911,
          -0.5519243855057505
        ],
        [
          0.6670725505255254,
          0.7448595414184045,
          0.014088147264091133
        ],
        [
          0.4190249767379277,
          -0.3594955800549072,
          -0.8337751476212067
        ]
      ],
      "id": 32,
      "t_w2c": [
        17.538712949972755,
        5.099751926531166,
        12.073621995297247
      ]
    },
    {
      "R_w2c": [
        [
          -0.5419982644727441,
          0.6060644763280576,
          -0.5821715656417191
        ],
        [
          0.7384933934933051,
          0.6741102517615757,
          0.014243462945765117
        ],
        [
          0.4010802775944932,
          -0.4222099229093771,
          -0.8129411983173089
        ]
      ],
      "id": 33,
      "t_w2c": [
        18.51589348715897,
        4.250709409796112,
        12.130766893774105
      ]
    },
    {
      "R_w2c": [
        [
          -0.4720988230202591,
          0.7937862650915839,
          -0.38343978230595654
        ],
        [
          0.8409791243530376,
          0.5359675118927667,
          0.07411436161685481
        ],
        [
          0.2643422283807181,
          -0.2874755494775678,
          -0.920587309681861
        ]
      ],
      "id": 34,
      "t_w2c": [
        16.95568316949939,
        1.4770836948216184,
        15.947816228745392
      ]
    },
    {
      "R_w2c": [
        [
          -0.45791475969053214,
          0.8372466059518181,
          -0.2988849171164772
        ],
        [
          0.8620022810915776,
          0.5003844486965497,
          0.08103993395584402
        ],
        [
          0.21740777412613216,
          -0.22053009845554344,
          -0.9508419087444079
        ]
      ],
      "id": 35,
      "t_w2c": [
        16.512526217754033,
        0.7480896349182641,
        17.584592366693208
      ]
    },
    {
      "R_w2c": [
        [
          -0.49706806387127056,
          0.8086721191680308,
          -0.314599338142267
        ],
        [
          0.8327628706840278,
          0.5464501148516479,
          0.08887222956985859
        ],
        [
          0.24378133868153956,
          -0.21781110086243677,
          -0.9450550159920479
        ]
      ],
      "id": 36,
      "t_w2c": [
        16.826759326393617,
        1.1896551118832084,
        18.393987950221085
      ]
    },
    {
      "R_w2c": [
        [
          -0.4924972653797088,
          0.8494105725611956,
          -0.1895999019376616
        ],
        [
          0.8490645932739138,
          0.5167784063470872,
          0.10967859947122253
        ],
        [
          0.19114329714146985,
          -0.10696615331322111,
          -0.9757163942474577
        ]
      ],
      "id": 37,
      "t_w2c": [
        15.38772919208118,
        0.47734491341432483,
        20.196106306435823
      ]
    },
    {
      "R_w2c": [
        [
          -0.4657466801637826,
          0.8682593382345785,
          -0.17089690308740837
        ],
        [
          0.8627045076447144,
          0.48850691392199863,
          0.130774338231534
        ],
        [
          0.1970303590970334,
          -0.08652581475407654,
          -0.9765717182958132
        ]
      ],
      "id": 38,
      "t_w2c": [
        16.082301257220024,
        -0.42957903886334886,
        20.49447537876168
      ]
    },
    {
      "R_w2c": [
        [
          -0.43686310840446885,
          0.8941853792583487,
          -0.09789347289675635
        ],
        [
          0.8847954280185317,
          0.4467714707864877,
          0.13240960482072658
        ],
        [
          0.16213474357055055,
          -0.028770825707316157,
          -0.9863491088430257
        ]
      ],
      "id": 39,
      "t_w2c": [
        15.597600655516977,
        -1.2453703562426013,
        21.53484462261634
      ]
    },
    {
      "R_w2c": [
        [
          -0.40246473759315704,
          0.9144314967259799,
          -0.04286225366864814
        ],
        [
          0.9045199080293995,
          0.40443861614628296,
          0.13517818517855043
        ],
        [
          0.1409463407561825,
          0.01563469107990611,
          -0.9898937748376226
        ]
      ],
      "id": 40,
      "t_w2c": [
        15.349978262168094,
        -1.9423365507960813,
        21.858084509063183
      ]
    },
    {
      "R_w2c": [
        [
          -0.33493761943800116,
          0.8663000092334248,
          0.3705955815810177
        ],
        [
          0.9409835706986776,
          0.2872252671415,
          0.17902951039049586
        ],
        [
          0.04864885158327467,
          0.4086880716606027,
          -0.9113766232035835
        ]
      ],
      "id": 41,
      "t_w2c": [
        6.017927891406385,
        -4.595805095217367,
        26.064698864063068
      ]
    },
    {
      "R_w2c": [
        [
          -0.29016962906030264,
          0.8781917359964536,
          0.3802379007917822
        ],
        [
          0.9553286910691273,
          0.24252513268471476,
          0.16890426885194143
        ],
        [
          0.0561130857390138,
          0.41226306509775557,
          -0.9093351894461413
        ]
      ],
      "id": 42,
      "t_w2c": [
        6.471161017336321,
        -5.262066905681231,
        26.70314240097114
      ]
    },
    {
      "R_w2c": [
        [
          -0.24880929258677908,
          0.8948917250910854,
          0.3704898598962838
        ],
        [
          0.966315935145135,
          0.20337548228565228,
          0.15770835960614818
        ],
        [
          0.06578335205088079,
          0.39724956081609464,
          -0.915349844062023
        ]
      ],
      "id": 43,
      "t_w2c": [
        5.917352113535838,
        -5.560086954034253,
        25.97873769826647
      ]
    },
    {
      "R_w2c": [
        [
          -0.204795935213409,
          0.8716470449940696,
          0.4452977137524643
        ],
        [
          0.9774950396807751,
          0.15860492762226297,
          0.13909681640288052
        ],
        [
          0.05061691732558471,
          0.4637627689746593,
          -0.8845123073159648
        ]
      ],
      "id": 44,
      "t_w2c": [
        4.616962471406079,
        -5.869303219005656,
        25.99482390803228
      ]
    },
    {
      "R_w2c": [
        [
          -0.15289073832791134,
          0.8452042048444751,
          0.5121076783712233
        ],
        [
          0.9872716562923786,
          0.10766157284448796,
          0.11706264312048423
        ],
        [
          0.043807520076456274,
          0.5234871897629101,
          -0.8509066125838263
        ]
      ],
      "id": 45,
      "t_w2c": [
        3.479066980840961,
        -6.240919511033155,
        26.10463819309613
      ]
    },
    {
      "R_w2c": [
        [
          -0.08976007943443953,
          0.8169837988634792,
          0.5696319869306159
        ],
        [
          0.9949582755904594,
          0.04786637089298651,
          0.08812967928907267
        ],
        [
          0.04473430421927699,
          0.5746705864511715,
          -0.8171612809561426
        ]
      ],
      "id": 46,
      "t_w2c": [
        2.43711860818451,
        -6.765606678644968,
        26.370093316369676
      ]
    },
    {
      "R_w2c": [
        [
          -0.02457760903704287,
          0.7561163897362477,
          0.65397549365878
        ],
        [
          0.9989204297082319,
          -0.007220437564908533,
          0.045889436615551504
        ],
        [
          0.03941974436172463,
          0.6543973337763489,
          -0.7551226478532227
        ]
      ],
      "id": 47,
      "t_w2c": [
        0.25851281287402494,
        -6.867608594099444,
        26.221374183617684
      ]
    },
    {
      "R_w2c": [
        [
          0.04254501931498167,
          0.6872530877638154,
          0.7251710933914768
        ],
        [
          0.998183124130336,
          -0.06023512016120547,
          -0.0014768211021649602
        ],
        [
          0.042665818085330875,
          0.7239163789128321,
          -0.6885671385630036
        ]
      ],
      "id": 48,
      "t_w2c": [
        -1.8033463118825444,
        -6.7378611377452815,
        25.78440873945905
      ]
    },
    {
      "R_w2c": [
        [
          0.12078809805069957,
          0.5827946684741075,
          0.8035923156473372
        ],
        [
          0.9916387715144713,
          -0.10787742494935382,
          -0.07081672129918737
        ],
        [
          0.045417862109139895,
          0.8054271137629101,
          -0.590952098073087
        ]
      ],
      "id": 49,
      "t_w2c": [
        -4.644895761725408,
        -6.41102379337632,
        25.56872720458646
      ]
    },
    {
      "R_w2c": [
        [
          0.18419142209331385,
          0.47646907079122475,
          0.8596806061593978
        ],
        [
          0.9824066650878818,
          -0.11668252545385305,
          -0.14581609185757677
        ],
        [
          0.030832846416590287,
          0.8714140306611189,
          -0.4895783111503136
        ]
      ],
      "id": 50,
      "t_w2c": [
        -7.080449589807018,
        -5.34857582664269,
        25.299113357867366
      ]
    },
    {
      "R_w2c": [
        [
          0.24119388299507938,
          0.4043213645888768,
          0.8822413189954007
        ],
        [
          0.9700949415401132,
          -0.12595154661403762,
          -0.2074897884326269
        ],
        [
          0.027227104216942077,
          0.9059031085290085,
          -0.4226088531413407
        ]
      ],
      "id": 51,
      "t_w2c": [
        -8.291037384917217,
        -4.652764154479003,
        24.502433793874772
      ]
    },
    {
      "R_w2c": [
        [
          0.322620762528286,
          0.3409064264600776,
          0.8830054654326249
        ],
        [
          0.9463462576150017,
          -0.13447039255100673,
          -0.29384770583630354
        ],
        [
          0.018563520241262954,
          0.9304302885898532,
          -0.3659984614596821
        ]
      ],
      "id": 52,
      "t_w2c": [
        -9.238438305332128,
        -3.7567275622784617,
        24.446397931790163
      ]
    },
    {
      "R_w2c": [
        [
          0.4199387420542726,
          0.30662613425479446,
          0.8541849136538509
        ],
        [
          0.9074364639847423,
          -0.12681552110086225,
          -0.40059566577633443
        ],
        [
          -0.014509195454714796,
          0.9433441775936703,
          -0.3314984854375346
        ]
      ],
      "id": 53,
      "t_w2c": [
        -9.47169717188168,
        -1.8230786618447965,
        25.14806063587656
      ]
    },
    {
      "R_w2c": [
        [
          0.47744592844570605,
          0.3476046832727247,
          0.8069797826324315
        ],
        [
          0.8743597033104533,
          -0.09719112123708251,
          -0.47544610123497144
        ],
        [
          -0.08683602154333092,
          0.932590408550049,
          -0.3503350328513817
        ]
      ],
      "id": 54,
      "t_w2c": [
        -8.229159372698764,
        -0.0861914329603024,
        26.61651823225105
      ]
    },
    {
      "R_w2c": [
        [
          0.5414111260304955,
          0.23268098326380465,
          0.8079192735897445
        ],
        [
          0.8393751626623374,
          -0.09449878396707223,
          -0.5352749911347623
        ],
        [
          -0.048200922355969456,
          0.967951207373664,
          -0.24646933121161355
        ]
      ],
      "id": 55,
      "t_w2c": [
        -10.248973447356553,
        0.7851348374094462,
        25.61998976715964
      ]
    },
    {
      "R_w2c": [
        [
          0.5490219559962953,
          0.09367522333743455,
          0.8305418980200119
        ],
        [
          0.8318103036916369,
          -0.15831154059685157,
          -0.532004769514596
        ],
        [
          0.08164870180492106,
          0.9829356075789162,
          -0.16483652764796367
        ]
      ],
      "id": 56,
      "t_w2c": [
        -12.74369566944825,
        -0.6924765143589734,
        23.87336401115422
      ]
    },
    {
      "R_w2c": [
        [
          0.5524659538673334,
          0.01001389505104544,
          0.8334753096063275
        ],
        [
          0.818674908121154,
          -0.19449156116850308,
          -0.5403188201858773
        ],
        [
          0.1566932182012899,
          0.9808530748996735,
          -0.11564809047095348
        ]
      ],
      "id": 57,
      "t_w2c": [
        -13.750924630806427,
        -1.2432064084925054,
        22.3375723433904
      ]
    },
    {
      "R_w2c": [
        [
          0.5620358022243819,
          -0.04258730484211115,
          0.8260157858565904
        ],
        [
          0.8082309861397106,
          -0.1838930762636919,
          -0.5594157752029408
        ],
        [
          0.17572259405559304,
          0.9820232471629994,
          -0.06893411325180149
        ]
      ],
      "id": 58,
      "t_w2c": [
        -13.937231668091068,
        -0.5197628317690908,
        21.296115277225194
      ]
    },
    {
      "R_w2c": [
        [
          0.5556728949007996,
          -0.2168072371976721,
          0.8026345717518507
        ],
        [
          0.7963511619342016,
          -0.1385578372259058,
          -0.588749991617262
        ],
        [
          0.23885656942736866,
          0.9663313860379323,
          0.09566186073559726
        ]
      ],
      "id": 59,
      "t_w2c": [
        -16.413712728141853,
        0.6156453227528846,
        18.632921771873455
      ]
    },
    {
      "R_w2c": [
        [
          0.5570549130975557,
          -0.2941742456284073,
          0.7766281845277263
        ],
        [
          0.7870691893741704,
          -0.11136791037620306,
          -0.6067283409206499
        ],
        [
          0.2649753100418244,
          0.949241118866748,
          0.16949744340503647
        ]
      ],
      "id": 60,
      "t_w2c": [
        -16.89511907487058,
        1.298248860902969,
        17.738093791782777
      ]
    },
    {
      "R_w2c": [
        [
          0.5516757198983291,
          -0.3840004981135079,
          0.7404036179836226
        ],
        [
          0.7824137909888815,
          -0.06925559737602233,
          -0.6188960509669592
        ],
        [
          0.2889334867146194,
          0.9207319260678799,
          0.26224065393120266
        ]
      ],
      "id": 61,
      "t_w2c": [
        -17.464244704217514,
        2.098683945445524,
        16.098899940310034
      ]
    },
    {
      "R_w2c": [
        [
          0.5649520479355787,
          -0.4495507098197009,
          0.6919055880927678
        ],
        [
          0.7661815098247493,
          -0.02542817418210805,
          -0.6421209402911824
        ],
        [
          0.3062598203095917,
          0.8928928083809208,
          0.3300717425130017
        ]
      ],
      "id": 62,
      "t_w2c": [
        -17.45140109645416,
        3.2283039329704515,
        14.558682349234246
      ]
    },
    {
      "R_w2c": [
        [
          0.5816179612535787,
          -0.5016394451889229,
          0.6403736520015328
        ],
        [
          0.7412068786011662,
          0.002460393730751454,
          -0.6712721576059935
        ],
        [
          0.3351610213935189,
          0.8650732994915744,
          0.3732496165372632
        ]
      ],
      "id": 63,
      "t_w2c": [
        -17.120987317006744,
        3.9504087100488565,
        13.502334491063355
      ]
    },
    {
      "R_w2c": [
        [
          0.5839945575913512,
          -0.5783561067253569,
          0.5696091383722433
        ],
        [
          0.716492319196635,
          0.037422087094286516,
          -0.6965905138097522
        ],
        [
          0.3815614147629567,
          0.814925641522584,
          0.43624200342596037
        ]
      ],
      "id": 64,
      "t_w2c": [
        -17.097127809259796,
        4.733582269904716,
        11.845128957986137
      ]
    },
    {
      "R_w2c": [
        [
          0.5961003155039546,
          -0.6223108330664429,
          0.5073397686996709
        ],
        [
          0.6870913405074923,
          0.06844873656929787,
          -0.723339657603317
        ],
        [
          0.4154153387342635,
          0.7797717598824777,
          0.4683866979687621
        ]
      ],
      "id": 65,
      "t_w2c": [
        -16.548726716510185,
        5.4731590516083894,
        10.552364273242294
      ]
    },
    {
      "R_w2c": [
        [
          0.5911754296636204,
          -0.6842607512680227,
          0.42696467726985926
        ],
        [
          0.6603881642910926,
          0.10674748427846503,
          -0.7432983566943087
        ],
        [
          0.46303248679361014,
          0.7213821448264021,
          0.5149841913101655
        ]
      ],
      "id": 66,
      "t_w2c": [
        -16.116652953206028,
        6.415564746164867,
        8.978898366028835
      ]
    },
    {
      "R_w2c": [
        [
          0.5802776373291405,
          -0.7436115799653413,
          0.3321440677735479
        ],
        [
          0.630599796600714,
          0.15215713609550346,
          -0.7610467150328898
        ],
        [
          0.5153850600695061,
          0.6510683712765221,
          0.5572146945123471
        ]
      ],
      "id": 67,
      "t_w2c": [
        -15.543604432436101,
        7.173899106530276,
        7.339885203209142
      ]
    },
    {
      "R_w2c": [
        [
          0.595924829886225,
          -0.7479473621469926,
          0.29231548125685924
        ],
        [
          0.6108873984096818,
          0.1859569455895086,
          -0.7695691007643637
        ],
        [
          0.5212390848634862,
          0.6371771793185754,
          0.5677279793759504
        ]
      ],
      "id": 68,
      "t_w2c": [
        -14.304303739118783,
        7.430783578961455,
        7.138325567790131
      ]
    },
    {
      "R_w2c": [
        [
          0.5748066126580437,
          -0.8003222215239707,
          0.1705335737604838
        ],
        [
          0.5759090459038236,
          0.2476147040245743,
          -0.779112141605411
        ],
        [
          0.5813141395929858,
          0.5460506387559299,
          0.6032433762781881
        ]
      ],
      "id": 69,
      "t_w2c": [
        -13.471985464654967,
        8.361943560690747,
        5.342299472749484
      ]
    },
    {
      "R_w2c": [
        [
          0.5904419120547363,
          -0.7992300968272744,
          0.11229247888711222
        ],
        [
          0.5349520470762482,
          0.2833722242204732,
          -0.795943773057666
        ],
        [
          0.604321649304473,
          0.5300296547041565,
          0.5948646142746381
        ]
      ],
      "id": 70,
      "t_w2c": [
        -12.154140495229907,
        8.931789472418762,
        5.359860210901718
      ]
    },
    {
      "R_w2c": [
        [
          0.5901157654226957,
          -0.802173244778125,
          0.0910025755773991
        ],
        [
          0.5249996585813549,
          0.29567438494547177,
          -0.798092736827355
        ],
        [
          0.6133015097723523,
          0.5187434273793271,
          0.5956227956195952
        ]
      ],
      "id": 71,
      "t_w2c": [
        -11.232445224017289,
        8.75559873150062,
        4.821808059634008
      ]
    },
    {
      "R_w2c": [
        [
          0.5106785302712212,
          -0.8549621549117918,
          -0.09081383368524071
        ],
        [
          0.45723877848110916,
          0.35951695215725443,
          -0.8134373120066853
        ],
        [
          0.7281072298591249,
          0.3738813645799208,
          0.5745194400947002
        ]
      ],
      "id": 72,
      "t_w2c": [
        -10.144214912675286,
        9.906316508322154,
        3.013943796452245
      ]
    },
    {
      "R_w2c": [
        [
          0.4520321313091844,
          -0.8685271572369824,
          -0.20329173472112066
        ],
        [
          0.41832970808867986,
          0.40770241138749436,
          -0.8116520184655873
        ],
        [
          0.7878243507245228,
          0.2818498197456733,
          0.5476253021134208
        ]
      ],
      "id": 73,
      "t_w2c": [
        -8.896545301154754,
        10.845477314829322,
        2.211523585916761
      ]
    },
    {
      "R_w2c": [
        [
          0.44368485768808835,
          -0.8576364779681505,
          -0.2600065743720477
        ],
        [
          0.3816084591325086,
          0.4433112744558271,
          -0.811079587869688
        ],
        [
          0.8108752869441844,
          0.26064302330723665,
          0.5239718345717163
        ]
      ],
      "id": 74,
      "t_w2c": [
        -7.486204655190359,
        11.024888189523345,
        2.3258444031568084
      ]
    },
    {
      "R_w2c": [
        [
          0.4181033565059026,
          -0.8449819663961577,
          -0.3334592325064349
        ],
        [
          0.3656009507621211,
          0.492567003620612,
          -0.7897554632581183
        ],
        [
          0.8315801393012769,
          0.20828639756233347,
          0.514870127809115
        ]
      ],
      "id": 75,
      "t_w2c": [
        -6.09270247169182,
        11.244943441882054,
        2.2236375176723
      ]
    },
    {
      "R_w2c": [
        [
          0.36192891672547467,
          -0.831935905552312,
          -0.4205830575412888
        ],
        [
          0.3460080498796426,
          0.5388282474867673,
          -0.7680771765446659
        ],
        [
          0.8656130132203486,
          0.13246421691609317,
          0.4828740442189817
        ]
      ],
      "id": 76,
      "t_w2c": [
        -4.653884630914902,
        11.69409343457616,
        1.5856975874914543
      ]
    },
    {
      "R_w2c": [
        [
          0.2947420855975411,
          -0.8095822626693245,
          -0.5076452136569677
        ],
        [
          0.33804863112091493,
          0.5852304177314853,
          -0.7370403524632192
        ],
        [
          0.893784216673626,
          0.04562804108273383,
          0.44617020955243636
        ]
      ],
      "id": 77,
      "t_w2c": [
        -3.128459617345686,
        11.946351508085828,
        0.9827037716614673
      ]
    },
    {
      "R_w2c": [
        [
          0.27119001110143626,
          -0.7811080229860969,
          -0.562428870441013
        ],
        [
          0.3227709556634002,
          0.6242920795951604,
          -0.7113918115461304
        ],
        [
          0.906793740637273,
          0.011386649265733406,
          0.42142075905152204
        ]
      ],
      "id": 78,
      "t_w2c": [
        -1.5859823086286349,
        12.09929025782439,
        0.7554182546891428
      ]
    },
    {
      "R_w2c": [
        [
          0.2411911496199931,
          -0.7436298052448012,
          -0.623571601419248
        ],
        [
          0.3095868075683694,
          0.6679264167126904,
          -0.676779366143037
        ],
        [
          0.9197732535383988,
          -0.029816348014551408,
          0.39131591772692265
        ]
      ],
      "id": 79,
      "t_w2c": [
        0.05579686280998341,
        12.15774380968293,
        0.4945097945401824
      ]
    },
    {
      "R_w2c": [
