{
  "frame_001": {
    "R_w2c": [
      [
        1.0,
        0.0,
        0.0
      ],
      [
        0.0,
        1.0,
        0.0
      ],
      [
        0.0,
        0.0,
        1.0
      ]
    ],
    "t_w2c": [
      0.0,
      0.0,
      0.0
    ]
  },
  "frame_003": {
    "R_w2c": [
      [
        0.999442,
        -0.006888,
        0.032695
      ],
      [
        0.00626,
        0.999795,
        0.01928
      ],
      [
        -0.032821,
        -0.019064,
        0.999279
      ]
    ],
    "t_w2c": [
      0.5073693188933519,
      0.0019286711246328042,
      -0.861726259813515
    ]
  },
  "frame_004": {
    "R_w2c": [
      [
        0.9994014304919999,
        -0.010983147604,
        0.03282769182800001
      ],
      [
        0.010201303894000001,
        0.99966326565,
        0.023898172357
      ],
      [
        -0.033079631512,
        -0.023548298397,
        0.9991749453050001
      ]
    ],
    "t_w2c": [
      1.4557932391176533,
      -0.1414733249141794,
      -1.1448129649664613
    ]
  },
  "frame_005": {
    "R_w2c": [
      [
        0.9996040771266717,
        -0.012850195232742346,
        0.025059023636048536
      ],
      [
        0.012404345687801783,
        0.9997636826140082,
        0.017878448945204538
      ],
      [
        -0.025283712102118668,
        -0.017560190016130992,
        0.999526130258195
      ]
    ],
    "t_w2c": [
      2.2664120091973508,
      -0.13292644058278313,
      -1.7323076397851631
    ]
  },
  "frame_006": {
    "R_w2c": [
      [
        0.9998573987636066,
        -0.010427667477608817,
        0.013363425845131999
      ],
      [
        0.010403529910450033,
        0.9999443788619397,
        0.0018904580796404156
      ],
      [
        -0.013383403822487337,
        -0.0017498930652991979,
        0.999908821754868
      ]
    ],
    "t_w2c": [
      3.1498454577595547,
      -0.10725892999665583,
      -2.2118180013284623
    ]
  },
  "frame_007": {
    "R_w2c": [
      [
        0.9999965311195826,
        9.320816097904461e-05,
        -0.002903768754313154
      ],
      [
        -0.00012760184075794368,
        0.9999273102790401,
        -0.01206977373081097
      ],
      [
        0.0029018915356772306,
        0.0120714356451771,
        0.9999229623817566
      ]
    ],
    "t_w2c": [
      4.017813270884586,
      -0.07988055338989636,
      -2.713409350496317
    ]
  },
  "frame_008": {
    "R_w2c": [
      [
        0.9997053582597072,
        0.011239881120936854,
        -0.02155190266455365
      ],
      [
        -0.011619683311184003,
        0.9997781413993005,
        -0.01759404417679446
      ],
      [
        0.021348548625432947,
        0.017840478371175254,
        0.9996127654673849
      ]
    ],
    "t_w2c": [
      4.745170672262008,
      -0.3220605049335861,
      -3.342376824685634
    ]
  },
  "frame_009": {
    "R_w2c": [
      [
        0.9994507613631027,
        0.02186965168716463,
        -0.02494140607939588
      ],
      [
        -0.02232619746333399,
        0.9995846524872335,
        -0.018221258144479283
      ],
      [
        0.024531103071225812,
        0.018769073388874874,
        0.9995222195322316
      ]
    ],
    "t_w2c": [
      3.756507610098657,
      -0.2959582435419893,
      -3.3844697648117803
    ]
  },
  "frame_010": {
    "R_w2c": [
      [
        0.9991369981256357,
        0.018797143991967552,
        -0.037081828691110166
      ],
      [
        -0.01936013424850749,
        0.9997008146724128,
        -0.014934637230808597
      ],
      [
        0.036788242804384357,
        0.015640573021876145,
        0.9992000831859618
      ]
    ],
    "t_w2c": [
      2.8627422425207545,
      -0.2734777072475594,
      -3.6897073930387947
    ]
  },
  "frame_011": {
    "R_w2c": [
      [
        0.998187107418459,
        0.005407892440773535,
        -0.05997076216032311
      ],
      [
        -0.006363704453766257,
        0.9998546355001927,
        -0.015795869227812898
      ],
      [
        0.0598749400156184,
        0.01614992572804473,
        0.9980748592117288
      ]
    ],
    "t_w2c": [
      2.0107096476815953,
      -0.25169092424725176,
      -3.963668249669663
    ]
  },
  "frame_012": {
    "R_w2c": [
      [
        0.9973104394811938,
        -0.010301366712436347,
        -0.07259387658896238
      ],
      [
        0.008834365023884575,
        0.9997495348149829,
        -0.020533297273035402
      ],
      [
        0.07278596062312429,
        0.019837032520388424,
        0.9971494681589208
      ]
    ],
    "t_w2c": [
      1.0937207083397973,
      -0.1577807115655705,
      -4.169805138027581
    ]
  },
  "frame_013": {
    "R_w2c": [
      [
        0.9969292732215739,
        -0.019630800864896093,
        -0.07583129034300697
      ],
      [
        0.01775944902254462,
        0.9995216107207633,
        -0.025308010644264495
      ],
      [
        0.07629066418538819,
        0.023883893447324965,
        0.9967990959836506
      ]
    ],
    "t_w2c": [
      0.11884359231911688,
      -0.11100850900033024,
      -4.301759944720991
    ]
  },
  "frame_014": {
    "R_w2c": [
      [
        0.9954283977152025,
        -0.02067180464360399,
        -0.09326270567578447
      ],
      [
        0.018118240701128805,
        0.9994388810618204,
        -0.028165552083421336
      ],
      [
        0.09379183620078478,
        0.026346925706650138,
        0.9952430956867111
      ]
    ],
    "t_w2c": [
      -0.7258954230131734,
      -0.13218453900529686,
      -4.6894943011101535
    ]
  },
  "frame_015": {
    "R_w2c": [
      [
        0.9938701033880939,
        -0.017970123140265786,
        -0.10910006662183318
      ],
      [
        0.01472194839565445,
        0.9994251205170639,
        -0.03051883705843377
      ],
      [
        0.10958449628349186,
        0.02872581243589361,
        0.993562190410233
      ]
    ],
    "t_w2c": [
      -1.6133177244483548,
      -0.08949360992228475,
      -4.974578000879851
    ]
  },
  "frame_016": {
    "R_w2c": [
      [
        0.9918957316607157,
        -0.013959641107961345,
        -0.12629862614437962
      ],
      [
        0.010348197438443866,
        0.9995191087526442,
        -0.029222893634508456
      ],
      [
        0.12664509527741938,
        0.0276800220751635,
        0.9915617560681869
      ]
    ],
    "t_w2c": [
      -2.483371896910594,
      -0.07589870559741675,
      -5.296609354546
    ]
  },
  "frame_017": {
    "R_w2c": [
      [
        0.9886791442336307,
        -0.015610589054194492,
        -0.1492401470266069
      ],
      [
        0.012377336556385638,
        0.9996682293457599,
        -0.0225829740546157
      ],
      [
        0.14954193385250797,
        0.020481449595347864,
        0.9885427457167614
      ]
    ],
    "t_w2c": [
      -3.3123131649997863,
      -0.101007092537574,
      -5.656116603914629
    ]
  },
  "frame_018": {
    "R_w2c": [
      [
        0.9865246844500604,
        -0.015927246554116304,
        -0.1628433210905675
      ],
      [
        0.013572902819924218,
        0.9997867894091655,
        -0.01557288019517401
      ],
      [
        0.16305501641467493,
        0.013154315510067847,
        0.9865289476734602
      ]
    ],
    "t_w2c": [
      -4.22522462676743,
      -0.1670933468554567,
      -5.830663222901707
    ]
  },
  "frame_019": {
    "R_w2c": [
      [
        0.9837261196863478,
        -0.018870642722922555,
        -0.17868670311232232
      ],
      [
        0.01753786546340343,
        0.9998056725824219,
        -0.009043689179004801
      ],
      [
        0.1788218939390688,
        0.005764273189307612,
        0.9838643625115183
      ]
    ],
    "t_w2c": [
      -5.027962851570313,
      -0.2176816773864369,
      -6.337056434850269
    ]
  },
  "frame_020": {
    "R_w2c": [
      [
        0.9824542610366362,
        -0.019271152552599202,
        -0.1855120878572965
      ],
      [
        0.017378982203907035,
        0.9997793060194679,
        -0.011823986267991223
      ],
      [
        0.1856982881377898,
        0.00839449957297754,
        0.9825706778000374
      ]
    ],
    "t_w2c": [
      -3.984359273640011,
      -0.20775600480664047,
      -6.337997929235835
    ]
  },
  "frame_021": {
    "R_w2c": [
      [
        0.982053445410693,
        -0.014748017248183573,
        -0.18803458147240945
      ],
      [
        0.01100078306890826,
        0.9997201368141503,
        -0.020956230372339686
      ],
      [
        0.1882904985514554,
        0.01851421294206665,
        0.9819383571274932
      ]
    ],
    "t_w2c": [
      -2.9782662047616624,
      -0.1722776272948658,
      -6.474557686302592
    ]
  },
  "frame_022": {
    "R_w2c": [
      [
        0.9818665382047737,
        -0.010969680195796045,
        -0.1892645455203135
      ],
      [
        0.004442593588525902,
        0.9993824308528937,
        -0.03487654240986501
      ],
      [
        0.18952944733938568,
        0.0334055066834144,
        0.9813059922187987
      ]
    ],
    "t_w2c": [
      -1.980104253574818,
      -0.14973095216157453,
      -6.580933960675417
    ]
  },
  "frame_024": {
    "R_w2c": [
      [
        0.9775169729649795,
        -0.01493578071473512,
        -0.21033658742584058
      ],
      [
        0.006408457079027989,
        0.9991322337563596,
        -0.04116431089241428
      ],
      [
        0.21076771875926884,
        0.038893052421760346,
        0.976761452486795
      ]
    ],
    "t_w2c": [
      -2.7833107832567214,
      -0.06655322962018394,
      -6.941518281606928
    ]
  },
  "frame_025": {
    "R_w2c": [
      [
        0.9720631510388996,
        -0.028610711433283715,
        -0.23297634974050088
      ],
      [
        0.020611343545262853,
        0.999114137519508,
        -0.03669630443559995
      ],
      [
        0.23381847639363804,
        0.030871696269090577,
        0.9717895009377642
      ]
    ],
    "t_w2c": [
      -3.5841558140957686,
      -0.15785396445538558,
      -7.256188254627729
    ]
  },
  "frame_026": {
    "R_w2c": [
      [
        0.9665495892758773,
        -0.03956691637358181,
        -0.25341657372309706
      ],
      [
        0.030604164014098774,
        0.9987625034317901,
        -0.03921296043740197
      ],
      [
        0.25465299175887,
        0.030148781579950247,
        0.9665618291575224
      ]
    ],
    "t_w2c": [
      -4.40480904053261,
      -0.19945285755123668,
      -7.534161094625792
    ]
  },
  "frame_027": {
    "R_w2c": [
      [
        0.9616537261042502,
        -0.04569719723781107,
        -0.2704381755155233
      ],
      [
        0.03376701876664879,
        0.9982476744402572,
        -0.04860698422543706
      ],
      [
        0.27218450192162474,
        0.037614361571355205,
        0.9615093636368679
      ]
    ],
    "t_w2c": [
      -5.2496117127504505,
      -0.17487321174987494,
      -7.8046099011535395
    ]
  },
  "frame_028": {
    "R_w2c": [
      [
        0.957478640099357,
        -0.04343079009656013,
        -0.28521997525803927
      ],
      [
        0.026962760629219353,
        0.9977489950475072,
        -0.0614141613127314
      ],
      [
        0.28724423558051604,
        0.05111566092582512,
        0.9564924288117335
      ]
    ],
    "t_w2c": [
      -6.1159564897022705,
      -0.016074678967535283,
      -8.051279688477399
    ]
  },
  "frame_029": {
    "R_w2c": [
      [
        0.9523405792928521,
        -0.03761449327152883,
        -0.3027124294356717
      ],
      [
        0.01711401156566863,
        0.9973946663827511,
        -0.07009367237536498
      ],
      [
        0.30455975145856545,
        0.06157534634603706,
        0.9505003189492008
      ]
    ],
    "t_w2c": [
      -6.95858742890334,
      0.11949147018524006,
      -8.314189457583339
    ]
  },
  "frame_030": {
    "R_w2c": [
      [
        0.9462734853171246,
        -0.030074900482439423,
        -0.32197009156355694
      ],
      [
        0.008580060794528612,
        0.9976510724058147,
        -0.06797235998497078
      ],
      [
        0.32325825085756227,
        0.061561106710905665,
        0.9443057638211846
      ]
    ],
    "t_w2c": [
      -7.784713668854036,
      0.21302413750316543,
      -8.568717795666304
    ]
  },
  "frame_031": {
    "R_w2c": [
      [
        0.9410477645845089,
        -0.024492141422694975,
        -0.3373902940972903
      ],
      [
        0.007131991490304191,
        0.9985908654748732,
        -0.052596805168682474
      ],
      [
        0.3382035053794837,
        0.0470929547227551,
        0.9398934940676767
      ]
    ],
    "t_w2c": [
      -8.558085968694883,
      0.13095272943373984,
      -9.103860600759505
    ]
  },
  "frame_032": {
    "R_w2c": [
      [
        0.9367929755826908,
        -0.02033615608063262,
        -0.34929558661018967
      ],
      [
        0.010302884017346078,
        0.9994806662115527,
        -0.03055955908048828
      ],
      [
        0.3497364622983421,
        0.025031765707082657,
        0.9365126702258582
      ]
    ],
    "t_w2c": [
      -9.36282710473682,
      -0.008382760636120035,
      -9.604069611799643
    ]
  },
  "frame_033": {
    "R_w2c": [
      [
        0.9318034174793405,
        -0.01737426421287191,
        -0.3625490928871791
      ],
      [
        0.01377750170854652,
        0.9998277928882927,
        -0.012506337387284681
      ],
      [
        0.36270404658669686,
        0.006660996744853696,
        0.9318790914717802
      ]
    ],
    "t_w2c": [
      -8.234956248703357,
      -0.19173314746680775,
      -9.610572130755358
    ]
  },
  "frame_034": {
    "R_w2c": [
      [
        0.9272018107967234,
        -0.016666383402882443,
        -0.37419186646605485
      ],
      [
        0.01593468819125066,
        0.9998613212634465,
        -0.005052222177806859
      ],
      [
        0.37422469102331685,
        -0.001275918991837525,
        0.9273358828115835
      ]
    ],
    "t_w2c": [
      -7.143936519967542,
      -0.18857493183701032,
      -9.479931568221895
    ]
  },
  "frame_035": {
    "R_w2c": [
      [
        0.9224785437458701,
        -0.021825654300246296,
        -0.38543051528788486
      ],
      [
        0.019260432545520637,
        0.9997606892139248,
        -0.010519159351954938
      ],
      [
        0.3855685945927808,
        0.002282284047447517,
        0.9226745714628748
      ]
    ],
    "t_w2c": [
      -6.116795991214089,
      -0.15660076273469442,
      -9.15378654950459
    ]
  },
  "frame_036": {
    "R_w2c": [
      [
        0.9175923112724887,
        -0.029875903385621704,
        -0.39639930959487496
      ],
      [
        0.02133366727998448,
        0.9994373991955651,
        -0.025944507729444826
      ],
      [
        0.396951384818248,
        0.015351996746875424,
        0.9177089842403632
      ]
    ],
    "t_w2c": [
      -6.990657689826057,
      -0.038046555098157166,
      -9.390655724457124
    ]
  },
  "frame_037": {
    "R_w2c": [
      [
        0.9133092763739634,
        -0.036051549922322526,
        -0.40566913942948346
      ],
      [
        0.022411676784084695,
        0.9990158337985168,
        -0.0383290334448915
      ],
      [
        0.4066513617700662,
        0.025916416258890424,
        0.9132134833494621
      ]
    ],
    "t_w2c": [
      -7.883343502380268,
      0.15700377292693302,
      -9.504300893167683
    ]
  },
  "frame_038": {
    "R_w2c": [
      [
        0.908747545431228,
        -0.03585758892855903,
        -0.4158036216114882
      ],
      [
        0.023758513247508446,
        0.9991335048207982,
        -0.03423991397006508
      ],
      [
        0.41667069367943027,
        0.021238363859691155,
        0.9088069263236451
      ]
    ],
    "t_w2c": [
      -8.757309015968083,
      0.03602114794757206,
      -9.772009394044533
    ]
  },
  "frame_039": {
    "R_w2c": [
      [
        0.9027785949383779,
        -0.033621477719717026,
        -0.42878914833073606
      ],
      [
        0.021883568862092938,
        0.999241279062597,
        -0.0322791711259808
      ],
      [
        0.4295485100759416,
        0.019759315808306286,
        0.9028250470313567
      ]
    ],
    "t_w2c": [
      -9.403441441355929,
      0.6191693857006567,
      -10.132096653483012
    ]
  },
  "frame_040": {
    "R_w2c": [
      [
        0.8826320334609309,
        -0.039187435595674926,
        -0.46842794817087796
      ],
      [
        0.029641395860995953,
        0.999178030072106,
        -0.027739134161097974
      ],
      [
        0.4691288618875837,
        0.010600317785379778,
        0.8830630136103147
      ]
    ],
    "t_w2c": [
      -9.494283185424244,
      1.2679926982160286,
      -10.866550561251678
    ]
  },
  "frame_041": {
    "R_w2c": [
      [
        0.8803950028568754,
        -0.005585674259021231,
        -0.474207423707981
      ],
      [
        -0.026251852770199004,
        0.9978259458597536,
        -0.0604936262721637
      ],
      [
        0.47351376142258284,
        0.06570960016302754,
        0.8783293270544905
      ]
    ],
    "t_w2c": [
      -9.379170230519453,
      1.1890425388476196,
      -10.752162875058772
    ]
  },
  "frame_042": {
    "R_w2c": [
      [
        0.893589088191821,
        0.02124957995121955,
        -0.4483811045142636
      ],
      [
        -0.029155377984689944,
        0.9995203534593845,
        -0.010738626508968159
      ],
      [
        0.44793734460307805,
        0.022670658957036755,
        0.8937742034415923
      ]
    ],
    "t_w2c": [
      -9.301457095280758,
      1.0350733304249136,
      -11.437985126943625
    ]
  },
  "frame_043": {
    "R_w2c": [
      [
        0.9127942327450894,
        0.01250555574177946,
        -0.4082263882159178
      ],
      [
        -0.0029758949238981253,
        0.9997114876831975,
        0.023965512199929165
      ],
      [
        0.40840773356968924,
        -0.020659206652098427,
        0.9125618676957735
      ]
    ],
    "t_w2c": [
      -10.44292162191247,
      0.5440643544880828,
      -10.274943119707263
    ]
  },
  "frame_044": {
    "R_w2c": [
      [
        0.9153124698573343,
        -0.00942845487514977,
        -0.40263299725219615
      ],
      [
        0.012100880503086721,
        0.9999218077155345,
        0.0040885072316573816
      ],
      [
        0.40256165663134436,
        -0.008612836104494263,
        0.9153479320993478
      ]
    ],
    "t_w2c": [
      -11.486512097046052,
      0.560590276139116,
      -10.426022374325248
    ]
  },
  "frame_045": {
    "R_w2c": [
      [
        0.9165741401444444,
        -0.01380738698000566,
        -0.3996250140242066
      ],
      [
        0.006011962755213054,
        0.9997700373496028,
        -0.020759892936269425
      ],
      [
        0.39981866415894957,
        0.016627032606410373,
        0.9164389358913226
      ]
    ],
    "t_w2c": [
      -12.430385117781304,
      0.8226173814188592,
      -10.78954108256662
    ]
  },
  "frame_046": {
    "R_w2c": [
      [
        0.9340096010556119,
        -0.028779807607673152,
        -0.35608527756839314
      ],
      [
        0.014307618672084325,
        0.9989667873639312,
        -0.04321662970003866
      ],
      [
        0.35696027165384814,
        0.035272125438369085,
        0.9334488239578378
      ]
    ],
    "t_w2c": [
      -11.964817827389385,
      0.7292637264530154,
      -9.939492967533752
    ]
  },
  "frame_047": {
    "R_w2c": [
      [
        0.9421583405016446,
        -0.05009377928412735,
        -0.33140182164268916
      ],
      [
        0.03385619982744432,
        0.9979380756225549,
        -0.05460098243055312
      ],
      [
        0.33345331960180863,
        0.04022494243809537,
        0.9419038339636339
      ]
    ],
    "t_w2c": [
      -11.234648224814757,
      0.45996940627617006,
      -9.497643549200356
    ]
  },
  "frame_048": {
    "R_w2c": [
      [
        0.9415305315149045,
        -0.0563549663867144,
        -0.3321798264664138
      ],
      [
        0.03298453625508344,
        0.9965967270335041,
        -0.07559061073045999
      ],
      [
        0.3353090820389816,
        0.06021624396644739,
        0.9401776465288615
      ]
    ],
    "t_w2c": [
      -10.311506557255631,
      0.5744623991576844,
      -9.096623587609335
    ]
  },
  "frame_049": {
    "R_w2c": [
      [
        0.9463360481116373,
        -0.05858621537362498,
        -0.3178283916343792
      ],
      [
        0.03131728992574671,
        0.9954295138523842,
        -0.09025119347858607
      ],
      [
        0.32166321751878524,
        0.07545700428749812,
        0.9438384962951857
      ]
    ],
    "t_w2c": [
      -9.480654267341908,
      0.7363920230919836,
      -8.688779927641447
    ]
  },
  "frame_050": {
    "R_w2c": [
      [
        0.9523034235978011,
        -0.05901393791728999,
        -0.29939024728202807
      ],
      [
        0.03592340474681379,
        0.9959825555649102,
        -0.08206591414940813
      ],
      [
        0.30303103538775433,
        0.0673989025668836,
        0.9505899267051391
      ]
    ],
    "t_w2c": [
      -8.658547681276248,
      0.5732327544661503,
      -8.38088945063784
    ]
  },
  "frame_051": {
    "R_w2c": [
      [
        0.9564777014652364,
        -0.060422059672150565,
        -0.2854811558922021
      ],
      [
        0.04415240946715181,
        0.9970334738729615,
        -0.06310257621154504
      ],
      [
        0.28844740739588176,
        0.04775423837201888,
        0.9562992477416418
      ]
    ],
    "t_w2c": [
      -7.785649041031283,
      0.30408946755228905,
      -8.18825480024243
    ]
  },
  "frame_052": {
    "R_w2c": [
      [
        0.9613369430549437,
        -0.06159314528350268,
        -0.26839956153796546
      ],
      [
        0.0510882782355485,
        0.997639499099524,
        -0.0459654114969035
      ],
      [
        0.27059671668626845,
        0.030479644315780895,
        0.9622051561057372
      ]
    ],
    "t_w2c": [
      -6.931358450996571,
      0.10742163210795982,
      -8.098316103992298
    ]
  },
  "frame_053": {
    "R_w2c": [
      [
        0.9659897290035644,
        -0.06459076389114271,
        -0.25038350227401684
      ],
      [
        0.05821057249941015,
        0.997768191306071,
        -0.032820945348202506
      ],
      [
        0.251944530732659,
        0.01713320174932066,
        0.9675854302905874
      ]
    ],
    "t_w2c": [
      -6.086360436498963,
      -0.09602456546038872,
      -7.879124886857678
    ]
  },
  "frame_054": {
    "R_w2c": [
      [
        0.9680027567730634,
        -0.07334814579439228,
        -0.23998261714353422
      ],
      [
        0.06807146529888716,
        0.9972262811973803,
        -0.030222871952586147
      ],
      [
        0.24153362718269297,
        0.012923920872481044,
        0.9703015239455349
      ]
    ],
    "t_w2c": [
      -5.178831846266482,
      -0.14921444839632325,
      -7.666690651076225
    ]
  },
  "frame_055": {
    "R_w2c": [
      [
        0.968883580986499,
        -0.08689436584755238,
        -0.23176436084678795
      ],
      [
        0.08281743678297446,
        0.9961943241538722,
        -0.027290121394616472
      ],
      [
        0.23325321048540903,
        0.0072507125864192485,
        0.9723836377083613
      ]
    ],
    "t_w2c": [
      -4.251997113834793,
      -0.2781673339726201,
      -7.45434882567947
    ]
  },
  "frame_056": {
    "R_w2c": [
      [
        0.9687775738178261,
        -0.11047984810251477,
        -0.22195800172316296
      ],
      [
        0.10686968627947203,
        0.9938752710711125,
        -0.028255243364170256
      ],
      [
        0.22371955585906023,
        0.0036561657718172953,
        0.9746417884912265
      ]
    ],
    "t_w2c": [
      -5.2972663033795495,
      -0.42511774786424006,
      -7.592303902737393
    ]
  },
  "frame_057": {
    "R_w2c": [
      [
        0.9664779755972089,
        -0.14023693326540376,
        -0.21507025379886766
      ],
      [
        0.13603619141944212,
        0.9901137223307254,
        -0.034290632154165876
      ],
      [
        0.2177513166641128,
        0.0038875283661319723,
        0.9759913696523089
      ]
    ],
    "t_w2c": [
      -6.321298377334719,
      -0.5736535411761595,
      -7.676447369762689
    ]
  },
  "frame_058": {
    "R_w2c": [
      [
        0.9620540642400017,
        -0.17079648788236299,
        -0.21279668367304988
      ],
      [
        0.16350421226061868,
        0.9851986883412618,
        -0.051547940101821066
      ],
      [
        0.21844936008921273,
        0.014802615485392872,
        0.9757307212857348
      ]
    ],
    "t_w2c": [
      -7.246518190653634,
      -0.7995337872695213,
      -8.006608558375671
    ]
  },
  "frame_059": {
    "R_w2c": [
      [
        0.9589155693393954,
        -0.19013112277639005,
        -0.2105555794726716
      ],
      [
        0.17626344174916778,
        0.9808447364638636,
        -0.08295980101655842
      ],
      [
        0.22229330564832123,
        0.04244178467287642,
        0.9740502131822092
      ]
    ],
    "t_w2c": [
      -8.11224793563879,
      -0.8809797593238278,
      -8.480506193223553
    ]
  },
  "frame_060": {
    "R_w2c": [
      [
        0.9585398428886681,
        -0.19322158605054074,
        -0.20945228470599572
      ],
      [
        0.17321346299983048,
        0.9787069321695985,
        -0.11016989060138031
      ],
      [
        0.226277132440671,
        0.0693264887186726,
        0.9715878144333101
      ]
    ],
    "t_w2c": [
      -9.028372961941308,
      -0.8562083979750438,
      -8.864095682517123
    ]
  },
  "frame_062": {
    "R_w2c": [
      [
        0.965373092795849,
        -0.1712402518656031,
        -0.19681126688996375
      ],
      [
        0.15297646296066567,
        0.9826778222318824,
        -0.10464193660153691
      ],
      [
        0.2113193490793524,
        0.07091511153578392,
        0.9748366001618247
      ]
    ],
    "t_w2c": [
      -10.158154429147407,
      -0.7984319670747032,
      -8.88676219085607
    ]
  },
  "frame_063": {
    "R_w2c": [
      [
        0.9649333149438208,
        -0.16580660797963018,
        -0.20350809219901894
      ],
      [
        0.15653345582844744,
        0.9857934175456615,
        -0.0609638365462634
      ],
      [
        0.21072425790904808,
        0.026973719798537295,
        0.9771689502707013
      ]
    ],
    "t_w2c": [
      -9.385865560597185,
      -1.095326436292109,
      -9.601291112658455
    ]
  },
  "frame_064": {
    "R_w2c": [
      [
        0.9598391787335059,
        -0.17400691504394125,
        -0.22007659944808192
      ],
      [
        0.17796041582126662,
        0.9840398452784845,
        -0.0018936148726332994
      ],
      [
        0.21689277591997197,
        -0.037344306862773166,
        0.9754761243329095
      ]
    ],
    "t_w2c": [
      -8.488898882159441,
      -1.816016978610151,
      -10.366167568032212
    ]
  },
  "frame_065": {
    "R_w2c": [
      [
        0.960929585182096,
        -0.18237611921230104,
        -0.20822205892416296
      ],
      [
        0.19750565200088466,
        0.9788083777538379,
        0.05416195297309254
      ],
      [
        0.19392997694255737,
        -0.09316818832866333,
        0.9765767126562356
      ]
    ],
    "t_w2c": [
      -7.721079274067504,
      -2.458228257467641,
      -10.611437150086235
    ]
  },
  "frame_066": {
    "R_w2c": [
      [
        0.9600681057438704,
        -0.19381543385730493,
        -0.2017605043194023
      ],
      [
        0.2122672615108819,
        0.9744077087029193,
        0.07402734404062179
      ],
      [
        0.18224739515237573,
        -0.1138950818806149,
        0.9766294264983832
      ]
    ],
    "t_w2c": [
      -6.785339726494295,
      -2.6558537691077224,
      -10.373139225136736
    ]
  },
  "frame_067": {
    "R_w2c": [
      [
        0.9619346202856771,
        -0.19419284159880773,
        -0.19228325057253168
      ],
      [
        0.21312425082647682,
        0.9734948991249768,
        0.08303155007906145
      ],
      [
        0.17106080997792242,
        -0.12084745099813488,
        0.9778170551515304
      ]
    ],
    "t_w2c": [
      -5.9269755690098505,
      -2.575995403319112,
      -10.05877481297825
    ]
  },
  "frame_068": {
    "R_w2c": [
      [
        0.9679433267089975,
        -0.17656566005278246,
        -0.1786423572113478
      ],
      [
        0.19425448714308588,
        0.9771085878939355,
        0.08678541955373449
      ],
      [
        0.15922724370689578,
        -0.11870211196037495,
        0.9800756863985789
      ]
    ],
    "t_w2c": [
      -5.1224666047268785,
      -2.316200224444625,
      -9.823506447343888
    ]
  },
  "frame_069": {
    "R_w2c": [
      [
        0.9759948751832462,
        -0.13873844654610665,
        -0.16789199775675542
      ],
      [
        0.15562563195894374,
        0.9835318007458427,
        0.09194347272371284
      ],
      [
        0.1523683083083289,
        -0.11586068371156003,
        0.9815045826154688
      ]
    ],
    "t_w2c": [
      -4.305319522749069,
      -1.9802987394287392,
      -9.605379647536425
    ]
  },
  "frame_070": {
    "R_w2c": [
      [
        0.9823503460829166,
        -0.10727624634569342,
        -0.15324016052697412
      ],
      [
        0.12249059974863177,
        0.9880563648287007,
        0.09353800455731053
      ],
      [
        0.14137247849109166,
        -0.11065291335452954,
        0.9837478965289093
      ]
    ],
    "t_w2c": [
      -3.5061438810092027,
      -1.826468709207454,
      -9.33975671165922
    ]
  },
  "frame_071": {
    "R_w2c": [
      [
        0.987534048309816,
        -0.0942508662413248,
        -0.12608049730016904
      ],
      [
        0.10366964647678527,
        0.9921254183968867,
        0.07033724433605928
      ],
      [
        0.11845557760406035,
        -0.08252646526751715,
        0.989518922789228
      ]
    ],
    "t_w2c": [
      -2.8455131686489334,
      -1.5242648255779931,
      -8.923053460640034
    ]
  },
  "frame_072": {
    "R_w2c": [
      [
        0.9906258568458143,
        -0.0972247435867942,
        -0.09596785377592147
      ],
      [
        0.10101133895257279,
        0.99425932005243,
        0.035396364941784234
      ],
      [
        0.09197210809413134,
        -0.04475320224271708,
        0.9947503609366662
      ]
    ],
    "t_w2c": [
      -2.3070064081820476,
      -1.1355551674637179,
      -8.296355186372631
    ]
  },
  "frame_073": {
    "R_w2c": [
      [
        0.989353319406842,
        -0.11281277682859127,
        -0.09195648676621263
      ],
      [
        0.11345349483463828,
        0.993545327076147,
        0.0017477102785561538
      ],
      [
        0.09116244392083755,
        -0.012155674648036036,
        0.9957571189287843
      ]
    ],
    "t_w2c": [
      -1.3773444720810784,
      -0.8876072775344833,
      -8.00652357138468
    ]
  }
}