{
  "K": [
    [
      3183.592270336112,
      0.0,
      1911.3122172243477
    ],
    [
      0.0,
      3183.8330165146126,
      1100.814254448177
    ],
    [
      0.0,
      0.0,
      1.0
    ]
  ],
  "cameras_optimized": [
    {
      "R_w2c": [
        [
          0.9991354804268847,
          0.018796172867930425,
          -0.0370809336136141
        ],
        [
          -0.019361098112864124,
          0.9997010007193468,
          -0.014935094261524819
        ],
        [
          0.03678912382759923,
          0.015640110174019187,
          0.9992006541840043
        ]
      ],
      "id": 0,
      "t_w2c": [
        2.8627422425207545,
        -0.2734777072475594,
        -3.6897073930387947
      ]
    },
    {
      "R_w2c": [
        [
          0.9981855434895849,
          0.005406761384115664,
          -0.059969889942680384
        ],
        [
          -0.0063648328695963124,
          0.9998549711927626,
          -0.015796375649558114
        ],
        [
          0.05987578534720082,
          0.016149412139613063,
          0.9980751909633867
        ]
      ],
      "id": 1,
      "t_w2c": [
        2.0107096476815953,
        -0.25169092424725176,
        -3.963668249669663
      ]
    },
    {
      "R_w2c": [
        [
          0.9973084198272362,
          -0.01030255679865494,
          -0.07259320260955394
        ],
        [
          0.008833171898816735,
          0.9997501458713539,
          -0.020533409468778067
        ],
        [
          0.07278661151549244,
          0.01983691391363685,
          0.9971502424562088
        ]
      ],
      "id": 2,
      "t_w2c": [
        1.0937207083397973,
        -0.1577807115655705,
        -4.169805138027581
      ]
    },
    {
      "R_w2c": [
        [
          0.9969274258899881,
          -0.01963209670799902,
          -0.07583065532626077
        ],
        [
          0.017758142772676674,
          0.9995219591596605,
          -0.025308131556856857
        ],
        [
          0.07629125686228808,
          0.023883758843233134,
          0.9967994834418258
        ]
      ],
      "id": 3,
      "t_w2c": [
        0.11884359231911688,
        -0.11100850900033024,
        -4.301759944720991
      ]
    },
    {
      "R_w2c": [
        [
          0.9918940805600992,
          -0.013960758501404642,
          -0.12629817960644055
        ],
        [
          0.010347071621077562,
          0.99951935300002,
          -0.02922329699554148
        ],
        [
          0.12664545415727937,
          0.02767959899432776,
          0.9915617826140788
        ]
      ],
      "id": 4,
      "t_w2c": [
        -2.483371896910594,
        -0.07589870559741675,
        -5.296609354546
      ]
    },
    {
      "R_w2c": [
        [
          0.9886778317562802,
          -0.015611665731572496,
          -0.14923947496150672
        ],
        [
          0.012376254347089369,
          0.9996683503989583,
          -0.022583567897071406
        ],
        [
          0.14954254686221144,
          0.020480847241047612,
          0.9885431510936952
        ]
      ],
      "id": 5,
      "t_w2c": [
        -3.3123131649997863,
        -0.101007092537574,
        -5.656116603914629
      ]
    },
    {
      "R_w2c": [
        [
          0.9865235016921585,
          -0.0159283385946158,
          -0.16284246571044347
        ],
        [
          0.01357180230362601,
          0.9997866123580191,
          -0.015573565163677933
        ],
        [
          0.16305577815972355,
          0.013153622287845428,
          0.986529166030805
        ]
      ],
      "id": 6,
      "t_w2c": [
        -4.22522462676743,
        -0.1670933468554567,
        -5.830663222901707
      ]
    },
    {
      "R_w2c": [
        [
          0.9837251018465653,
          -0.01887143321764695,
          -0.17868629775468695
        ],
        [
          0.017537063768178353,
          0.999805306215672,
          -0.009044393698703511
        ],
        [
          0.1788221893148487,
          0.0057635641141738966,
          0.9838645262114831
        ]
      ],
      "id": 7,
      "t_w2c": [
        -5.027962851570313,
        -0.2176816773864369,
        -6.337056434850269
      ]
    },
    {
      "R_w2c": [
        [
          0.9824530639866695,
          -0.01927155353648864,
          -0.1855116823477571
        ],
        [
          0.01737856993464593,
          0.9997790535295457,
          -0.011824949496403446
        ],
        [
          0.18569857934360057,
          0.008393530118854861,
          0.9825709064906778
        ]
      ],
      "id": 8,
      "t_w2c": [
        -3.984359273640011,
        -0.20775600480664047,
        -6.337997929235835
      ]
    },
    {
      "R_w2c": [
        [
          0.9820517340390007,
          -0.014748107589309068,
          -0.18803426547713542
        ],
        [
          0.011000682880910486,
          0.9997198439495778,
          -0.020957542546433013
        ],
        [
          0.18829067063225763,
          0.018512885673661772,
          0.9819388455585656
        ]
      ],
      "id": 9,
      "t_w2c": [
        -2.9782662047616624,
        -0.1722776272948658,
        -6.474557686302592
      ]
    },
    {
      "R_w2c": [
        [
          0.9818649373221231,
          -0.010969787837663758,
          -0.1892641239438155
        ],
        [
          0.00444247929422374,
          0.9993817152891914,
          -0.03487766510754394
        ],
        [
          0.18952970541617928,
          0.033404354513000827,
          0.9813065982986285
        ]
      ],
      "id": 10,
      "t_w2c": [
        -1.980104253574818,
        -0.14973095216157453,
        -6.580933960675417
      ]
    },
    {
      "R_w2c": [
        [
          0.9775150683710147,
          -0.014935836047947546,
          -0.21033595011114822
        ],
        [
          0.006408392570176728,
          0.9991317933363758,
          -0.041165422979780014
        ],
        [
          0.2107681750461324,
          0.03889190591866805,
          0.9767620979756209
        ]
      ],
      "id": 11,
      "t_w2c": [
        -2.7833107832567214,
        -0.06655322962018394,
        -6.941518281606928
      ]
    },
    {
      "R_w2c": [
        [
          0.9720616284724347,
          -0.02861059364242817,
          -0.23297558752570255
        ],
        [
          0.020611443858570756,
          0.9991138344161556,
          -0.03669760564821083
        ],
        [
          0.23381907286101242,
          0.030870371064735495,
          0.9717899265565281
        ]
      ],
      "id": 12,
      "t_w2c": [
        -3.5841558140957686,
        -0.15785396445538558,
        -7.256188254627729
      ]
    },
    {
      "R_w2c": [
        [
          0.966547941349241,
          -0.03956692247454561,
          -0.25341573692144165
        ],
        [
          0.030604128621625277,
          0.9987620371471443,
          -0.039214544049336754
        ],
        [
          0.25465361647707857,
          0.030147169014347823,
          0.9665623020869194
        ]
      ],
      "id": 13,
      "t_w2c": [
        -4.40480904053261,
        -0.19945285755123668,
        -7.534161094625792
      ]
    },
    {
      "R_w2c": [
        [
          0.9616523480531011,
          -0.045697497981700495,
          -0.2704376086312143
        ],
        [
          0.033766680651164484,
          0.9982469732888143,
          -0.04860855477715315
        ],
        [
          0.2721848136133969,
          0.0376127504702023,
          0.9615095986209949
        ]
      ],
      "id": 14,
      "t_w2c": [
        -5.2496117127504505,
        -0.17487321174987494,
        -7.8046099011535395
      ]
    },
    {
      "R_w2c": [
        [
          0.9574777376031861,
          -0.04343089499570506,
          -0.2852194582320013
        ],
        [
          0.026962623839682707,
          0.9977480232982961,
          -0.06141578722138551
        ],
        [
          0.2872444932630808,
          0.051113984037783305,
          0.9564925309304935
        ]
      ],
      "id": 15,
      "t_w2c": [
        -6.1159564897022705,
        -0.016074678967535283,
        -8.051279688477399
      ]
    },
    {
      "R_w2c": [
        [
          0.9523394745679494,
          -0.0376147624073563,
          -0.30271216498297554
        ],
        [
          0.01711371912784098,
          0.9973934996054646,
          -0.0700951322302589
        ],
        [
          0.30455975735027013,
          0.061573830429836385,
          0.9505009298306564
        ]
      ],
      "id": 16,
      "t_w2c": [
        -6.95858742890334,
        0.11949147018524006,
        -8.314189457583339
      ]
    },
    {
      "R_w2c": [
        [
          0.9462720040865974,
          -0.03007511639532478,
          -0.32197015646755583
        ],
        [
          0.008579828761239893,
          0.9976502012620206,
          -0.06797398370168987
        ],
        [
          0.3232579168719036,
          0.06155942897442655,
          0.9443064946742556
        ]
      ],
      "id": 17,
      "t_w2c": [
        -7.784713668854036,
        0.21302413750316543,
        -8.568717795666304
      ]
    },
    {
      "R_w2c": [
        [
          0.931802624055605,
          -0.017374915851103696,
          -0.36254928230828976
        ],
        [
          0.013776848899967602,
          0.9998268648116639,
          -0.012507551129868616
        ],
        [
          0.362703829918401,
          0.006659782282168221,
          0.9318806678231274
        ]
      ],
      "id": 18,
      "t_w2c": [
        -8.234956248703357,
        -0.19173314746680775,
        -9.610572130755358
      ]
    },
    {
      "R_w2c": [
        [
          0.9272013398036558,
          -0.016667161910640906,
          -0.3741923050787521
        ],
        [
          0.01593390938699946,
          0.999860277786383,
          -0.005053259995686261
        ],
        [
          0.37422424560409273,
          -0.0012769568440607814,
          0.9273373622276124
        ]
      ],
      "id": 19,
      "t_w2c": [
        -7.143936519967542,
        -0.18857493183701032,
        -9.479931568221895
      ]
    },
    {
      "R_w2c": [
        [
          0.9224783985042302,
          -0.02182654653324489,
          -0.38543119510426593
        ],
        [
          0.019259544275170622,
          0.9997591696773682,
          -0.010520104578000618
        ],
        [
          0.38556798913730295,
          0.0022813400560684925,
          0.9226766070732286
        ]
      ],
      "id": 20,
      "t_w2c": [
        -6.116795991214089,
        -0.15660076273469442,
        -9.15378654950459
      ]
    },
    {
      "R_w2c": [
        [
          0.9087471203101618,
          -0.03585835317166647,
          -0.4158038598134994
        ],
        [
          0.023757746627046654,
          0.9991311945427739,
          -0.03424070044165194
        ],
        [
          0.4166704222802397,
          0.02123757517575694,
          0.9088095095219134
        ]
      ],
      "id": 21,
      "t_w2c": [
        -8.757309015968083,
        0.03602114794757206,
        -9.772009394044533
      ]
    },
    {
      "R_w2c": [
        [
          0.9027786307964987,
          -0.033622228274832085,
          -0.42878933002470354
        ],
        [
          0.02188282728175362,
          0.9992392836798064,
          -0.03227996005611173
        ],
        [
          0.42954846716913797,
          0.019758535292432773,
          0.9028276217726956
        ]
      ],
      "id": 22,
      "t_w2c": [
        -9.403441441355929,
        0.6191693857006567,
        -10.132096653483012
      ]
    },
    {
      "R_w2c": [
        [
          0.8826321188208114,
          -0.03918821167030162,
          -0.46842803811468076
        ],
        [
          0.029640633168099867,
          0.999175626549038,
          -0.02773986618085043
        ],
        [
          0.46912895422397377,
          0.01059959321959984,
          0.8830660637417225
        ]
      ],
      "id": 23,
      "t_w2c": [
        -9.494283185424244,
        1.2679926982160286,
        -10.866550561251678
      ]
    },
    {
      "R_w2c": [
        [
          0.8803952363516139,
          -0.005586500032894964,
          -0.47420778022589244
        ],
        [
          -0.026252680385170424,
          0.99782322269725,
          -0.06049473546242058
        ],
        [
          0.47351348933476006,
          0.06570850221589762,
          0.8783321513838391
        ]
      ],
      "id": 24,
      "t_w2c": [
        -9.379170230519453,
        1.1890425388476196,
        -10.752162875058772
      ]
    },
    {
      "R_w2c": [
        [
          0.9165745618309638,
          -0.013808770748368403,
          -0.39962531258016637
        ],
        [
          0.006010585807252319,
          0.9997664113271372,
          -0.020760434492350703
        ],
        [
          0.3998186407142998,
          0.016626503916233652,
          0.9164434591969616
        ]
      ],
      "id": 25,
      "t_w2c": [
        -12.430385117781304,
        0.8226173814188592,
        -10.78954108256662
      ]
    },
    {
      "R_w2c": [
        [
          0.9340100156861705,
          -0.028781166370473284,
          -0.35608557266515967
        ],
        [
          0.014306276514818892,
          0.9989632524055276,
          -0.04321748252330025
        ],
        [
          0.3569602513588888,
          0.035271302864019055,
          0.9334534343737096
        ]
      ],
      "id": 26,
      "t_w2c": [
        -11.964817827389385,
        0.7292637264530154,
        -9.939492967533752
      ]
    },
    {
      "R_w2c": [
        [
          0.9421586785353894,
          -0.050095234066429156,
          -0.33140231137437576
        ],
        [
          0.033854762047124454,
          0.9979341116389575,
          -0.05460186731328254
        ],
        [
          0.3334529645200079,
          0.04022407676000041,
          0.9419082461161619
        ]
      ],
      "id": 27,
      "t_w2c": [
        -11.234648224814757,
        0.45996940627617006,
        -9.497643549200356
      ]
    },
    {
      "R_w2c": [
        [
          0.9463362308173909,
          -0.05858787914918456,
          -0.3178288826698014
        ],
        [
          0.03131566068436398,
          0.9954264690648345,
          -0.09025228019844196
        ],
        [
          0.3216629721280266,
          0.07545598122029058,
          0.943842850934332
        ]
      ],
      "id": 28,
      "t_w2c": [
        -9.480654267341908,
        0.7363920230919836,
        -8.688779927641447
      ]
    },
    {
      "R_w2c": [
        [
          0.9523036056559708,
          -0.05901571304943703,
          -0.2993910290371165
        ],
        [
          0.035921666515977786,
          0.9959792458888548,
          -0.08206689730569142
        ],
        [
          0.30303048778852587,
          0.06739797750626147,
          0.9505945697818358
        ]
      ],
      "id": 29,
      "t_w2c": [
        -8.658547681276248,
        0.5732327544661503,
        -8.38088945063784
      ]
    },
    {
      "R_w2c": [
        [
          0.956477438866361,
          -0.06042369637933222,
          -0.2854818485569703
        ],
        [
          0.04415080685667108,
          0.9970298994075448,
          -0.06310377121286737
        ],
        [
          0.2884469018615932,
          0.04775307951576795,
          0.9563043596069241
        ]
      ],
      "id": 30,
      "t_w2c": [
        -7.785649041031283,
        0.30408946755228905,
        -8.18825480024243
      ]
    },
    {
      "R_w2c": [
        [
          0.9613363793668516,
          -0.06159470243267576,
          -0.26839981061480456
        ],
        [
          0.051086745000994804,
          0.9976357950741562,
          -0.04596699763917077
        ],
        [
          0.27059658200176173,
          0.03047807439761123,
          0.9622102560199499
        ]
      ],
      "id": 31,
      "t_w2c": [
        -6.931358450996571,
        0.10742163210795982,
        -8.098316103992298
      ]
    },
    {
      "R_w2c": [
        [
          0.96598952798714,
          -0.06459213351953659,
          -0.2503838814831676
        ],
        [
          0.058209232735571284,
          0.9977646840102199,
          -0.032822561848857554
        ],
        [
          0.2519442736866997,
          0.017131597397217223,
          0.967590094682196
        ]
      ],
      "id": 32,
      "t_w2c": [
        -6.086360436498963,
        -0.09602456546038872,
        -7.879124886857678
      ]
    },
    {
      "R_w2c": [
        [
          0.9680020985279836,
          -0.07334934413774188,
          -0.2399829388935454
        ],
        [
          0.06807028849986627,
          0.9972225910688113,
          -0.030224819032567282
        ],
        [
          0.2415333787884503,
          0.012921980365624254,
          0.9703064718708545
        ]
      ],
      "id": 33,
      "t_w2c": [
        -5.178831846266482,
        -0.14921444839632325,
        -7.666690651076225
      ]
    },
    {
      "R_w2c": [
        [
          0.9688830567132514,
          -0.08689558686847881,
          -0.23176449123359935
        ],
        [
          0.08281628325060211,
          0.9961910514216027,
          -0.027291982267283167
        ],
        [
          0.23325326502011187,
          0.007248865449455711,
          0.9723890005070774
        ]
      ],
      "id": 34,
      "t_w2c": [
        -4.251997113834793,
        -0.2781673339726201,
        -7.45434882567947
      ]
    },
    {
      "R_w2c": [
        [
          0.9687768687182057,
          -0.11048086794735859,
          -0.2219580060600355
        ],
        [
          0.1068686921041199,
          0.9938715325722016,
          -0.028257023738141603
        ],
        [
          0.22371960415775652,
          0.0036543891666584883,
          0.9746466970935239
        ]
      ],
      "id": 35,
      "t_w2c": [
        -5.2972663033795495,
        -0.42511774786424006,
        -7.592303902737393
      ]
    },
    {
      "R_w2c": [
        [
          0.9664773242122868,
          -0.14023754724400753,
          -0.21506978431765547
        ],
        [
          0.13603564354268124,
          0.9901102623087618,
          -0.034292450434513226
        ],
        [
          0.21775188970336554,
          0.003885719220392894,
          0.9759964219794833
        ]
      ],
      "id": 36,
      "t_w2c": [
        -6.321298377334719,
        -0.5736535411761595,
        -7.676447369762689
      ]
    },
    {
      "R_w2c": [
        [
          0.9620530969167388,
          -0.17079726704828957,
          -0.21279598746627534
        ],
        [
          0.1635034768665224,
          0.9851950218085291,
          -0.05154980170912793
        ],
        [
          0.21845011276140494,
          0.014800762565729392,
          0.9757358687995448
        ]
      ],
      "id": 37,
      "t_w2c": [
        -7.246518190653634,
        -0.7995337872695213,
        -8.006608558375671
      ]
    },
    {
      "R_w2c": [
        [
          0.9589143182657639,
          -0.19013169999373508,
          -0.21055466483171947
        ],
        [
          0.17626287870204654,
          0.9808408532196586,
          -0.08296154679729434
        ],
        [
          0.22229423702960238,
          0.04244004374201737,
          0.9740554988657487
        ]
      ],
      "id": 38,
      "t_w2c": [
        -8.11224793563879,
        -0.8809797593238278,
        -8.480506193223553
      ]
    },
    {
      "R_w2c": [
        [
          0.9585381913502958,
          -0.19322198247724254,
          -0.2094511905205314
        ],
        [
          0.17321299133387968,
          0.9787029154900269,
          -0.1101719694136887
        ],
        [
          0.2262781371588362,
          0.06932437305079373,
          0.9715926800594173
        ]
      ],
      "id": 39,
      "t_w2c": [
        -9.028372961941308,
        -0.8562083979750438,
        -8.864095682517123
      ]
    },
    {
      "R_w2c": [
        [
          0.9653715519671296,
          -0.17124064641547587,
          -0.19681058830201534
        ],
        [
          0.1529759909063565,
          0.9826738948923193,
          -0.10464397977608392
        ],
        [
          0.21131993010313474,
          0.07091302639409128,
          0.9748411305586347
        ]
      ],
      "id": 40,
      "t_w2c": [
        -10.158154429147407,
        -0.7984319670747032,
        -8.88676219085607
      ]
    },
    {
      "R_w2c": [
        [
          0.9609280207321034,
          -0.18237643612558782,
          -0.20822145546991955
        ],
        [
          0.197505225320762,
          0.9788045271616814,
          0.05416071988805464
        ],
        [
          0.19393046419497206,
          -0.09316937884265768,
          0.9765809960792786
        ]
      ],
      "id": 41,
      "t_w2c": [
        -7.721079274067504,
        -2.458228257467641,
        -10.611437150086235
      ]
    },
    {
      "R_w2c": [
        [
          0.9600668945027083,
          -0.1938158204186423,
          -0.20175972302561826
        ],
        [
          0.2122667892273438,
          0.9744039166626816,
          0.07402578863842188
        ],
        [
          0.18224809538384754,
          -0.11389659761324969,
          0.9766336041633451
        ]
      ],
      "id": 42,
      "t_w2c": [
        -6.785339726494295,
        -2.6558537691077224,
        -10.373139225136736
      ]
    },
    {
      "R_w2c": [
        [
          0.9619336508643117,
          -0.19419342182469046,
          -0.19228251676861952
        ],
        [
          0.21312353470828538,
          0.9734908358456577,
          0.08302982282270102
        ],
        [
          0.17106142256015205,
          -0.12084911023479106,
          0.9778207822843389
        ]
      ],
      "id": 43,
      "t_w2c": [
        -5.9269755690098505,
        -2.575995403319112,
        -10.05877481297825
      ]
    },
    {
      "R_w2c": [
        [
          0.9679420140489863,
          -0.1765659765523207,
          -0.17864129803300624
        ],
        [
          0.19425405598743894,
          0.977104865131565,
          0.08678389406252177
        ],
        [
          0.15922819841730598,
          -0.11870357391566352,
          0.9800795081871816
        ]
      ],
      "id": 44,
      "t_w2c": [
        -5.1224666047268785,
        -2.316200224444625,
        -9.823506447343888
      ]
    },
    {
      "R_w2c": [
        [
          0.975993992374685,
          -0.13873862147200242,
          -0.16789080308513513
        ],
        [
          0.15562542363756118,
          0.9835280723624134,
          0.09194160316584143
        ],
        [
          0.1523694666465457,
          -0.1158625296941331,
          0.9815087466990415
        ]
      ],
      "id": 45,
      "t_w2c": [
        -4.305319522749069,
        -1.9802987394287392,
        -9.605379647536425
      ]
    },
    {
      "R_w2c": [
        [
          0.9823490236254855,
          -0.10727656105969936,
          -0.15323881763202138
        ],
        [
          0.12249023315358006,
          0.9880522232225012,
          0.09353580580213197
        ],
        [
          0.14137375486290552,
          -0.11065506600367261,
          0.9837524677497312
        ]
      ],
      "id": 46,
      "t_w2c": [
        -3.5061438810092027,
        -1.826468709207454,
        -9.33975671165922
      ]
    },
    {
      "R_w2c": [
        [
          0.9875326322366087,
          -0.09425137866808805,
          -0.12607925240498435
        ],
        [
          0.10366911828471337,
          0.9921218156568276,
          0.07033503260730047
        ],
        [
          0.11845680302078554,
          -0.08252866481995565,
          0.9895236254385896
        ]
      ],
      "id": 47,
      "t_w2c": [
        -2.8455131686489334,
        -1.5242648255779931,
        -8.923053460640034
      ]
    },
    {
      "R_w2c": [
        [
          0.9906248984403542,
          -0.09722549404736087,
          -0.09596621226913371
        ],
        [
          0.10101059111380568,
          0.9942555671605561,
          0.035393892878298965
        ],
        [
          0.09197375208654585,
          -0.04475567536623188,
          0.9947551248672384
        ]
      ],
      "id": 48,
      "t_w2c": [
        -2.3070064081820476,
        -1.1355551674637179,
        -8.296355186372631
      ]
    },
    {
      "R_w2c": [
        [
          0.9893520615232607,
          -0.11281317546140374,
          -0.09195480303925836
        ],
        [
          0.11345308325567682,
          0.993541822930346,
          0.0017447028473482696
        ],
        [
          0.09116411717037977,
          -0.012158681283741826,
          0.995761653313676
        ]
      ],
      "id": 49,
      "t_w2c": [
        -1.3773444720810784,
        -0.8876072775344833,
        -8.00652357138468
      ]
    }
  ],
  "notes": {
    "convention": "x_cam = R_w2c * x_world + t_w2c",
    "fix_cam_prefix": 1,
    "huber_delta_px": 3.0,
    "min_track_len": 2,
    "num_cameras": 50,
    "num_observations": 9402,
    "num_points": 4428,
    "prefilter_thresh_px": 50.0,
    "solver": "Ceres BA (Schur)",
    "stage": "B",
    "stageB_free_t": 1,
    "two_stage": 1,
    "zmin": 0.1
  },
  "points_optimized": [
    {
      "X": [
        6.8436855667605565,
        0.7289998491001911,
        20.240672956715503
      ],
      "id": 0
    },
    {
      "X": [
        -10.784965489263177,
        -2.657686169704155,
        24.242706305809307
      ],
      "id": 1
    },
    {
      "X": [
        -11.273486216699952,
        3.177174891227612,
        27.777899340443366
      ],
      "id": 2
    },
    {
      "X": [
        -9.818031422564102,
        5.149435204683979,
        25.502854952558877
      ],
      "id": 3
    },
    {
      "X": [
        -9.526029064243488,
        4.244973914731,
        25.07076638113292
      ],
      "id": 4
    },
    {
      "X": [
        -9.597202775500376,
        5.208804808080327,
        25.350428535050476
      ],
      "id": 5
    },
    {
      "X": [
        -8.68880733098959,
        0.10921518248079412,
        23.84138560788949
      ],
      "id": 6
    },
    {
      "X": [
        -8.859276483563729,
        -1.4668373789226083,
        24.549040163525426
      ],
      "id": 7
    },
    {
      "X": [
        -8.783131386745216,
        -2.4037001225019012,
        24.951741023062315
      ],
      "id": 8
    },
    {
      "X": [
        -8.435876788535316,
        -0.09199213888211652,
        24.017159297526185
      ],
      "id": 9
    },
    {
      "X": [
        -8.498671424385888,
        0.18093111935339268,
        24.53960368195039
      ],
      "id": 10
    },
    {
      "X": [
        -6.871768064262607,
        6.573139230228317,
        29.88124512336163
      ],
      "id": 11
    },
    {
      "X": [
        -6.475851360519736,
        4.535082637568575,
        30.443815505529184
      ],
      "id": 12
    },
    {
      "X": [
        -6.113531713351223,
        1.1885995472808368,
        31.19644161464845
      ],
      "id": 13
    },
    {
      "X": [
        -5.664240992702077,
        -4.647240703051811,
        30.508446153378827
      ],
      "id": 14
    },
    {
      "X": [
        -5.3179121960157225,
        5.5775985071314995,
        28.57523565676794
      ],
      "id": 15
    },
    {
      "X": [
        -4.25650422658668,
        5.806938126580528,
        27.17326358727667
      ],
      "id": 16
    },
    {
      "X": [
        -4.473934326680897,
        -2.5188058456017957,
        31.503116786240387
      ],
      "id": 17
    },
    {
      "X": [
        -4.037070680682103,
        4.080577726653953,
        30.84152549051704
      ],
      "id": 18
    },
    {
      "X": [
        -3.8654595224749637,
        -2.1619887976765284,
        31.52649804196914
      ],
      "id": 19
    },
    {
      "X": [
        -3.431237920583479,
        -2.5319696544175327,
        30.29565372546865
      ],
      "id": 20
    },
    {
      "X": [
        -3.2538891073551355,
        -0.46869176461070283,
        30.131888948029978
      ],
      "id": 21
    },
    {
      "X": [
        -2.9155677312116888,
        5.498163290272453,
        26.19765714831925
      ],
      "id": 22
    },
    {
      "X": [
        -2.22547252410534,
        -3.2465073120209067,
        25.330910393111264
      ],
      "id": 23
    },
    {
      "X": [
        -1.9975095802028786,
        -2.41588011753772,
        25.364262185540507
      ],
      "id": 24
    },
    {
      "X": [
        -1.992098351400156,
        -2.1287165438307234,
        25.283388695467217
      ],
      "id": 25
    },
    {
      "X": [
        -2.046962687823424,
        4.013585677640424,
        28.753363870723543
      ],
      "id": 26
    },
    {
      "X": [
        -1.9541266686390075,
        -2.9860742642272404,
        25.20420942471715
      ],
      "id": 27
    },
    {
      "X": [
        -1.9902049683494647,
        3.934762189962288,
        28.998736780386032
      ],
      "id": 28
    },
    {
      "X": [
        -1.9072806148070494,
        -2.9431424538116295,
        25.322450780885294
      ],
      "id": 29
    },
    {
      "X": [
        -1.8288532248646157,
        -3.1127475815418095,
        25.34589905198911
      ],
      "id": 30
    },
    {
      "X": [
        -1.8078468565431234,
        -2.14427546244239,
        25.210182561333998
      ],
      "id": 31
    },
    {
      "X": [
        -1.7870549739984833,
        -2.806904728070749,
        25.385437377718038
      ],
      "id": 32
    },
    {
      "X": [
        -1.7891100041298895,
        -1.815543608216267,
        25.20355866230688
      ],
      "id": 33
    },
    {
      "X": [
        -1.7525935603485772,
        3.660130510785857,
        29.205874169730293
      ],
      "id": 34
    },
    {
      "X": [
        -1.4401569487287411,
        3.8472813864540334,
        29.420266621353026
      ],
      "id": 35
    },
    {
      "X": [
        -1.3861567221846474,
        2.759705738715179,
        29.064535560130228
      ],
      "id": 36
    },
    {
      "X": [
        -1.2967687246240223,
        -2.833111390844377,
        25.350882898546086
      ],
      "id": 37
    },
    {
      "X": [
        -1.1433208014999736,
        2.5041875638058966,
        28.99662379832059
      ],
      "id": 38
    },
    {
      "X": [
        -1.0733579524163186,
        2.955462254018296,
        29.176683545970985
      ],
      "id": 39
    },
    {
      "X": [
        -1.0760836321731648,
        4.294055151333417,
        29.018837510859996
      ],
      "id": 40
    },
    {
      "X": [
        -1.0534297473944005,
        4.201135092010462,
        29.103940741462402
      ],
      "id": 41
    },
    {
      "X": [
        -1.0294984591392269,
        3.9835489393901597,
        29.574166626281116
      ],
      "id": 42
    },
    {
      "X": [
        -0.993139027152929,
        2.445684718595094,
        29.296585842654473
      ],
      "id": 43
    },
    {
      "X": [
        -1.0635353019176879,
        -2.873716849154023,
        25.537398777193985
      ],
      "id": 44
    },
    {
      "X": [
        -1.052097698628257,
        -0.229295743456495,
        25.26881101963431
      ],
      "id": 45
    },
    {
      "X": [
        -0.921235276157693,
        4.009429377286692,
        29.576977686743867
      ],
      "id": 46
    },
    {
      "X": [
        -0.9235987469590634,
        0.19562322096023538,
        25.50681613506175
      ],
      "id": 47
    },
    {
      "X": [
        -0.7734240225402048,
        4.645330167458194,
        29.44433600753774
      ],
      "id": 48
    },
    {
      "X": [
        -0.726897614554252,
        3.8171638417563405,
        29.195160496190187
      ],
      "id": 49
    },
    {
      "X": [
        -0.6954470532970805,
        5.2899245591963355,
        29.26744650397837
      ],
      "id": 50
    },
    {
      "X": [
        -0.6373383419060685,
        5.129831148555059,
        29.301898730760687
      ],
      "id": 51
    },
    {
      "X": [
        -0.5853065726410279,
        2.408864367402851,
        28.911889546845405
      ],
      "id": 52
    },
    {
      "X": [
        -0.5702728592168211,
        2.5758812507479028,
        29.224521099017732
      ],
      "id": 53
    },
    {
      "X": [
        -0.5813180751341859,
        4.598677888635956,
        29.087891070505243
      ],
      "id": 54
    },
    {
      "X": [
        -0.6442052261951343,
        -2.5341865026969264,
        25.392848503901785
      ],
      "id": 55
    },
    {
      "X": [
        -0.6429494627010058,
        -1.0680134103870755,
        25.159480933243106
      ],
      "id": 56
    },
    {
      "X": [
        -0.4498498363903057,
        2.797647061890431,
        29.139416878294533
      ],
      "id": 57
    },
    {
      "X": [
        -0.41452818826235904,
        2.6622574759698514,
        29.41005437774325
      ],
      "id": 58
    },
    {
      "X": [
        -0.37660036335924746,
        4.225007327540517,
        29.452781463428167
      ],
      "id": 59
    },
    {
      "X": [
        -0.352188067787045,
        1.699275020890707,
        29.463619170708487
      ],
      "id": 60
    },
    {
      "X": [
        -0.5403430355156335,
        -2.6434660314395875,
        25.50719341998996
      ],
      "id": 61
    },
    {
      "X": [
        -0.5027263952270614,
        -2.5423399833568237,
        25.46322861514151
      ],
      "id": 62
    },
    {
      "X": [
        -0.2785801489944595,
        3.4310802047405318,
        29.601696388208957
      ],
      "id": 63
    },
    {
      "X": [
        -0.17578921206644105,
        1.0179040892736277,
        29.405455796669152
      ],
      "id": 64
    },
    {
      "X": [
        -0.3346174157155496,
        0.06630219240309629,
        25.34119031957582
      ],
      "id": 65
    },
    {
      "X": [
        -0.004063274312703723,
        2.055345893798219,
        29.156787225445672
      ],
      "id": 66
    },
    {
      "X": [
        -0.24917388769266563,
        -2.1887090534849216,
        25.346127248990115
      ],
      "id": 67
    },
    {
      "X": [
        -0.09330006742908253,
        -2.2448307127891374,
        25.383302670014977
      ],
      "id": 68
    },
    {
      "X": [
        3.807634208342696,
        -0.313623204382297,
        28.690201847527323
      ],
      "id": 69
    },
    {
      "X": [
        4.162224724291787,
        2.152050889647749,
        29.825893359117636
      ],
      "id": 70
    },
    {
      "X": [
        4.139220141971576,
        2.4918538918349173,
        29.71215145449639
      ],
      "id": 71
    },
    {
      "X": [
        3.9488887187207258,
        -1.0888178190063802,
        28.722234068905685
      ],
      "id": 72
    },
    {
      "X": [
        3.9573240025438463,
        0.6433035079544688,
        28.356694847036593
      ],
      "id": 73
    },
    {
      "X": [
        4.095451582189194,
        0.5555442809865935,
        28.86436883075749
      ],
      "id": 74
    },
    {
      "X": [
        4.060513715967269,
        0.9601080146789692,
        28.695869832314415
      ],
      "id": 75
    },
    {
      "X": [
        3.8700416272691833,
        -3.560416063665857,
        27.540076793965714
      ],
      "id": 76
    },
    {
      "X": [
        4.414520338325667,
        3.0980746290443633,
        29.862360677579098
      ],
      "id": 77
    },
    {
      "X": [
        3.8351920877490784,
        -3.023230083868818,
        27.244727358541873
      ],
      "id": 78
    },
    {
      "X": [
        3.864987533913698,
        -1.862897839965755,
        27.357921153125975
      ],
      "id": 79
    },
    {
      "X": [
        4.25281314425894,
        0.6035071876271941,
        28.938576808496574
      ],
      "id": 80
    },
    {
      "X": [
        3.477030976334399,
        6.085129926392487,
        25.782217263785988
      ],
      "id": 81
    },
    {
      "X": [
        4.217667938802351,
        1.0132972921637584,
        28.777375738328086
      ],
      "id": 82
    },
    {
      "X": [
        4.384888348128436,
        2.619287974809963,
        29.39541140850458
      ],
      "id": 83
    },
    {
      "X": [
        3.920077611687863,
        -3.6359569676406207,
        27.352883431931215
      ],
      "id": 84
    },
    {
      "X": [
        4.384500935836831,
        7.521642506353494,
        29.21728601069479
      ],
      "id": 85
    },
    {
      "X": [
        3.9651437613479743,
        -3.518900966775954,
        27.22037243674005
      ],
      "id": 86
    },
    {
      "X": [
        4.113572735419423,
        -2.5651521180836396,
        27.35535679683992
      ],
      "id": 87
    },
    {
      "X": [
        4.509645475640318,
        -0.7397890269696428,
        28.929209606374446
      ],
      "id": 88
    },
    {
      "X": [
        4.12526488987675,
        -2.457113130431625,
        27.336404799370612
      ],
      "id": 89
    },
    {
      "X": [
        4.665845413656834,
        2.4751529875027063,
        29.509052773184766
      ],
      "id": 90
    },
    {
      "X": [
        4.672633777874963,
        2.7178457613671188,
        29.37982221430078
      ],
      "id": 91
    },
    {
      "X": [
        4.243964602458449,
        -2.616685266509721,
        27.464463926619075
      ],
      "id": 92
    },
    {
      "X": [
        3.9709313609486285,
        5.844810256752753,
        26.444367726433555
      ],
      "id": 93
    },
    {
      "X": [
        4.421382314503719,
        -1.3967351564028454,
        27.95475911707439
      ],
      "id": 94
    },
    {
      "X": [
        4.8089653166654545,
        0.9986350454397596,
        29.41585144413166
      ],
      "id": 95
    },
    {
      "X": [
        4.112554597649484,
        5.389663659980387,
        26.647505452780248
      ],
      "id": 96
    },
    {
      "X": [
        4.584012610874831,
        -1.315045877322625,
        28.323637254263414
      ],
      "id": 97
    },
    {
      "X": [
        4.031661174804636,
        5.803383707078946,
        26.256114715523896
      ],
      "id": 98
    },
    {
      "X": [
        4.363637415115056,
        -2.7576556002324626,
        27.443088135267452
      ],
      "id": 99
    },
    {
      "X": [
        4.494388436138915,
        -3.9129567532020104,
        27.93120430344661
      ],
      "id": 100
    },
    {
      "X": [
        4.722166787922704,
        -0.5544310101485307,
        28.6771884526587
      ],
      "id": 101
    },
    {
      "X": [
        4.102812922443816,
        6.240779278269291,
        26.364206123405864
      ],
      "id": 102
    },
    {
      "X": [
        4.105726738541072,
        5.734504268922396,
        26.256392914549057
      ],
      "id": 103
    },
    {
      "X": [
        4.467348429983166,
        -2.914142560293858,
        27.075667304861998
      ],
      "id": 104
    },
    {
      "X": [
        4.815340325586735,
        -1.4338666673079223,
        28.26663019951749
      ],
      "id": 105
    },
    {
      "X": [
        4.9301207291954645,
        -1.2604387084124662,
        28.31231194681964
      ],
      "id": 106
    },
    {
      "X": [
