{
  "K": [
    [
      849.02213774,
      0.0,
      293.55046785
    ],
    [
      0.0,
      848.95793876,
      514.05007541
    ],
    [
      0.0,
      0.0,
      1.0
    ]
  ],
  "cameras_optimized": [
    {
      "R_w2c": [
        [
          0.9999714319467631,
          0.0017469550537908356,
          -0.007354144299667626
        ],
        [
          -0.0018060451061980916,
          0.9999660800846653,
          -0.008035974190055646
        ],
        [
          0.0073398563619921815,
          0.008049026534239855,
          0.9999406680800799
        ]
      ],
      "id": 0,
      "t_w2c": [
        -0.982320122965301,
        -0.1297220748916382,
        0.13496981939791183
      ]
    },
    {
      "R_w2c": [
        [
          0.9999631053737262,
          0.004967541280866707,
          -0.00700795440602533
        ],
        [
          -0.005025483514703761,
          0.9999531347606845,
          -0.008274829165845836
        ],
        [
          0.006966520421091537,
          0.008309742228455543,
          0.9999412061603018
        ]
      ],
      "id": 1,
      "t_w2c": [
        -0.6365435083382739,
        -0.3860198702708359,
        0.08252790575644445
      ]
    },
    {
      "R_w2c": [
        [
          0.9997746361538615,
          0.003955115855965405,
          -0.020857467774869347
        ],
        [
          -0.004687347800914662,
          0.9993701669246259,
          -0.03517525027115813
        ],
        [
          0.02070520886171117,
          0.03526508924717532,
          0.9991634840237015
        ]
      ],
      "id": 2,
      "t_w2c": [
        -0.8163865571292065,
        -0.09131534416279836,
        -0.41427172853885874
      ]
    },
    {
      "R_w2c": [
        [
          0.9996751067301435,
          0.009873462057560168,
          -0.023498845313634505
        ],
        [
          -0.011061066647859524,
          0.9986395660761432,
          -0.050957530080096194
        ],
        [
          0.022963749447505566,
          0.05120089661568651,
          0.9984243258239766
        ]
      ],
      "id": 3,
      "t_w2c": [
        -1.7735255507904644,
        -0.07762473990972951,
        -0.7056226207692118
      ]
    },
    {
      "R_w2c": [
        [
          0.9997198320348514,
          0.016143831567142865,
          -0.017309943343068367
        ],
        [
          -0.017125977806081473,
          0.9981592955750375,
          -0.05817835973393138
        ],
        [
          0.016338859213363713,
          0.05845850972678695,
          0.998156122217426
        ]
      ],
      "id": 4,
      "t_w2c": [
        -2.7568854914341148,
        0.022689951080457627,
        -0.5058524008498818
      ]
    },
    {
      "R_w2c": [
        [
          0.9997968958484958,
          0.019566149481721924,
          0.004830408489030583
        ],
        [
          -0.01925709010395322,
          0.9981673401759233,
          -0.057368331741917106
        ],
        [
          -0.005944033347838227,
          0.05726366038406329,
          0.9983413953487947
        ]
      ],
      "id": 5,
      "t_w2c": [
        -3.610209100691529,
        0.03209557050899747,
        -0.9825088017857124
      ]
    },
    {
      "R_w2c": [
        [
          0.9997832149399233,
          0.020428198473866312,
          0.0040263918715812185
        ],
        [
          -0.02022845876585953,
          0.9987997778632067,
          -0.044607322228159045
        ],
        [
          -0.004932806538790069,
          0.044516204325180476,
          0.9989964839638474
        ]
      ],
      "id": 6,
      "t_w2c": [
        -2.621912216709165,
        -0.09767822528875353,
        -1.087022382150452
      ]
    },
    {
      "R_w2c": [
        [
          0.9967409366399461,
          0.013898011747248955,
          0.07946288753623397
        ],
        [
          -0.011323343484423726,
          0.9993990949341244,
          -0.03276020355838495
        ],
        [
          -0.07987043957846106,
          0.031753650409463,
          0.9962993619225182
        ]
      ],
      "id": 7,
      "t_w2c": [
        -3.6926329942766056,
        -0.15528656288281087,
        -0.9517080547845721
      ]
    },
    {
      "R_w2c": [
        [
          0.994272775380761,
          0.004587205309534504,
          0.10677361885825065
        ],
        [
          -0.002009460351035038,
          0.9997042156296223,
          -0.02423723006986044
        ],
        [
          -0.10685321804108858,
          0.023883860655469987,
          0.9939879028411028
        ]
      ],
      "id": 8,
      "t_w2c": [
        -4.666413517136284,
        -0.2157921332118935,
        -1.1582078074749511
      ]
    },
    {
      "R_w2c": [
        [
          0.987899490709263,
          -0.0024710549240236114,
          0.15507575614499294
        ],
        [
          0.005375802941880814,
          0.9998178217509317,
          -0.018314585770697372
        ],
        [
          -0.15500224836791535,
          0.01892662666152169,
          0.9877328008141203
        ]
      ],
      "id": 9,
      "t_w2c": [
        -5.702981192979226,
        -0.19207786688777578,
        -1.0698864945902398
      ]
    },
    {
      "R_w2c": [
        [
          0.9820508389728756,
          -0.003148132913556435,
          0.18859013476804634
        ],
        [
          0.005766966726724587,
          0.999894397457286,
          -0.01333926640800525
        ],
        [
          -0.18852822538666233,
          0.014187430799460079,
          0.9819652870849694
        ]
      ],
      "id": 10,
      "t_w2c": [
        -6.7347911587712295,
        -0.202252030570674,
        -0.8295718597441216
      ]
    },
    {
      "R_w2c": [
        [
          0.9648120038759456,
          -0.006886416781456237,
          0.2628504792477931
        ],
        [
          0.007219736178692346,
          0.9999738916811304,
          -0.00030226743948176787
        ],
        [
          -0.2628415351240981,
          0.0021893423686047686,
          0.9648365323688778
        ]
      ],
      "id": 11,
      "t_w2c": [
        -7.731531383174313,
        -0.4678805735202796,
        -0.5040910911753945
      ]
    },
    {
      "R_w2c": [
        [
          0.9560455761781814,
          -0.004558964102828677,
          0.2931826599859516
        ],
        [
          0.006286695415883924,
          0.9999679819859263,
          -0.004951006336299559
        ],
        [
          -0.2931507013992579,
          0.006576537789999678,
          0.9560436263161948
        ]
      ],
      "id": 12,
      "t_w2c": [
        -8.686250359391694,
        -0.3541573674102142,
        -0.5845353170475119
      ]
    },
    {
      "R_w2c": [
        [
          0.9341020656667433,
          -0.0038061174252037684,
          0.35698577616939975
        ],
        [
          0.00807301007355184,
          0.9999126696720331,
          -0.010463246996037134
        ],
        [
          -0.35691477613777145,
          0.012655690399709919,
          0.9340512170513088
        ]
      ],
      "id": 13,
      "t_w2c": [
        -9.705764852617204,
        -0.36776297851221246,
        -0.01427111298228181
      ]
    },
    {
      "R_w2c": [
        [
          0.9220900171615704,
          -0.006983074801761453,
          0.38691244089236504
        ],
        [
          0.014051478855273398,
          0.999782007613278,
          -0.015443224881590101
        ],
        [
          -0.38672025573139385,
          0.019676735478136694,
          0.9219871310858784
        ]
      ],
      "id": 14,
      "t_w2c": [
        -10.676048166671078,
        -0.4324869328765572,
        0.08057902883189669
      ]
    },
    {
      "R_w2c": [
        [
          0.9139307711063688,
          -0.005858068483801419,
          0.40582783130110395
        ],
        [
          0.01372798607734627,
          0.9997698818679083,
          -0.01648410470995736
        ],
        [
          -0.405637877944329,
          0.02063652934647064,
          0.9138008785470464
        ]
      ],
      "id": 15,
      "t_w2c": [
        -11.553980878608758,
        -0.3634259367691688,
        -0.16770623668693235
      ]
    },
    {
      "R_w2c": [
        [
          0.9006310192542892,
          -0.007334644375690383,
          0.43452269232902246
        ],
        [
          0.014319370468834084,
          0.9998155028609692,
          -0.012802963260261892
        ],
        [
          -0.4343486189529748,
          0.017752837259139367,
          0.9005698828979871
        ]
      ],
      "id": 16,
      "t_w2c": [
        -12.55048125115404,
        -0.33144602693227626,
        0.16207555202664115
      ]
    },
    {
      "R_w2c": [
        [
          0.8906955789188891,
          -0.009158948305182539,
          0.45450797502385815
        ],
        [
          0.015163225140481861,
          0.9998392602977213,
          -0.00956714014972325
        ],
        [
          -0.45434729260520984,
          0.015413216187687165,
          0.8906912879719142
        ]
      ],
      "id": 17,
      "t_w2c": [
        -13.458007751165677,
        -0.3213345244232337,
        0.04086891443707378
      ]
    },
    {
      "R_w2c": [
        [
          0.8848279929964618,
          -0.0048024844244302705,
          0.46589307673886576
        ],
        [
          0.011538456230768882,
          0.9998660596531748,
          -0.011607186629173599
        ],
        [
          -0.46577493152558586,
          0.01564605052359669,
          0.8847648920845295
        ]
      ],
      "id": 18,
      "t_w2c": [
        -14.066400146345886,
        -0.2549127768897586,
        -0.5791489066245851
      ]
    },
    {
      "R_w2c": [
        [
          0.8613344655105558,
          -0.0036783298091793678,
          0.5080250076654298
        ],
        [
          0.012575383482388333,
          0.9998217645913574,
          -0.014081859951551617
        ],
        [
          -0.5078826618953594,
          0.018517800604800266,
          0.8612272016180428
        ]
      ],
      "id": 19,
      "t_w2c": [
        -15.073534268425094,
        -0.31093313388778604,
        0.02648124435743796
      ]
    },
    {
      "R_w2c": [
        [
          0.8463506089676578,
          -0.0010825142789129168,
          0.532625079078061
        ],
        [
          0.01624024165279964,
          0.999585428899132,
          -0.023774458639407085
        ],
        [
          -0.5323785319217272,
          0.028771487541907805,
          0.84601731675746
        ]
      ],
      "id": 20,
      "t_w2c": [
        -16.055112532336217,
        -0.17907090897936004,
        0.34559706167850907
      ]
    },
    {
      "R_w2c": [
        [
          0.834624866901036,
          0.0012273299574668793,
          0.550817415494103
        ],
        [
          0.023187051688594088,
          0.9990328214107346,
          -0.03736017101269493
        ],
        [
          -0.5503305299403425,
          0.04395355964291003,
          0.833789177436538
        ]
      ],
      "id": 21,
      "t_w2c": [
        -15.25095955575005,
        -0.0802008381794435,
        1.2949540835026452
      ]
    },
    {
      "R_w2c": [
        [
          0.8148421207893674,
          0.007927649809763642,
          0.5796287351020304
        ],
        [
          0.02655176530758164,
          0.9983466050304322,
          -0.05098097668014584
        ],
        [
          -0.5790745391972756,
          0.05693161329792283,
          0.8132843718286726
        ]
      ],
      "id": 22,
      "t_w2c": [
        -16.181282676409133,
        0.011840286638609131,
        1.9984020850222812
      ]
    },
    {
      "R_w2c": [
        [
          0.797677853783237,
          0.012876026063801888,
          0.6029463073413527
        ],
        [
          0.029906275059580684,
          0.9976975165272891,
          -0.060871013030343965
        ],
        [
          -0.602341810184076,
          0.0665873371451652,
          0.7954561397312152
        ]
      ],
      "id": 23,
      "t_w2c": [
        -17.086612613860513,
        0.09900829722150395,
        2.7035068996129556
      ]
    },
    {
      "R_w2c": [
        [
          0.7847716634386,
          0.005520572223007281,
          0.6197604049519
        ],
        [
          0.04153899363274417,
          0.9972434514175269,
          -0.06148179090460424
        ],
        [
          -0.6183914199532455,
          0.0739933908345144,
          0.7823790832077627
        ]
      ],
      "id": 24,
      "t_w2c": [
        -17.998071150373185,
        -0.2984929605606883,
        3.139251668286932
      ]
    },
    {
      "R_w2c": [
        [
          0.7741888798383288,
          0.004672905715381429,
          0.6329373920751158
        ],
        [
          0.044664939423778,
          0.9970766181668684,
          -0.06199403754548589
        ],
        [
          -0.6313767666939796,
          0.07626520476007409,
          0.7717169150808864
        ]
      ],
      "id": 25,
      "t_w2c": [
        -18.913956142484317,
        -0.36271263894543515,
        3.6753093792168157
      ]
    },
    {
      "R_w2c": [
        [
          0.7556439094078223,
          0.008062025257461771,
          0.6549330392670771
        ],
        [
          0.04942933102186223,
          0.9963708704037397,
          -0.0692952368177295
        ],
        [
          -0.6531148623401506,
          0.08473542564737663,
          0.7525030792167989
        ]
      ],
      "id": 26,
      "t_w2c": [
        -19.715425761276727,
        -0.4349324991641467,
        4.616518630792787
      ]
    },
    {
      "R_w2c": [
        [
          0.7356738597214083,
          0.015488610362801247,
          0.6771588255879376
        ],
        [
          0.054467397913794194,
          0.9951481248457783,
          -0.08193602492451907
        ],
        [
          -0.6751424106713383,
          0.09716127091058621,
          0.7312608376960533
        ]
      ],
      "id": 27,
      "t_w2c": [
        -20.541156444318084,
        -0.39004505381918103,
        5.437958029057803
      ]
    },
    {
      "R_w2c": [
        [
          0.7187076935300057,
          0.011988330260224816,
          0.6952089838302947
        ],
        [
          0.06300161040167848,
          0.9946156994331259,
          -0.08228248615561468
        ],
        [
          -0.6924521993232272,
          0.10293634138983948,
          0.714082671175894
        ]
      ],
      "id": 28,
      "t_w2c": [
        -21.389965164976388,
        -0.5857808651648534,
        5.795089813927206
      ]
    },
    {
      "R_w2c": [
        [
          0.6863301746518479,
          0.011924654834952472,
          0.7271923362972352
        ],
        [
          0.059360751829735464,
          0.9956111559641709,
          -0.0723514150649172
        ],
        [
          -0.7248635682006459,
          0.09282364314523868,
          0.6826101220819046
        ]
      ],
      "id": 29,
      "t_w2c": [
        -22.075711424257253,
        -0.6912512477152423,
        6.543003189193775
      ]
    },
    {
      "R_w2c": [
        [
          0.6772150475847488,
          0.01675780587653249,
          0.7355942871359121
        ],
        [
          0.03778955120175516,
          0.9976290185201081,
          -0.057517747057545004
        ],
        [
          -0.7348140779440445,
          0.06674966178798403,
          0.674976113285821
        ]
      ],
      "id": 30,
      "t_w2c": [
        -21.0009803766035,
        -0.5045672479921015,
        6.730733658937052
      ]
    },
    {
      "R_w2c": [
        [
          0.6714216994334726,
          0.01385062379963647,
          0.7409460585968647
        ],
        [
          0.02127294688561629,
          0.9990530930075269,
          -0.03795232644905516
        ],
        [
          -0.7407701149889007,
          0.04124412167151638,
          0.6704912819469586
        ]
      ],
      "id": 31,
      "t_w2c": [
        -21.937636701849357,
        -0.4239634657373546,
        6.770637656511352
      ]
    },
    {
      "R_w2c": [
        [
          0.6902531653978579,
          0.010446424863304686,
          0.7234925292398068
        ],
        [
          0.011881605302256798,
          0.9995973171367423,
          -0.02576879951546966
        ],
        [
          -0.7234703830245429,
          0.026383248105614588,
          0.6898510919797973
        ]
      ],
      "id": 32,
      "t_w2c": [
        -21.114799683566766,
        -0.3658406868099201,
        6.062860533355228
      ]
    },
    {
      "R_w2c": [
        [
          0.6745350669724085,
          0.005388744828936136,
          0.7382231402859822
        ],
        [
          0.01000835917116287,
          0.9998147101319024,
          -0.016443179454140897
        ],
        [
          -0.7381749631159469,
          0.018479903490784124,
          0.6743561499650922
        ]
      ],
      "id": 33,
      "t_w2c": [
        -21.974947532905585,
        -0.4732262413363701,
        6.581559522853368
      ]
    },
    {
      "R_w2c": [
        [
          0.666033559196176,
          0.004532906592161257,
          0.7459080042353081
        ],
        [
          0.007314879808601434,
          0.9998937602588869,
          -0.012607962909574456
        ],
        [
          -0.7458859098802306,
          0.013853553810132301,
          0.6659296422963692
        ]
      ],
      "id": 34,
      "t_w2c": [
        -22.88352209867613,
        -0.45771648375915996,
        6.667252400897946
      ]
    },
    {
      "R_w2c": [
        [
          0.6471408381904175,
          0.009114694275951143,
          0.76231598297193
        ],
        [
          0.0022642513706837074,
          0.9999011384163503,
          -0.01387755595979435
        ],
        [
          -0.7623671088864828,
          0.010706808205194028,
          0.6470562228633019
        ]
      ],
      "id": 35,
      "t_w2c": [
        -23.44582485582463,
        -0.32860104617640373,
        6.562216883688206
      ]
    },
    {
      "R_w2c": [
        [
          0.6283894710209718,
          0.010247575260637947,
          0.7778313826988861
        ],
        [
          -0.0038784447221603914,
          0.9999420714410291,
          -0.010040489468205262
        ],
        [
          -0.7778892147192431,
          0.0032925618447579292,
          0.6283928139786276
        ]
      ],
      "id": 36,
      "t_w2c": [
        -24.269657251477437,
        -0.32186962894203824,
        7.256136034687824
      ]
    },
    {
      "R_w2c": [
        [
          0.5952036193245414,
          0.017457877735439598,
          0.8033852587942728
        ],
        [
          -0.016097033848341182,
          0.9998223997962006,
          -0.00980073298543039
        ],
        [
          -0.803413677406759,
          -0.007098687959108167,
          0.5953789310892748
        ]
      ],
      "id": 37,
      "t_w2c": [
        -22.05338855592487,
        0.09579606426153123,
        8.431971040000263
      ]
    },
    {
      "R_w2c": [
        [
          0.5399716302344327,
          0.01254842868027783,
          0.8415896716806981
        ],
        [
          -0.017367425817658273,
          0.9998420864264763,
          -0.0037649343711628376
        ],
        [
          -0.8415040172586448,
          -0.01258328844169946,
          0.5401042952889338
        ]
      ],
      "id": 38,
      "t_w2c": [
        -22.421334026662795,
        0.01037299182550441,
        9.717689740123605
      ]
    },
    {
      "R_w2c": [
        [
          0.5096862106992994,
          0.010902514297334038,
          0.8602912889277595
        ],
        [
          -0.017887135815267106,
          0.9998378620848933,
          -0.0020736233592143598
        ],
        [
          -0.8601744108001096,
          -0.01433124989336651,
          0.5097985859937023
        ]
      ],
      "id": 39,
      "t_w2c": [
        -23.055040385096394,
        -0.043705270111323746,
        10.408256428534534
      ]
    },
    {
      "R_w2c": [
        [
          0.5194416852322025,
          0.01065975145810496,
          0.8544394099887838
        ],
        [
          -0.01768166438546527,
          0.9998421799790154,
          -0.0017244939460706772
        ],
        [
          -0.8543229450200254,
          -0.014212136843616954,
          0.5195481890822534
        ]
      ],
      "id": 40,
      "t_w2c": [
        -22.27571797313417,
        -0.06808575575541947,
        9.701945318900982
      ]
    },
    {
      "R_w2c": [
        [
          0.5139531107143561,
          0.010038563085728983,
          0.8577595392872123
        ],
        [
          -0.015038428233339396,
          0.9998832949310628,
          -0.0026911324887984997
        ],
        [
          -0.857686449504309,
          -0.011516239359070552,
          0.5140440939916702
        ]
      ],
      "id": 41,
      "t_w2c": [
        -23.037699890502264,
        -0.24911216138334163,
        9.297278855553621
      ]
    },
    {
      "R_w2c": [
        [
          0.5052044220428091,
          0.013081739431179521,
          0.8629005504934192
        ],
        [
          -0.013177854219564737,
          0.9998854649972986,
          -0.007443187845559053
        ],
        [
          -0.8628990880204702,
          -0.007610846246712718,
          0.505318947708128
        ]
      ],
      "id": 42,
      "t_w2c": [
        -23.732471514300748,
        -0.32950347278001535,
        8.925751640345807
      ]
    },
    {
      "R_w2c": [
        [
          0.4974414257437168,
          0.015569128570806265,
          0.867357844369672
        ],
        [
          -0.009401317232624901,
          0.9998769725634968,
          -0.012556073094235001
        ],
        [
          -0.8674466226738969,
          -0.0019083953473864011,
          0.49752659711702674
        ]
      ],
      "id": 43,
      "t_w2c": [
        -24.646815338759144,
        -0.42928437611019105,
        9.136092854954411
      ]
    },
    {
      "R_w2c": [
        [
          0.47346158400825106,
          0.024462521672764026,
          0.8804747091778431
        ],
        [
          -0.0036952479037312465,
          0.9996606343827144,
          -0.025786841770155163
        ],
        [
          -0.8808067175103331,
          0.008955506627689989,
          0.4733913025074643
        ]
      ],
      "id": 44,
      "t_w2c": [
        -25.38282917615992,
        -0.19673066279705798,
        9.827627319807483
      ]
    },
    {
      "R_w2c": [
        [
          0.47066891518096304,
          0.008015239729348585,
          0.8822734996668871
        ],
        [
          0.02841649391972843,
          0.9993022714781663,
          -0.024237844208739173
        ],
        [
          -0.8818521844139671,
          0.036479119378874075,
          0.4701127510434666
        ]
      ],
      "id": 45,
      "t_w2c": [
        -25.010109999825968,
        -1.2885318672976063,
        11.686021204986094
      ]
    },
    {
      "R_w2c": [
        [
          0.35449544279559736,
          0.004501117121011174,
          0.9350469084392591
        ],
        [
          -0.0032520365787843584,
          0.9999883009336954,
          -0.0035808174808562468
        ],
        [
          -0.9350520869423496,
          -0.0017714232706773484,
          0.35450593332743036
        ]
      ],
      "id": 46,
      "t_w2c": [
        -24.308848971052896,
        -0.9225659912617109,
        14.868327968736217
      ]
    },
    {
      "R_w2c": [
        [
          0.332343293096468,
          0.027355328222118495,
          0.9427616992388137
        ],
        [
          -0.03822675435690993,
          0.9991486263143188,
          -0.015515727038924221
        ],
        [
          -0.9423834945419682,
          -0.03088217207500314,
          0.3331060501744125
        ]
      ],
      "id": 47,
      "t_w2c": [
        -24.879306508544147,
        0.10501509457123062,
        15.025197784174383
      ]
    },
    {
      "R_w2c": [
        [
          0.3301327205614729,
          0.03604405282432726,
          0.9432461041905646
        ],
        [
          -0.04520652589007664,
          0.9987277923355233,
          -0.022342041839574965
        ],
        [
          -0.9428513970035948,
          -0.03526504037440755,
          0.33134214959126634
        ]
      ],
      "id": 48,
      "t_w2c": [
        -25.72890517484304,
        0.35484461314909155,
        14.60122950513552
      ]
    },
    {
      "R_w2c": [
        [
          0.3406848011717866,
          0.033939252032381316,
          0.9395647893690049
        ],
        [
          -0.03802634261206234,
          0.9990279056409248,
          -0.02229890172759583
        ],
        [
          -0.939408251783052,
          -0.028131315685360776,
          0.3416442090241254
        ]
      ],
      "id": 49,
      "t_w2c": [
        -26.884810614816338,
        0.16938111048283142,
        14.216584328025453
      ]
    },
    {
      "R_w2c": [
        [
          0.3525273966758817,
          0.028298601004620297,
          0.9353735209926071
        ],
        [
          -0.02334012253762692,
          0.9994976118002508,
          -0.021442077453547023
        ],
        [
          -0.9355103811678704,
          -0.014272812854397444,
          0.35301078388679463
        ]
      ],
      "id": 50,
      "t_w2c": [
        -26.090091027701277,
        -0.08351842093735402,
        13.655186259835041
      ]
    },
    {
      "R_w2c": [
        [
          0.3721565881941781,
          0.02797738520577516,
          0.9277482092576177
        ],
        [
          -0.009753255459370648,
          0.9996083014571553,
          -0.026231996986214617
        ],
        [
          -0.9281187143203249,
          0.000713845213046389,
          0.37228368558586955
        ]
      ],
      "id": 51,
      "t_w2c": [
        -25.390112772374792,
        -0.2372468897741677,
        13.284175905990312
      ]
    },
    {
      "R_w2c": [
        [
          0.39892858810692056,
          0.02084573995887992,
          0.9167450227389214
        ],
        [
          0.0076284568919779555,
          0.9996315324644203,
          -0.026050066185745003
        ],
        [
          -0.9169502648652575,
          0.017385466010470304,
          0.3986225750445308
        ]
      ],
      "id": 52,
      "t_w2c": [
        -24.81526529633368,
        -0.6120846828125478,
        12.212561980739292
      ]
    },
    {
      "R_w2c": [
        [
          0.4060357170946687,
          0.01071210680534471,
          0.9137944228387527
        ],
        [
          0.02483691374915289,
          0.999432574828754,
          -0.02275205675503528
        ],
        [
          -0.9135196353438908,
          0.031933980944412396,
          0.40553926653556815
        ]
      ],
      "id": 53,
      "t_w2c": [
        -25.87915687995254,
        -1.0600083212047922,
        11.78670991218884
      ]
    },
    {
      "R_w2c": [
        [
          0.2977855028856442,
          0.008167150679833422,
          0.9545978692208131
        ],
        [
          0.02330892033935953,
          0.9996030786210113,
          -0.015823382824466332
        ],
        [
          -0.9543482008699745,
          0.02696261970152606,
          0.29747693798860025
        ]
      ],
      "id": 54,
      "t_w2c": [
        -25.31932347070975,
        -1.2330700226055282,
        14.883930229712186
      ]
    },
    {
      "R_w2c": [
        [
          0.3170923536986703,
          0.01169446965320127,
          0.9483225604220159
        ],
        [
          -0.000422797603800598,
          0.9999256164645677,
          -0.012189453644055485
        ],
        [
          -0.9483945700329709,
          0.00346423404011791,
          0.3170737116420907
        ]
      ],
      "id": 55,
      "t_w2c": [
        -24.621265622120383,
        -0.7973970000530126,
        14.335133550656156
      ]
    },
    {
      "R_w2c": [
        [
          0.32442198972929215,
          0.006015609183229172,
          0.9458933264519006
        ],
        [
          -0.019800045993745186,
          0.9998038663077187,
          0.0004325445449205982
        ],
        [
          -0.9457052028823426,
          -0.01886905833083395,
          0.3244774689850976
        ]
      ],
      "id": 56,
      "t_w2c": [
        -25.633957590753685,
        -0.6135244541985803,
        13.741268956819017
      ]
    },
    {
      "R_w2c": [
        [
          0.2703103631927219,
          0.006716946920639899,
          0.9627498066344569
        ],
        [
          -0.031175994758923277,
          0.9995123258793064,
          0.0017798219380717167
        ],
        [
          -0.962268343499572,
          -0.030495787240288764,
          0.2703879473260313
        ]
      ],
      "id": 57,
      "t_w2c": [
        -25.8101490256107,
        -0.49730204090456037,
        15.210171653163314
      ]
    },
    {
      "R_w2c": [
        [
          0.2272136104817496,
          0.015538882249679226,
          0.9737209653439113
        ],
        [
          -0.02845356348341143,
          0.9995517441415547,
          -0.009311579279118406
        ],
        [
          -0.9734291807506817,
          -0.025590113755246096,
          0.22755389722228517
        ]
      ],
      "id": 58,
      "t_w2c": [
        -26.11089622452868,
        -0.4118864732584851,
        16.266373476091932
      ]
    },
    {
      "R_w2c": [
        [
          0.20083788127304103,
          0.02737034560795783,
          0.9792420587510817
        ],
        [
          -0.020233735832628632,
          0.9995122667692643,
          -0.023787066065884325
        ],
        [
          -0.9794155100773172,
          -0.015036381182594736,
          0.20129373030703274
        ]
      ],
      "id": 59,
      "t_w2c": [
        -26.551741876529007,
        -0.3304715465076768,
        16.48233342302401
      ]
    },
    {
      "R_w2c": [
        [
          0.1970009954567495,
          0.027192199510254752,
          0.9800261180574957
        ],
        [
          -0.010824394624323472,
          0.9996146894341502,
          -0.025559834672484474
        ],
        [
          -0.9803435317632626,
          -0.005572876569808779,
          0.1972194279899194
        ]
      ],
      "id": 60,
      "t_w2c": [
        -27.486780413415097,
        -0.5010237851583812,
        16.57019626697354
      ]
    },
    {
      "R_w2c": [
        [
          0.197444349127448,
          0.025422591111639338,
          0.9799843982731606
        ],
        [
          -0.008364236159349031,
          0.9996709805786149,
          -0.024248095646076925
        ],
        [
          -0.9802784137943206,
          -0.0034091714772145117,
          0.19759202665778264
        ]
      ],
      "id": 61,
      "t_w2c": [
        -28.425001333479337,
        -0.5221656058722357,
        16.200161059289314
      ]
    },
    {
      "R_w2c": [
        [
          0.20861479331917948,
          0.032465919466986945,
          0.977458864649331
        ],
        [
          -0.013943764180995678,
          0.9994460003026878,
          -0.030220256772970994
        ],
        [
          -0.9778984811568432,
          -0.007325063284548161,
          0.20895191791179268
        ]
      ],
      "id": 62,
      "t_w2c": [
        -29.528370126846635,
        -0.29364360651592314,
        15.47581368753767
      ]
    },
    {
      "R_w2c": [
        [
          0.11890170545574415,
          0.009867927140634244,
          0.9928569929519874
        ],
        [
          -0.011495064215003391,
          0.9998972786810731,
          -0.008561284067087331
        ],
        [
          -0.9928394874995697,
          -0.01039500361383049,
          0.11900292417188764
        ]
      ],
      "id": 63,
      "t_w2c": [
        -28.975902633720892,
        -1.0070476729393725,
        18.069886918487086
      ]
    },
    {
      "R_w2c": [
        [
          0.025357800931372403,
          0.016448632280368237,
          0.9995431078387915
        ],
        [
          -0.02774065248409892,
          0.9994911616538811,
          -0.01574401395868829
        ],
        [
          -0.9992934694731479,
          -0.02732874442560696,
          0.0258011937018137
        ]
      ],
      "id": 64,
      "t_w2c": [
        -28.16034139952231,
        -0.49849979081189716,
        20.631342109445377
      ]
    },
    {
      "R_w2c": [
        [
          0.046853356522618995,
          0.030619386934531454,
          0.9984323793459012
        ],
        [
          -0.06328829206487455,
          0.997612895082597,
          -0.027624330805114714
        ],
        [
          -0.9968948565771997,
          -0.06189478741116021,
          0.04867936134802704
        ]
      ],
      "id": 65,
      "t_w2c": [
        -29.591300727749342,
        0.6115696811969571,
        19.812608604920538
      ]
    },
    {
      "R_w2c": [
        [
          0.0747402742160922,
          0.03326668642846915,
          0.9966479915116337
        ],
        [
          -0.05577405300136773,
          0.9980183903195711,
          -0.029129840297082196
        ],
        [
          -0.9956420774665484,
          -0.05340992565060165,
          0.07644758609722897
        ]
      ],
      "id": 66,
      "t_w2c": [
        -31.133693422727454,
        0.451132355950812,
        18.959959252593688
      ]
    },
    {
      "R_w2c": [
        [
          0.07423372117182518,
          0.03290442242383672,
          0.9966978747975422
        ],
        [
          -0.021824461641111424,
          0.9992697342555564,
          -0.031363849810012175
        ],
        [
          -0.9970020298450045,
          -0.019424139254624793,
          0.07489763213318278
        ]
      ],
      "id": 67,
      "t_w2c": [
        -32.10404826269586,
        -0.1802063932076316,
        18.783993664764054
      ]
    },
    {
      "R_w2c": [
        [
          0.06397871766807996,
          0.03709198928474188,
          0.9972617048781373
        ],
        [
          0.010961292546623091,
          0.9992226249210046,
          -0.03786813847662375
        ],
        [
          -0.9978910630681365,
          0.013354032232925033,
          0.06352240606169245
        ]
      ],
      "id": 68,
      "t_w2c": [
        -32.82970110163428,
        -0.8059788560026613,
        18.72492870047267
      ]
    },
    {
      "R_w2c": [
        [
          0.019737211339222894,
          0.042279242267147785,
          0.9989108609690188
        ],
        [
          0.034516662193055256,
          0.9984810933761498,
          -0.04294305766265583
        ],
        [
          -0.9992092085842689,
          0.035326644953681895,
          0.01824789403506994
        ]
      ],
      "id": 69,
      "t_w2c": [
        -32.93176989935544,
        -1.1465170384355527,
        19.863635442230628
      ]
    },
    {
      "R_w2c": [
        [
          -0.1073697100826869,
          0.032475708272258395,
          0.9936886201064071
        ],
        [
          0.02286422535904449,
          0.9992826981780379,
          -0.030188016177811465
        ],
        [
          -0.9939562226554502,
          0.019478642001847755,
          -0.10803522550665252
        ]
      ],
      "id": 70,
      "t_w2c": [
        -31.12941652907239,
        -1.2330180575033702,
        23.866574996060884
      ]
    },
    {
      "R_w2c": [
        [
          -0.16100718459086208,
          0.02031691631153707,
          0.9867440952048886
        ],
        [
          -0.03967414896935333,
          0.9988467420455897,
          -0.02703974497789683
        ],
        [
          -0.9861554889639269,
          -0.04350182543873459,
          -0.16001544541017357
        ]
      ],
      "id": 71,
      "t_w2c": [
        -30.769327161217536,
        -0.000676748560985506,
        25.421994892553705
      ]
    },
    {
      "R_w2c": [
        [
          -0.16691827479982493,
          0.01833271595966017,
          0.9858002845725865
        ],
        [
          -0.07130504886209324,
          0.9969846321502331,
          -0.03061426567858954
        ],
        [
          -0.9833889767251943,
          -0.07540261787104738,
          -0.1651077395931765
        ]
      ],
      "id": 72,
      "t_w2c": [
        -31.24382910689719,
        0.641054518425873,
        24.829258481362864
      ]
    },
    {
      "R_w2c": [
        [
          -0.20119342621453934,
          0.014137261145207743,
          0.9794495102328487
        ],
        [
          -0.06604377685534099,
          0.9974248269759254,
          -0.027963084070393482
        ],
        [
          -0.9773225796975822,
          -0.07031253358653895,
          -0.19974164021031066
        ]
      ],
      "id": 73,
      "t_w2c": [
        -31.352510075916836,
        0.5108360797955399,
        25.892960030920264
      ]
    },
    {
      "R_w2c": [
        [
          -0.2056259802267718,
          0.00598993920614142,
          0.9786123220581713
        ],
        [
          -0.05419149999659564,
          0.9983772404090385,
          -0.0174976330214107
        ],
        [
          -0.9771290792847678,
          -0.056630437589159754,
          -0.20496769490473873
        ]
      ],
      "id": 74,
      "t_w2c": [
        -30.62771363924341,
        0.05889493307914226,
        25.26427984808744
      ]
    },
    {
      "R_w2c": [
        [
          -0.2411517439642002,
          0.004189556334335164,
          0.9704783789455314
        ],
        [
          -0.05766775179024171,
          0.9981618236744445,
          -0.01863878113949558
        ],
        [
          -0.9687725567884775,
          -0.06046008085198344,
          -0.24046686224277913
        ]
      ],
      "id": 75,
      "t_w2c": [
        -30.64979362005083,
        -0.09090130885434944,
        26.28874334046165
      ]
    },
    {
      "R_w2c": [
        [
          -0.2945215324284587,
          0.011501369240768566,
          0.955575630414244
        ],
        [
          -0.060317072123791685,
          0.9977101526821339,
          -0.03059905301486427
        ],
        [
          -0.9537394391270635,
          -0.06664960420423113,
          -0.29315339416935576
        ]
      ],
      "id": 76,
      "t_w2c": [
        -30.156200024405408,
        0.45987038552663345,
        27.859638144129047
      ]
    },
    {
      "R_w2c": [
        [
          -0.32933622930997847,
          0.018429979133702912,
          0.9440328299021261
        ],
        [
          -0.06211630685382588,
          0.9972207401205377,
          -0.04113830205888522
        ],
        [
          -0.9421672953816251,
          -0.07218816622257426,
          -0.3272761161018252
        ]
      ],
      "id": 77,
      "t_w2c": [
        -30.052135588114666,
        0.9943837417219177,
        28.57064943326046
      ]
    },
    {
      "R_w2c": [
        [
          -0.37021462758419227,
          0.024745859711659466,
          0.9286165903912275
        ],
        [
          -0.056341947206715245,
          0.9972066419688761,
          -0.0490356829065643
        ],
        [
          -0.9272360619106946,
          -0.0704737939966927,
          -0.3677862556595314
        ]
      ],
      "id": 78,
      "t_w2c": [
        -29.777687178609245,
