{
  "K": [
    [
      3183.8330165146126,
      0.0,
      1100.814254448177
    ],
    [
      0.0,
      3183.592270336112,
      1927.6877827756523
    ],
    [
      0.0,
      0.0,
      1.0
    ]
  ],
  "cameras_optimized": [
    {
      "R_w2c": [
        [
          1.0,
          0.0,
          -0.0
        ],
        [
          -0.0,
          1.0,
          0.0
        ],
        [
          0.0,
          -0.0,
          1.0
        ]
      ],
      "id": 0,
      "t_w2c": [
        0.0,
        0.0,
        0.0
      ]
    },
    {
      "R_w2c": [
        [
          0.999950047642135,
          0.0029241882477041067,
          -0.00955778968086995
        ],
        [
          -0.0029228118612687932,
          0.9999957160986976,
          0.00015797175873808844
        ],
        [
          0.00955821067540266,
          -0.00013002824662948379,
          0.9999543108069187
        ]
      ],
      "id": 1,
      "t_w2c": [
        0.6917092563602586,
        -0.05017932821003206,
        -0.7204308414325854
      ]
    },
    {
      "R_w2c": [
        [
          0.9997240447919026,
          0.0034006191987551847,
          -0.023243709987499944
        ],
        [
          -0.003399625150031233,
          0.9999942178725704,
          8.228162273423391e-05
        ],
        [
          0.023243855397872833,
          -3.2390156383729147e-06,
          0.9997298250906349
        ]
      ],
      "id": 2,
      "t_w2c": [
        1.4725841668549495,
        -0.12265753091484047,
        -1.3435043432552614
      ]
    },
    {
      "R_w2c": [
        [
          0.9990599455231358,
          0.0011946480919264755,
          -0.04333356744194047
        ],
        [
          -0.0012206313086884015,
          0.999999090775967,
          -0.0005731548197970239
        ],
        [
          0.04333284332370766,
          0.0006255103321795331,
          0.9990604953786869
        ]
      ],
      "id": 3,
      "t_w2c": [
        2.2931820053435685,
        -0.1680149723115822,
        -1.9201039423252284
      ]
    },
    {
      "R_w2c": [
        [
          0.9978676678472969,
          -0.002742474880199618,
          -0.06521193369720181
        ],
        [
          0.00292547230672533,
          0.9999920463626154,
          0.002710871315913126
        ],
        [
          0.0652039805286407,
          -0.002895866543943536,
          0.997867754204023
        ]
      ],
      "id": 4,
      "t_w2c": [
        3.176596754013344,
        -0.20470107953023842,
        -2.4080425651178867
      ]
    },
    {
      "R_w2c": [
        [
          0.9956163440903482,
          -0.006696730847288931,
          -0.09329120631725411
        ],
        [
          0.007593423393649211,
          0.9999282926739231,
          0.00926009888596501
        ],
        [
          0.09322250426444402,
          -0.009927905427230781,
          0.9955958022171918
        ]
      ],
      "id": 5,
      "t_w2c": [
        4.044329855591843,
        -0.23877451704004596,
        -2.9149323174732547
      ]
    },
    {
      "R_w2c": [
        [
          0.992464144690308,
          -0.007495338110491233,
          -0.12230593366940513
        ],
        [
          0.009665658746214749,
          0.9998060126403809,
          0.017161355690739847
        ],
        [
          0.12215357770093037,
          -0.018214197614821914,
          0.9923440665717265
        ]
      ],
      "id": 6,
      "t_w2c": [
        4.988486945460392,
        -0.2920530672644974,
        -3.3018198515022927
      ]
    },
    {
      "R_w2c": [
        [
          0.9883842961650532,
          -0.0048448177206427264,
          -0.15189802775403688
        ],
        [
          0.008067162915189443,
          0.9997551519568136,
          0.02060478144286462
        ],
        [
          0.15176100940891307,
          -0.021590828540428274,
          0.9881813761380679
        ]
      ],
      "id": 7,
      "t_w2c": [
        5.90638558880999,
        -0.3341776989000676,
        -3.7192438662974467
      ]
    },
    {
      "R_w2c": [
        [
          0.9844181775459306,
          -0.0026982264445501933,
          -0.17582255626398574
        ],
        [
          0.00562980920312979,
          0.9998532965524836,
          0.016176854498562016
        ],
        [
          0.175753113672233,
          -0.016914637069272903,
          0.9842889505055565
        ]
      ],
      "id": 8,
      "t_w2c": [
        6.855629152338904,
        -0.3775564746751937,
        -4.082024878171335
      ]
    },
    {
      "R_w2c": [
        [
          0.9802271963461283,
          -0.00045067972816088765,
          -0.19787480999660229
        ],
        [
          0.0022003850954638604,
          0.9999604028777569,
          0.008622701547999203
        ],
        [
          0.19786308864677232,
          -0.008887607346008948,
          0.9801893738389652
        ]
      ],
      "id": 9,
      "t_w2c": [
        7.77611138615318,
        -0.4130101835310269,
        -4.483278073671495
      ]
    },
    {
      "R_w2c": [
        [
          0.9754881637510675,
          0.0018194456311146317,
          -0.22004438642957025
        ],
        [
          -0.0017058594653644324,
          0.9999982956563618,
          0.0007062066667083804
        ],
        [
          0.2200452963029545,
          -0.0003135314451449295,
          0.975489604902573
        ]
      ],
      "id": 10,
      "t_w2c": [
        8.774392627714176,
        -0.44492687706058254,
        -4.743088653340485
      ]
    },
    {
      "R_w2c": [
        [
          0.9697060454886918,
          0.0042088874957583395,
          -0.24423855266671438
        ],
        [
          -0.0050801132322006335,
          0.999982782215903,
          -0.002937298297737882
        ],
        [
          0.24422198466196973,
          0.004089075419935773,
          0.9697107309244231
        ]
      ],
      "id": 11,
      "t_w2c": [
        9.776573510821306,
        -0.5257752122245305,
        -4.978289387816432
      ]
    },
    {
      "R_w2c": [
        [
          0.9629162244949978,
          0.005013431136086971,
          -0.26975398071676826
        ],
        [
          -0.006556546900839008,
          0.9999668904194332,
          -0.0048197258870501
        ],
        [
          0.269720885911781,
          0.0064096468805165995,
          0.9629172135390618
        ]
      ],
      "id": 12,
      "t_w2c": [
        10.84584168841796,
        -0.5946283301114876,
        -5.048568569588905
      ]
    },
    {
      "R_w2c": [
        [
          0.9569667408794633,
          0.005210877769078834,
          -0.2901508290586361
        ],
        [
          -0.005669409234890724,
          0.9999836551396258,
          -0.0007397651797598691
        ],
        [
          0.2901422317579181,
          0.0023529144628671437,
          0.9569806419902468
        ]
      ],
      "id": 13,
      "t_w2c": [
        11.841271619529227,
        -0.6906373921043375,
        -5.263043254809754
      ]
    },
    {
      "R_w2c": [
        [
          0.950491130266194,
          0.0024061077314439317,
          -0.3107423722810868
        ],
        [
          -0.00017029479521462362,
          0.9999739065210618,
          0.007221999493878194
        ],
        [
          0.3107516408403592,
          -0.006811528653066051,
          0.9504667383935288
        ]
      ],
      "id": 14,
      "t_w2c": [
        12.838528135720832,
        -0.7579820256127864,
        -5.463199283360266
      ]
    },
    {
      "R_w2c": [
        [
          0.9452865339660005,
          -0.0017933373058981869,
          -0.32623634476227925
        ],
        [
          0.007869626063919256,
          0.9998192591460036,
          0.01730658910215186
        ],
        [
          0.32614634397484754,
          -0.018927043668885868,
          0.9451297949645839
        ]
      ],
      "id": 15,
      "t_w2c": [
        13.793913707847015,
        -0.7735392669050299,
        -5.746123231864097
      ]
    },
    {
      "R_w2c": [
        [
          0.9385863077737273,
          -0.003290483873551615,
          -0.3450288619457218
        ],
        [
          0.012881465065500591,
          0.9995916044645894,
          0.02550866797137888
        ],
        [
          0.3448040178383198,
          -0.028386563719225676,
          0.9382453795691008
        ]
      ],
      "id": 16,
      "t_w2c": [
        14.780079204566027,
        -0.8250904078724803,
        -5.949920888904331
      ]
    },
    {
      "R_w2c": [
        [
          0.9275678096503052,
          -0.0009353414779395483,
          -0.3736536947988803
        ],
        [
          0.011913472570030439,
          0.9995624873163975,
          0.027072183531805884
        ],
        [
          0.37346489483197515,
          -0.029562799024725236,
          0.9271731301337228
        ]
      ],
      "id": 17,
      "t_w2c": [
        15.880425698324727,
        -0.8983714570863236,
        -5.867497250380835
      ]
    },
    {
      "R_w2c": [
        [
          0.911717231239005,
          0.0027889381058771004,
          -0.4108088510318687
        ],
        [
          0.0073953471006632365,
          0.9997035011254574,
          0.023199540486035664
        ],
        [
          0.41075174875238596,
          -0.024189494863350963,
          0.9114262829407065
        ]
      ],
      "id": 18,
      "t_w2c": [
        17.00567965078966,
        -0.941855199573192,
        -5.65319016273165
      ]
    },
    {
      "R_w2c": [
        [
          0.8924395268591666,
          0.007407931146473087,
          -0.4511062108367784
        ],
        [
          0.0008974170631012072,
          0.999834066041967,
          0.018194367936326675
        ],
        [
          0.45116613962264684,
          -0.016642203523472825,
          0.8922847928323567
        ]
      ],
      "id": 19,
      "t_w2c": [
        18.196889307516006,
        -1.0060343831264158,
        -5.175493204462686
      ]
    },
    {
      "R_w2c": [
        [
          0.8702753202684572,
          0.013928864206211162,
          -0.49236861564640677
        ],
        [
          -0.005700976372265107,
          0.9998179723393231,
          0.018207719672908688
        ],
        [
          0.4925326037939387,
          -0.013038747225453853,
          0.8701963142134961
        ]
      ],
      "id": 20,
      "t_w2c": [
        19.342407642242,
        -1.1354144843930838,
        -4.688175522627169
      ]
    },
    {
      "R_w2c": [
        [
          0.8445758193634213,
          0.011796670272540128,
          -0.5353060096029993
        ],
        [
          0.005266596389035278,
          0.9995258784400233,
          0.030336138369523175
        ],
        [
          0.5354100749043489,
          -0.0284404096169662,
          0.8441132594573661
        ]
      ],
      "id": 21,
      "t_w2c": [
        20.52882038192205,
        -1.2105503587248725,
        -3.9168505568298557
      ]
    },
    {
      "R_w2c": [
        [
          0.828569339966595,
          0.014396214328296613,
          -0.5597013470417371
        ],
        [
          0.011802644514532515,
          0.9989981155330192,
          0.04316784386485071
        ],
        [
          0.5597620444883566,
          -0.042373507932319,
          0.8275692958149939
        ]
      ],
      "id": 22,
      "t_w2c": [
        21.590352443667076,
        -1.3697861269918172,
        -3.5735963456549795
      ]
    },
    {
      "R_w2c": [
        [
          0.7905596742494544,
          0.009469898532914175,
          -0.6123117853449932
        ],
        [
          0.02261920313066737,
          0.9987465790230328,
          0.0446502244061853
        ],
        [
          0.611967134003396,
          -0.04914867151373888,
          0.7893545686116629
        ]
      ],
      "id": 23,
      "t_w2c": [
        22.76447433961657,
        -1.2885663056131105,
        -2.3563276246447344
      ]
    },
    {
      "R_w2c": [
        [
          0.7592173606876774,
          -0.0007818324058104231,
          -0.6508366830231118
        ],
        [
          0.0338996985579356,
          0.9986893709791648,
          0.038345152639172264
        ],
        [
          0.6499536980955785,
          -0.05117547294680866,
          0.758248812264518
        ]
      ],
      "id": 24,
      "t_w2c": [
        23.846036606966404,
        -1.0719406080830785,
        -1.4257040648816042
      ]
    },
    {
      "R_w2c": [
        [
          0.7355207137048336,
          -0.010846644520291784,
          -0.6774154043227704
        ],
        [
          0.04379734397563278,
          0.998541639192835,
          0.03156560562964542
        ],
        [
          0.6760851073436037,
          -0.052886152258758846,
          0.7349231133441451
        ]
      ],
      "id": 25,
      "t_w2c": [
        24.885551401936127,
        -0.8205576563170905,
        -0.7003088493685129
      ]
    },
    {
      "R_w2c": [
        [
          0.7066117929819367,
          -0.013412815183800005,
          -0.7074742895736196
        ],
        [
          0.04871194318760627,
          0.9983704661238306,
          0.029724719722351366
        ],
        [
          0.7059227440802144,
          -0.0554662848992985,
          0.706113709419191
        ]
      ],
      "id": 26,
      "t_w2c": [
        25.894412020807454,
        -0.7056056087035824,
        0.26555302972233025
      ]
    },
    {
      "R_w2c": [
        [
          0.6516238961159058,
          -0.0068656905320664645,
          -0.7585111471193059
        ],
        [
          0.04668478022754692,
          0.9984263923347008,
          0.031068800823654354
        ],
        [
          0.7571042393923263,
          -0.05565609924376801,
          0.6509190190116855
        ]
      ],
      "id": 27,
      "t_w2c": [
        26.7978260832389,
        -0.7833082614913889,
        2.1592020490788397
      ]
    },
    {
      "R_w2c": [
        [
          0.5729787394692619,
          -0.0022130562455454257,
          -0.8195672434268404
        ],
        [
          0.04746513484855808,
          0.9984075028311681,
          0.030488018371802955
        ],
        [
          0.8181946132125437,
          -0.05636985606230735,
          0.5721713154619784
        ]
      ],
      "id": 28,
      "t_w2c": [
        27.429747289644187,
        -0.7903453772858328,
        5.016301166783396
      ]
    },
    {
      "R_w2c": [
        [
          0.5608502031459808,
          0.02040332096337307,
          -0.8276658469000504
        ],
        [
          0.008317194054202675,
          0.9995069889590088,
          0.0302754571420601
        ],
        [
          0.8278755183686597,
          -0.02386385374916556,
          0.560403999423685
        ]
      ],
      "id": 29,
      "t_w2c": [
        28.313643561150922,
        -1.6547332510244233,
        5.50407267797303
      ]
    },
    {
      "R_w2c": [
        [
          0.5492776620703478,
          0.011829348245850552,
          -0.8355561719421447
        ],
        [
          -0.010282761453759351,
          0.999919774050019,
          0.007396639821158281
        ],
        [
          0.8355766360827819,
          0.004529015769155151,
          0.5493552341142705
        ]
      ],
      "id": 30,
      "t_w2c": [
        29.223440628438457,
        -1.6530843842737217,
        6.058677175605473
      ]
    },
    {
      "R_w2c": [
        [
          0.5859464484264079,
          0.02242169263645746,
          -0.8100395220455574
        ],
        [
          -0.016629754445757285,
          0.9997393350252254,
          0.015643313919817055
        ],
        [
          0.8101791226905026,
          0.004304614110040022,
          0.5861665799530121
        ]
      ],
      "id": 31,
      "t_w2c": [
        30.429516490959568,
        -2.0092090275790024,
        4.921428514647225
      ]
    },
    {
      "R_w2c": [
        [
          0.4982472216008953,
          -0.024038802388460144,
          -0.8667017030943904
        ],
        [
          0.04811421499167042,
          0.9988418395193366,
          -4.4060901561723126e-05
        ],
        [
          0.8656989826046486,
          -0.04167871885454605,
          0.49882677946549747
        ]
      ],
      "id": 32,
      "t_w2c": [
        30.776639219070724,
        -0.22776817034050587,
        8.348925458316053
      ]
    },
    {
      "R_w2c": [
        [
          0.4815888240981393,
          -0.04044469163366569,
          -0.8754635523095348
        ],
        [
          0.0606114025005705,
          0.9980797840947261,
          -0.012767242002058986
        ],
        [
          0.8742988404376878,
          -0.046914512680864495,
          0.48311547906192337
        ]
      ],
      "id": 33,
      "t_w2c": [
        31.578126908742203,
        0.3594698794371588,
        9.188411033623652
      ]
    },
    {
      "R_w2c": [
        [
          0.4622617362701767,
          -0.024992317664175097,
          -0.8863912630651629
        ],
        [
          0.037555650732955144,
          0.9992576254400471,
          -0.00858901030053936
        ],
        [
          0.8859478880151508,
          -0.029318629874048464,
          0.4628571676703329
        ]
      ],
      "id": 34,
      "t_w2c": [
        32.31431961235198,
        -0.24374703462462602,
        10.207150022139215
      ]
    },
    {
      "R_w2c": [
        [
          0.42754811098921575,
          -0.02683630365096192,
          -0.9035941708510001
        ],
        [
          0.031294284007574696,
          0.9993995304470185,
          -0.014874351439040702
        ],
        [
          0.9034507626749818,
          -0.021917831750248595,
          0.42813120427429874
        ]
      ],
      "id": 35,
      "t_w2c": [
        32.75765426593149,
        -0.251544092676386,
        11.95488151549331
      ]
    },
    {
      "R_w2c": [
        [
          0.4040052806112074,
          -0.02645234174251597,
          -0.9143741066186185
        ],
        [
          0.021126689006988664,
          0.9995850009764712,
          -0.019582870945553964
        ],
        [
          0.9145126550517831,
          -0.01140611411504306,
          0.404396469211754
        ]
      ],
      "id": 36,
      "t_w2c": [
        33.39263818093321,
        -0.41827421406619125,
        13.089175999816314
      ]
    },
    {
      "R_w2c": [
        [
          0.3865882446334994,
          -0.026580178652942453,
          -0.921869309183231
        ],
        [
          0.013310675837462982,
          0.9996412834202435,
          -0.023240705468607792
        ],
        [
          0.9221563614810341,
          -0.003286120007890669,
          0.3868033691623615
        ]
      ],
      "id": 37,
      "t_w2c": [
        34.04320661439643,
        -0.5752830586464991,
        14.139184963826926
      ]
    },
    {
      "R_w2c": [
        [
          0.36696075920793,
          -0.03122245909310291,
          -0.9297122991816977
        ],
        [
          0.014702370742154245,
          0.9995063987177573,
          -0.027763271003600952
        ],
        [
          0.9301202295919058,
          -0.003480943900533032,
          0.36723867107572084
        ]
      ],
      "id": 38,
      "t_w2c": [
        34.62015293923143,
        -0.42923885048364796,
        15.32826036868645
      ]
    },
    {
      "R_w2c": [
        [
          0.3411595240203182,
          -0.03743241949664197,
          -0.9392598113093401
        ],
        [
          0.021492857180727694,
          0.9992562144902917,
          -0.032016790793904445
        ],
        [
          0.9397596694157707,
          -0.00926454387216234,
          0.3417103041560234
        ]
      ],
      "id": 39,
      "t_w2c": [
        35.06437102371571,
        -0.1005885344793735,
        16.755030700283996
      ]
    },
    {
      "R_w2c": [
        [
          0.3155090423100275,
          -0.042248858776535905,
          -0.9479815811252292
        ],
        [
          0.030796339701990874,
          0.9989380073642022,
          -0.034270145961120026
        ],
        [
          0.948422706224165,
          -0.01838182187154514,
          0.31647508423747034
        ]
      ],
      "id": 40,
      "t_w2c": [
        35.437097872985,
        0.24715567198114285,
        18.23995109522799
      ]
    },
    {
      "R_w2c": [
        [
          0.2892848548640979,
          -0.0444955959125036,
          -0.9562083531797079
        ],
        [
          0.03718466382366918,
          0.9986874699415049,
          -0.03522269379471482
        ],
        [
          0.9565205557240151,
          -0.025366894296045127,
          0.2905597135722617
        ]
      ],
      "id": 41,
      "t_w2c": [
        35.782095648620306,
        0.5169132814020991,
        19.710342492189433
      ]
    },
    {
      "R_w2c": [
        [
          0.2705960164325975,
          -0.04409693614788011,
          -0.961682513157632
        ],
        [
          0.041209365532541016,
          0.9985652924702079,
          -0.03419276043687167
        ],
        [
          0.96181057598844,
          -0.03037790144591394,
          0.272024997050873
        ]
      ],
      "id": 42,
      "t_w2c": [
        36.154826922768216,
        0.6359860003953886,
        21.046287771501905
      ]
    },
    {
      "R_w2c": [
        [
          0.24101427276704773,
          -0.0385822260788037,
          -0.9697543669163727
        ],
        [
          0.03092480107641632,
          0.9990074044581487,
          -0.03206029501075317
        ],
        [
          0.970028750605339,
          -0.022262472203161188,
          0.24196819074094902
        ]
      ],
      "id": 43,
      "t_w2c": [
        36.33376529796099,
        0.2421602671787048,
        22.69277815362496
      ]
    },
    {
      "R_w2c": [
        [
          0.13043755644812285,
          -0.0377687281424712,
          -0.9907368808328187
        ],
        [
          0.02137448545002346,
          0.9991490297978467,
          -0.03527531184509229
        ],
        [
          0.9912260969322739,
          -0.016575265564143352,
          0.13113384510449094
        ]
      ],
      "id": 44,
      "t_w2c": [
        34.29248225414091,
        0.04390779877052161,
        27.30684965920048
      ]
    },
    {
      "R_w2c": [
        [
          0.1532513935600679,
          -0.05129034915241516,
          -0.9868552631747578
        ],
        [
          0.020261859192952186,
          0.9986052542958579,
          -0.04875451932642007
        ],
        [
          0.9879794873548449,
          -0.01252382435714559,
          0.15407688466972977
        ]
      ],
      "id": 45,
      "t_w2c": [
        35.74711834819383,
        0.43239934645468436,
        27.057791874472745
      ]
    },
    {
      "R_w2c": [
        [
          0.18082910832726393,
          -0.05951393581487585,
          -0.9817122414564206
        ],
        [
          0.024713879758087063,
          0.9981272757532944,
          -0.05595681857119321
        ],
        [
          0.9832039756474082,
          -0.014143296685336756,
          0.1819612855252487
        ]
      ],
      "id": 46,
      "t_w2c": [
        37.39295944156036,
        0.8440900611015851,
        26.466047799382363
      ]
    },
    {
      "R_w2c": [
        [
          0.1406769226411218,
          -0.07200132591231903,
          -0.9874339534890887
        ],
        [
          0.004959620439253451,
          0.9973908012964541,
          -0.07202077238072073
        ],
        [
          0.990043133202449,
          0.005234363006619169,
          0.14066696784459587
        ]
      ],
      "id": 47,
      "t_w2c": [
        37.04386206786812,
        0.7259108062898407,
        28.621138290625503
      ]
    },
    {
      "R_w2c": [
        [
          0.10959136889167259,
          -0.0688205104430878,
          -0.9915913821765507
        ],
        [
          -0.015142009736868824,
          0.9973688480809695,
          -0.07089499572444322
        ],
        [
          0.9938613844020594,
          0.022784165992923548,
          0.10826093651187856
        ]
      ],
      "id": 48,
      "t_w2c": [
        37.04745804993029,
        0.0011456237399427413,
        30.173695868504783
      ]
    },
    {
      "R_w2c": [
        [
          0.015758491642863328,
          -0.0753905010389223,
          -0.9970295593884074
        ],
        [
          -0.03580623766192695,
          0.9964712464112662,
          -0.07591421750947001
        ],
        [
          0.9992344986466587,
          0.03689617092162513,
          0.01300343361127414
        ]
      ],
      "id": 49,
      "t_w2c": [
        34.96282699415881,
        -0.5825750183293292,
        33.91664515504236
      ]
    },
    {
      "R_w2c": [
        [
          -0.008456303525263364,
          -0.07579521590988922,
          -0.9970875468963906
        ],
        [
          -0.036890926457715224,
          0.9964680538247708,
          -0.07543525204945403
        ],
        [
          0.9992835185650667,
          0.0361455799766235,
          -0.011222592052349106
        ]
      ],
      "id": 50,
      "t_w2c": [
        35.11348959245158,
        -0.6209989021072627,
        34.93882896972179
      ]
    },
    {
      "R_w2c": [
        [
          -0.0035334631323361153,
          -0.06929035521543547,
          -0.9975902772743984
        ],
        [
          -0.02378395020562396,
          0.9973201264032142,
          -0.06918734843664072
        ],
        [
          0.9997108773795095,
          0.02348216653538393,
          -0.0051719922559564655
        ]
      ],
      "id": 51,
      "t_w2c": [
        36.27780695481435,
        -0.342498233867628,
        34.6259141190601
      ]
    },
    {
      "R_w2c": [
        [
          -0.03537366151967633,
          -0.06294241111885265,
          -0.9973900726161438
        ],
        [
          -0.015276482000419964,
          0.9979321231669078,
          -0.06243481920593843
        ],
        [
          0.9992573908500162,
          0.013028063330085042,
          -0.03626205175503834
        ]
      ],
      "id": 52,
      "t_w2c": [
        36.15366286748852,
        -0.28527138011303627,
        35.8662912547447
      ]
    },
    {
      "R_w2c": [
        [
          -0.04803500485540672,
          -0.06097138028280648,
          -0.9969830134435345
        ],
        [
          -0.016700127947192143,
          0.9980447129766078,
          -0.060231691209764945
        ],
        [
          0.9987060348446328,
          0.013756514305973785,
          -0.048959312485584126
        ]
      ],
      "id": 53,
      "t_w2c": [
        36.692921733253236,
        -0.4115217736848805,
        36.2331440521609
      ]
    },
    {
      "R_w2c": [
        [
          -0.041323234613473835,
          -0.05880052953389654,
          -0.9974141005658649
        ],
        [
          -0.023529547419620562,
          0.9980472092315148,
          -0.05786301533287751
        ],
        [
          0.998868735459924,
          0.02107761541821918,
          -0.04262608883036331
        ]
      ],
      "id": 54,
      "t_w2c": [
        37.92657377672425,
        -0.7496500451941737,
        36.11572457511017
      ]
    },
    {
      "R_w2c": [
        [
          -0.06194487813918395,
          -0.054758883635890925,
          -0.9965762874638713
        ],
        [
          -0.025644333338535018,
          0.9982515046724072,
          -0.05325693933091632
        ],
        [
          0.9977500690252763,
          0.022257539896083693,
          -0.06324082287439413
        ]
      ],
      "id": 55,
      "t_w2c": [
        38.16100190195114,
        -1.0222447296519444,
        36.73368328381231
      ]
    },
    {
      "R_w2c": [
        [
          -0.09447138499858136,
          -0.053853623914763164,
          -0.9940698891967792
        ],
        [
          -0.024079752482622042,
          0.9983672326751034,
          -0.05179801387149628
        ],
        [
          0.9952363151216024,
          0.019043526771669986,
          -0.09561391714217765
        ]
      ],
      "id": 56,
      "t_w2c": [
        37.93033432860022,
        -1.020873754650848,
        37.808576217423635
      ]
    },
    {
      "R_w2c": [
        [
          -0.12574262925156288,
          -0.0546009270159635,
          -0.9905592006326032
        ],
        [
          -0.021516172581821407,
          0.9983995067373108,
          -0.05230180937715079
        ],
        [
          0.9918295445823004,
          0.014736475687625154,
          -0.12671618198941584
        ]
      ],
      "id": 57,
      "t_w2c": [
        37.679915318539194,
        -0.8924928923251534,
        38.70035773874423
      ]
    },
    {
      "R_w2c": [
        [
          -0.14533673118569596,
          -0.05828266370549817,
          -0.9876640955707807
        ],
        [
          -0.019648627271577682,
          0.9982365586069464,
          -0.05601521674422402
        ],
        [
          0.9891871238621128,
          0.011265175185126378,
          -0.1462256127135361
        ]
      ],
      "id": 58,
      "t_w2c": [
        37.77152131785378,
        -0.6231831101915507,
        38.94257106288712
      ]
    },
    {
      "R_w2c": [
        [
          -0.16686111903549913,
          -0.06192470122684997,
          -0.9840338908453238
        ],
        [
          -0.018419514515276788,
          0.9980474125346157,
          -0.05968319544042881
        ],
        [
          0.9858083426504579,
          0.008166621757145383,
          -0.16767593103911255
        ]
      ],
      "id": 59,
      "t_w2c": [
        37.788186327492596,
        -0.37224386768000717,
        39.279054556480666
      ]
    },
    {
      "R_w2c": [
        [
          -0.17961323371467025,
          -0.066439553027798,
          -0.9814911472183668
        ],
        [
          -0.018061532394498363,
          0.9977712540409599,
          -0.06423632661581372
        ],
        [
          0.9835714856186722,
          0.006189539804979841,
          -0.18041292158512606
        ]
      ],
      "id": 60,
      "t_w2c": [
        38.04435607163435,
        -0.10943987363923524,
        39.13265386082022
      ]
    },
    {
      "R_w2c": [
        [
          -0.21639913936858915,
          -0.06214361439960005,
          -0.9743251940034642
        ],
        [
          -0.007466830983441194,
          0.9980483235422224,
          -0.06199830892552387
        ],
        [
          0.9762764254634028,
          -0.006141259147258878,
          -0.21644081412822203
        ]
      ],
      "id": 61,
      "t_w2c": [
        37.406387064375835,
        0.16369574755436883,
        40.013454336716464
      ]
    },
    {
      "R_w2c": [
        [
          -0.22523449419459435,
          -0.0508447656415182,
          -0.9729769948111643
        ],
        [
          -0.0004394871596243889,
          0.9986425984545112,
          -0.052084233728248344
        ],
        [
          0.9743044849922132,
          -0.011303555143465618,
          -0.22495110616571073
        ]
      ],
      "id": 62,
      "t_w2c": [
        37.89271944765375,
        -0.05777233304463891,
        39.81883108340776
      ]
    },
    {
      "R_w2c": [
        [
          -0.23631006293353934,
          -0.05164847034877336,
          -0.9703040707257591
        ],
        [
          -0.008827605642332096,
          0.9986592350990451,
          -0.05100789674171964
        ],
        [
          0.9716376009268941,
          -0.003488217599626739,
          -0.2364491590236842
        ]
      ],
      "id": 63,
      "t_w2c": [
        38.31408493340034,
        -0.36675819340028554,
        39.765558796104166
      ]
    },
    {
      "R_w2c": [
        [
          -0.26271097625787354,
          -0.05547156279746714,
          -0.963278697301275
        ],
        [
          -0.01588856309521549,
          0.9984593705955896,
          -0.05316426273944353
        ],
        [
          0.9647437465547026,
          0.0013382789940389883,
          -0.263187599428487
        ]
      ],
      "id": 64,
      "t_w2c": [
        38.08612814164058,
        -0.43577645894717554,
        40.30436157869613
      ]
    },
    {
      "R_w2c": [
        [
          -0.2953456718545551,
          -0.05454753061353153,
          -0.9538320088048773
        ],
        [
          -0.01883117754374693,
          0.9985071959377336,
          -0.05127149708055029
        ],
        [
          0.9552048580640162,
          0.002818965152469436,
          -0.29593197286939416
        ]
      ],
      "id": 65,
      "t_w2c": [
        37.56729000196361,
        -0.5681624907882579,
        41.08663537129186
      ]
    },
    {
      "R_w2c": [
        [
          -0.32983787104388324,
          -0.051765019335623524,
          -0.9426172932841946
        ],
        [
          -0.019436599112586023,
          0.9986562246087362,
          -0.0480412704366014
        ],
        [
          0.9438374846551579,
          0.002475444083103767,
          -0.3304007789585493
        ]
      ],
      "id": 66,
      "t_w2c": [
        36.96405860964806,
        -0.7002109357318876,
        42.01466820900054
      ]
    },
    {
      "R_w2c": [
        [
          -0.35526912048363435,
          -0.04587199243284959,
          -0.9336378378905955
        ],
        [
          -0.01877673778809649,
          0.9989438581567603,
          -0.04193569325675462
        ],
        [
          0.934575457707307,
          0.0026322160109183423,
          -0.35575523227360956
        ]
      ],
      "id": 67,
      "t_w2c": [
        36.59966596135414,
        -0.9399904377145362,
        42.37784751898144
      ]
    },
    {
      "R_w2c": [
        [
          -0.3965448242801959,
          -0.05182919900457915,
          -0.9165511095771649
        ],
        [
          -0.021637330217078837,
          0.9986553014455855,
          -0.047110665838042756
        ],
        [
          0.9177603327000278,
          0.0011502283122814365,
          -0.3971330365219745
        ]
      ],
      "id": 68,
      "t_w2c": [
        35.600137165574,
        -0.7470376492137415,
        43.590633409462306
      ]
    },
    {
      "R_w2c": [
        [
          -0.4274253655792348,
          -0.05312271622869725,
          -0.9024885228521984
        ],
        [
          -0.012933137522769526,
          0.9985292383593671,
          -0.05265067991279864
        ],
        [
          0.9039581244799313,
          -0.010832227930954626,
          -0.427483768141876
        ]
      ],
      "id": 69,
      "t_w2c": [
        35.00775288318031,
        -0.23408139050741283,
        44.355363617661425
      ]
    },
    {
      "R_w2c": [
        [
          -0.44478090783388435,
          -0.054615564610646414,
          -0.8939726417115491
        ],
        [
          -0.008553039210735164,
          0.9983525200340793,
          -0.056737036068715815
        ],
        [
          0.8955985649534758,
          -0.01758936735256388,
          -0.44451526926463536
        ]
      ],
      "id": 70,
      "t_w2c": [
        35.08750832947324,
        0.14215471140431568,
        44.694722610118916
      ]
    },
    {
      "R_w2c": [
        [
          -0.460530526962342,
          -0.056548970078716565,
          -0.8858407575398775
        ],
        [
          -0.014323688956056752,
          0.998312150993862,
          -0.05628215625487204
        ],
        [
          0.88752829006769,
          -0.013231143603034193,
          -0.4605632108283054
        ]
      ],
      "id": 71,
      "t_w2c": [
        35.247377117194226,
        0.037520711866040085,
        45.02234464177587
      ]
    },
    {
      "R_w2c": [
        [
          -0.48037800137620473,
          -0.056611533287389056,
          -0.875232603421887
        ],
        [
          -0.017918093663754152,
          0.998339867900885,
          -0.05473983996233584
        ],
        [
          0.8768785079549278,
          -0.010613315151075449,
          -0.48059488119230315
        ]
      ],
      "id": 72,
      "t_w2c": [
        35.17727204026667,
        -0.08787917247553037,
        45.499842537348385
      ]
    },
    {
      "R_w2c": [
        [
          -0.5148024252651432,
          -0.05451776606122288,
          -0.8555736532437289
        ],
        [
          -0.01485527174428912,
          0.9983934262545376,
          -0.05467986204379742
        ],
        [
          0.8571801350022817,
          -0.015439546477120581,
          -0.5147852334343429
        ]
      ],
      "id": 73,
      "t_w2c": [
        34.337246397634644,
        0.03352077264697202,
        46.74585109840385
      ]
    },
    {
      "R_w2c": [
        [
          -0.5447105729762021,
          -0.05147817787231164,
          -0.8370426446071216
        ],
        [
          -0.008562088670332223,
          0.998403573533732,
          -0.05583005456450278
        ],
        [
          0.8385803970553681,
          -0.02324438766714738,
          -0.5442817433245767
        ]
      ],
      "id": 74,
      "t_w2c": [
        33.62014811832136,
        0.26033413061412547,
        47.61685228519515
      ]
    },
    {
      "R_w2c": [
        [
          -0.5740533386069284,
          -0.04716976239724431,
          -0.8174581199973654
        ],
        [
          -0.0024193376989221083,
          0.9984326813906005,
          -0.05591357202213812
        ],
        [
          0.8188143325805539,
          -0.03011966544574772,
          -0.5732677337109585
        ]
      ],
      "id": 75,
      "t_w2c": [
        32.90241370387147,
        0.3904665437114575,
        48.61186668481895
      ]
    },
    {
      "R_w2c": [
        [
          -0.5961747587233699,
          -0.043896132853342956,
          -0.80165378224122
        ],
        [
          0.0009629192233063869,
          0.9984643872196661,
          -0.0553889902474008
        ],
        [
          0.8028541149223196,
          -0.03379344573403161,
          -0.5952169967144084
        ]
      ],
      "id": 76,
      "t_w2c": [
        32.536637780897095,
        0.49415860267841305,
        49.260741388240326
      ]
    },
    {
      "R_w2c": [
        [
          -0.6214029217264633,
          -0.038994944069764836,
          -0.7825201615337531
        ],
        [
          0.0033366473197194504,
          0.9986198996552078,
          -0.05241338376108323
        ],
        [
          0.7834840621572841,
          -0.03518082360631551,
          -0.6204152109643207
        ]
      ],
      "id": 77,
      "t_w2c": [
        31.9463481776765,
        0.42236620690473636,
        50.14858278718654
      ]
    },
    {
      "R_w2c": [
        [
          -0.6424361156120053,
          -0.037113909011771876,
          -0.7654400009897733
        ],
        [
          0.0037148807572871187,
          0.99866401343682,
          -0.05154015839345384
        ],
        [
          0.7663302401825973,
          -0.03595477748685272,
          -0.6414399558474305
        ]
      ],
      "id": 78,
      "t_w2c": [
        31.570764854666454,
        0.40840483224096447,
        51.07020171488574
      ]
    },
    {
      "R_w2c": [
        [
          -0.6575356423362734,
          -0.0362304947128194,
          -0.7525518123759244
        ],
        [
