{
  "K": [
    [
      3183.8330165146126,
      0.0,
      1100.814254448177
    ],
    [
      0.0,
      3183.592270336112,
      1927.6877827756523
    ],
    [
      0.0,
      0.0,
      1.0
    ]
  ],
  "cameras_optimized": [
    {
      "R_w2c": [
        [
          1.0,
          0.0,
          -0.0
        ],
        [
          -0.0,
          1.0,
          0.0
        ],
        [
          0.0,
          -0.0,
          1.0
        ]
      ],
      "id": 0,
      "t_w2c": [
        0.0,
        0.0,
        0.0
      ]
    },
    {
      "R_w2c": [
        [
          0.3382023954052198,
          -0.9263231999085749,
          0.1659652645986791
        ],
        [
          0.9201926634006975,
          0.3624592799136655,
          0.14788080547521287
        ],
        [
          -0.19714107122997487,
          0.10270637621688967,
          0.974980409197381
        ]
      ],
      "id": 1,
      "t_w2c": [
        1.1075886733639075,
        1.0425329861467567,
        7.895933065004726
      ]
    },
    {
      "R_w2c": [
        [
          0.9715171441230406,
          -0.2348318993857438,
          -0.0317555933009488
        ],
        [
          0.2362925747458444,
          0.9701252359669087,
          0.05498041160385486
        ],
        [
          0.017895747958408925,
          -0.06091802336774943,
          0.9979823328265763
        ]
      ],
      "id": 2,
      "t_w2c": [
        7.775405238324726,
        3.050125034956932,
        29.56011718853464
      ]
    },
    {
      "R_w2c": [
        [
          0.9718123370694413,
          -0.23473975845982892,
          -0.0218638358448805
        ],
        [
          0.23562881150598652,
          0.970146254611578,
          0.057404772026405676
        ],
        [
          0.007735936136433173,
          -0.06093841531701097,
          0.9981115492923346
        ]
      ],
      "id": 3,
      "t_w2c": [
        11.627237457203353,
        2.5813161114315197,
        25.24089978556723
      ]
    },
    {
      "R_w2c": [
        [
          0.9726362657254962,
          -0.23220776749343983,
          -0.007631992614928311
        ],
        [
          0.2322670169072988,
          0.9710508684447681,
          0.055787487393197506
        ],
        [
          -0.005543234844952634,
          -0.05603359357005575,
          0.9984134959720243
        ]
      ],
      "id": 4,
      "t_w2c": [
        15.442618164939415,
        2.29731546398853,
        21.54492418688657
      ]
    },
    {
      "R_w2c": [
        [
          0.9597410255993984,
          -0.22838006097583582,
          -0.1635228165427942
        ],
        [
          0.2302103926012755,
          0.973108595242056,
          -0.007926979525595046
        ],
        [
          0.1609358223633925,
          -0.03003680433578295,
          0.9865077047167511
        ]
      ],
      "id": 5,
      "t_w2c": [
        -3.416690454546128,
        -8.846091718900558e-05,
        18.41301593737428
      ]
    },
    {
      "R_w2c": [
        [
          0.9586520465321393,
          -0.2301623862245037,
          -0.1673664531714268
        ],
        [
          0.23039341801982433,
          0.9729253755900673,
          -0.01830536713832444
        ],
        [
          0.16704827629426017,
          -0.021011651538343012,
          0.9857248012943307
        ]
      ],
      "id": 6,
      "t_w2c": [
        -3.202800987151795,
        0.15440606120746364,
        18.3113954682168
      ]
    },
    {
      "R_w2c": [
        [
          0.958999080689784,
          -0.22912068736360297,
          -0.1668066960831589
        ],
        [
          0.22918101106714817,
          0.9731953733572971,
          -0.019152792020765853
        ],
        [
          0.16672380574587703,
          -0.01986141732055177,
          0.9858035791675895
        ]
      ],
      "id": 7,
      "t_w2c": [
        -2.810615017104398,
        0.23121837296947334,
        16.81496792960905
      ]
    },
    {
      "R_w2c": [
        [
          0.9578450253619794,
          -0.22874421843379267,
          -0.1738073356404223
        ],
        [
          0.22966532862816608,
          0.9731529804978535,
          -0.015070281160648229
        ],
        [
          0.17258836639653777,
          -0.02548252501731027,
          0.9846643573844422
        ]
      ],
      "id": 8,
      "t_w2c": [
        -2.4162170618629903,
        0.037016801201640206,
        15.74257911151959
      ]
    },
    {
      "R_w2c": [
        [
          0.9572431309681987,
          -0.22593516412752873,
          -0.18066236416272924
        ],
        [
          0.2289939896067853,
          0.9734195238739787,
          -0.004022842890815236
        ],
        [
          0.17676917417402682,
          -0.03751975681722017,
          0.9835369474047272
        ]
      ],
      "id": 9,
      "t_w2c": [
        -1.596890473460493,
        -0.021175115679503184,
        13.96342464181627
      ]
    },
    {
      "R_w2c": [
        [
          0.9568414539351884,
          -0.22052042387524903,
          -0.18927539376547411
        ],
        [
          0.22606040515833634,
          0.974081082734319,
          0.007920699387392868
        ],
        [
          0.1826229045077413,
          -0.05036652571914327,
          0.9818920958211953
        ]
      ],
      "id": 10,
      "t_w2c": [
        -0.5510218825843489,
        0.027470447119528285,
        12.179486027910627
      ]
    },
    {
      "R_w2c": [
        [
          0.9560978441135526,
          -0.216372648829769,
          -0.19763549610281606
        ],
        [
          0.2241358398423093,
          0.9744004534289442,
          0.017518038008023987
        ],
        [
          0.18878569273014156,
          -0.06104615627422719,
          0.9801190381910471
        ]
      ],
      "id": 11,
      "t_w2c": [
        0.4106478089599645,
        0.13387517390516604,
        10.39741003997384
      ]
    },
    {
      "R_w2c": [
        [
          0.955712996900855,
          -0.21054234133924743,
          -0.20563217174891193
        ],
        [
          0.2198160414751455,
          0.9752683066093475,
          0.023078952175799222
        ],
        [
          0.19568744329921453,
          -0.0672581045430477,
          0.9783571801281438
        ]
      ],
      "id": 12,
      "t_w2c": [
        1.450108300780032,
        0.20715244661623547,
        9.008406763881045
      ]
    },
    {
      "R_w2c": [
        [
          0.9554309357075318,
          -0.20535984020458678,
          -0.21208267992501645
        ],
        [
          0.2150020156833349,
          0.9763381571555688,
          0.023193450242918856
        ],
        [
          0.20230140964692606,
          -0.0677579435432801,
          0.976976458642506
        ]
      ],
      "id": 13,
      "t_w2c": [
        2.340218273639658,
        0.3610448878284653,
        7.643465615040281
      ]
    },
    {
      "R_w2c": [
        [
          0.9555755232432175,
          -0.1974053420174535,
          -0.21887565036207965
        ],
        [
          0.2062570436978858,
          0.9783300059032529,
          0.01812267845407029
        ],
        [
          0.21055510277231362,
          -0.06246223252745146,
          0.9755844495502309
        ]
      ],
      "id": 14,
      "t_w2c": [
        3.237147919599178,
        0.5661241845323426,
        6.314343060902635
      ]
    },
    {
      "R_w2c": [
        [
          0.9549372428600159,
          -0.1901691230597036,
          -0.22788279187690838
        ],
        [
          0.19709993013449031,
          0.9803520984644993,
          0.007834575753145556
        ],
        [
          0.22191547881995535,
          -0.052397210526477944,
          0.9736570508085246
        ]
      ],
      "id": 15,
      "t_w2c": [
        3.975693812342256,
        0.8364266440576059,
        5.0439080574665285
      ]
    },
    {
      "R_w2c": [
        [
          0.9538315808009712,
          -0.18330286201630847,
          -0.23791884381727849
        ],
        [
          0.18902340642680843,
          0.9819717818218341,
          0.001253606181358058
        ],
        [
          0.23339980139135932,
          -0.04616795947713642,
          0.9712842283431722
        ]
      ],
      "id": 16,
      "t_w2c": [
        4.622594304967708,
        1.0941743357224791,
        3.6659898005419556
      ]
    },
    {
      "R_w2c": [
        [
          0.9532871978978956,
          -0.176893317230397,
          -0.2448515318375699
        ],
        [
          0.1835699051411447,
          0.9829962164576206,
          0.0045308229355999555
        ],
        [
          0.239886657091322,
          -0.049266547973536315,
          0.9695499981952048
        ]
      ],
      "id": 17,
      "t_w2c": [
        5.334502625516933,
        1.2716380107809502,
        2.4636511004794954
      ]
    },
    {
      "R_w2c": [
        [
          0.9550836258068417,
          -0.1692775391709285,
          -0.2432290740184891
        ],
        [
          0.17851001082003817,
          0.9838036516337246,
          0.016265025950761028
        ],
        [
          0.23653634763538295,
          -0.05895328459368354,
          0.9698324940333405
        ]
      ],
      "id": 18,
      "t_w2c": [
        5.956320458412086,
        1.471781671017911,
        1.343743240683406
      ]
    },
    {
      "R_w2c": [
        [
          0.9580853094053442,
          -0.1634772712705364,
          -0.2352609650571154
        ],
        [
          0.17508693238327544,
          0.984120212974236,
          0.029188568381451015
        ],
        [
          0.22675340352523965,
          -0.06915625925022087,
          0.9714938526806209
        ]
      ],
      "id": 19,
      "t_w2c": [
        6.59429693733509,
        1.5499382505980932,
        0.818902773860928
      ]
    },
    {
      "R_w2c": [
        [
          0.9613575592688407,
          -0.15967687973276795,
          -0.2242653279387268
        ],
        [
          0.17270428774233026,
          0.9841774864709181,
          0.03959676905001455
        ],
        [
          0.21439419822390696,
          -0.0767982369758119,
          0.9737233480641897
        ]
      ],
      "id": 20,
      "t_w2c": [
        7.19824518483902,
        1.685509125547583,
        0.12176926530584432
      ]
    },
    {
      "R_w2c": [
        [
          0.9643384770168951,
          -0.14959285896846086,
          -0.21834211295665665
        ],
        [
          0.15987520219759738,
          0.9866779779535929,
          0.030107931574364765
        ],
        [
          0.21092942295235292,
          -0.06394172633774797,
          0.9754077271407767
        ]
      ],
      "id": 21,
      "t_w2c": [
        7.336135608120373,
        1.916788780026895,
        -0.6334341039777782
      ]
    },
    {
      "R_w2c": [
        [
          0.9634774122328681,
          -0.14401533632432018,
          -0.22576726738047923
        ],
        [
          0.15247317061301513,
          0.9880972613409684,
          0.02038956531396256
        ],
        [
          0.22014360849288864,
          -0.05406833670338772,
          0.9739678673374491
        ]
      ],
      "id": 22,
      "t_w2c": [
        7.688951825823306,
        2.0327358237539537,
        -1.2107198558541763
      ]
    },
    {
      "R_w2c": [
        [
          0.9623240316924699,
          -0.11946605924064724,
          -0.24425461861889203
        ],
        [
          0.1281779203448677,
          0.991548913272922,
          0.02002931160454481
        ],
        [
          0.2397975787267565,
          -0.05058273694450871,
          0.9695042588663485
        ]
      ],
      "id": 23,
      "t_w2c": [
        6.338668566362464,
        2.4127459074076767,
        -1.6082119999087832
      ]
    },
    {
      "R_w2c": [
        [
          0.9552309009215825,
          -0.08891475056714876,
          -0.282184501800017
        ],
        [
          0.09956065313487766,
          0.994751943521764,
          0.023584893619221024
        ],
        [
          0.27860653666398183,
          -0.050623492483777906,
          0.9590702058435797
        ]
      ],
      "id": 24,
      "t_w2c": [
        4.792818327934331,
        2.772046369254164,
        -1.9386818301567015
      ]
    },
    {
      "R_w2c": [
        [
          0.9553328203132185,
          -0.06786372369773931,
          -0.28763469442726936
        ],
        [
          0.07816508963275205,
          0.9966401131941963,
          0.024468419134943985
        ],
        [
          0.2850077563770775,
          -0.045858475532188726,
          0.957427584220743
        ]
      ],
      "id": 25,
      "t_w2c": [
        5.017393624369893,
        2.8552154091824824,
        -1.9265944104215296
      ]
    },
    {
      "R_w2c": [
        [
          0.9492255774108369,
          -0.05164601299527424,
          -0.31032804019417115
        ],
        [
          0.06157175963166439,
          0.9978542314718664,
          0.022267715409341457
        ],
        [
          0.3085121093327192,
          -0.04024452851485334,
          0.9503686949388082
        ]
      ],
      "id": 26,
      "t_w2c": [
        4.377571702664788,
        2.930553936427477,
        -1.9662100354856933
      ]
    },
    {
      "R_w2c": [
        [
          0.9537391416578235,
          -0.038867740747721924,
          -0.2981123083654313
        ],
        [
          0.04912477780885824,
          0.9984279546393527,
          0.026988434558323237
        ],
        [
          0.29659468281651385,
          -0.04038462732088119,
          0.9541491895930767
        ]
      ],
      "id": 27,
      "t_w2c": [
        3.778709146070163,
        3.0079399536979277,
        -1.736307628447021
      ]
    },
    {
      "R_w2c": [
        [
          0.9639178349967198,
          -0.024338860101089776,
          -0.2650849434883393
        ],
        [
          0.0328458388986959,
          0.9990763515608703,
          0.027705497989771146
        ],
        [
          0.26416577795444546,
          -0.03541276098809407,
          0.9638269440708341
        ]
      ],
      "id": 28,
      "t_w2c": [
        3.2131002946166767,
        2.918914514230909,
        -1.063271382597857
      ]
    },
    {
      "R_w2c": [
        [
          0.9518413155605788,
          -0.021173837057491214,
          -0.30585908293880926
        ],
        [
          0.04203494434894018,
          0.9972042429466806,
          0.06177994256001672
        ],
        [
          0.30369585681317435,
          -0.07166147133153404,
          0.9500702395513247
        ]
      ],
      "id": 29,
      "t_w2c": [
        2.849744764898266,
        2.758542122356321,
        -0.36253644902438936
      ]
    },
    {
      "R_w2c": [
        [
          0.9468441551789885,
          0.0011077537961471512,
          -0.3216907189909506
        ],
        [
          0.029671568203336614,
          0.9954305593752569,
          0.09076122245881187
        ],
        [
          0.32032131343971226,
          -0.09548180111094633,
          0.9424847382386982
        ]
      ],
      "id": 30,
      "t_w2c": [
        3.9753339956412046,
        2.6091821546813576,
        0.33263590106916746
      ]
    },
    {
      "R_w2c": [
        [
          0.9276546709102215,
          -0.005505517383112803,
          -0.3733985817016355
        ],
        [
          0.04151894690531474,
          0.9952128013964985,
          0.08847404695393682
        ],
        [
          0.37112395312930474,
          -0.09757647879933978,
          0.9234423870490241
        ]
      ],
      "id": 31,
      "t_w2c": [
        5.858892082372747,
        2.4151165436069477,
        0.5734896536194426
      ]
    },
    {
      "R_w2c": [
        [
          0.9560820232055754,
          0.02828726447230776,
          -0.29173103292554825
        ],
        [
          -0.016495007798470424,
          0.9989473630864869,
          0.04280280949053268
        ],
        [
          0.29263472046369,
          -0.036110891033428544,
          0.9555422146236711
        ]
      ],
      "id": 32,
      "t_w2c": [
        6.883641962333448,
        2.7579484915122445,
        1.3710249518247157
      ]
    },
    {
      "R_w2c": [
        [
          0.9581164589585021,
          0.044236956995901654,
          -0.2829415888634328
        ],
        [
          -0.03511069941240306,
          0.998689077279693,
          0.037247358416500884
        ],
        [
          0.2842183840985536,
          -0.025753030073724283,
          0.9584136328237558
        ]
      ],
      "id": 33,
      "t_w2c": [
        8.533912062147222,
        2.8952453621637235,
        2.0711699796404557
      ]
    },
    {
      "R_w2c": [
        [
          0.9522613343464762,
          0.042529880569510514,
          -0.3023070630458569
        ],
        [
          -0.028344091618719324,
          0.9982881573584698,
          0.05116021254980054
        ],
        [
          0.303965398654153,
          -0.04014927317616466,
          0.9518366836198568
        ]
      ],
      "id": 34,
      "t_w2c": [
        8.508488950568681,
        2.7310359783464166,
        2.246292820408718
      ]
    },
    {
      "R_w2c": [
        [
          0.9503560339000356,
          0.06322715652728098,
          -0.3046731617771231
        ],
        [
          -0.046613702629313344,
          0.9970176902204548,
          0.06150518770522698
        ],
        [
          0.30765333015746843,
          -0.044249882089605244,
          0.9504690296785455
        ]
      ],
      "id": 35,
      "t_w2c": [
        8.15365294757248,
        3.133347474212769,
        2.3413894760610425
      ]
    },
    {
      "R_w2c": [
        [
          0.9387260616551507,
          0.07870220828086169,
          -0.33555825661295535
        ],
        [
          -0.05752760246493172,
          0.9957007396787334,
          0.07259898041887336
        ],
        [
          0.3398293043927303,
          -0.048846692978532766,
          0.9392177832968316
        ]
      ],
      "id": 36,
      "t_w2c": [
        7.503471488041114,
        3.142265486005981,
        2.42054875229036
      ]
    },
    {
      "R_w2c": [
        [
          0.9228995226752026,
          0.09588167254021181,
          -0.37291175352457695
        ],
        [
          -0.07011056198581021,
          0.9941549279054885,
          0.08210047758245224
        ],
        [
          0.3786039885472908,
          -0.04962543896152931,
          0.9242274263751095
        ]
      ],
      "id": 37,
      "t_w2c": [
        6.778371284200087,
        3.1400148868411777,
        2.668040170660757
      ]
    },
    {
      "R_w2c": [
        [
          0.9090711984467604,
          0.11457774302980953,
          -0.40057645581931756
        ],
        [
          -0.08656647556810215,
          0.9924044620257342,
          0.08740497159275544
        ],
        [
          0.4075485265122276,
          -0.04478085030019134,
          0.9120849050302849
        ]
      ],
      "id": 38,
      "t_w2c": [
        6.14818675402057,
        3.4444280190872942,
        2.886631197862772
      ]
    },
    {
      "R_w2c": [
        [
          0.8990019079516249,
          0.12868018435305195,
          -0.41861316230405693
        ],
        [
          -0.10199293824590552,
          0.9910935439155618,
          0.08562142113314389
        ],
        [
          0.4259025828136113,
          -0.03427823454842504,
          0.9041194570348202
        ]
      ],
      "id": 39,
      "t_w2c": [
        5.702963024458014,
        3.709557821134185,
        3.4638780430734832
      ]
    },
    {
      "R_w2c": [
        [
          0.923444180493446,
          0.13185777319071615,
          -0.3603669978812897
        ],
        [
          -0.10567850848081008,
          0.9901813620385459,
          0.09150367815974109
        ],
        [
          0.3688941560367406,
          -0.046415492248556185,
          0.9283117492099651
        ]
      ],
      "id": 40,
      "t_w2c": [
        8.781004662750743,
        4.6310692642342826,
        5.195504724550944
      ]
    },
    {
      "R_w2c": [
        [
          0.9136654632017128,
          0.14063189184612004,
          -0.38136346488380446
        ],
        [
          -0.1165269257714628,
          0.989482439196929,
          0.08570868153896537
        ],
        [
          0.38940582548628055,
          -0.033869950054243925,
          0.920443333161076
        ]
      ],
      "id": 41,
      "t_w2c": [
        8.204887989547345,
        4.8543750845667555,
        5.613832598360695
      ]
    },
    {
      "R_w2c": [
        [
          0.8996836049271439,
          0.13372451538791283,
          -0.4155564522535615
        ],
        [
          -0.10557590952431169,
          0.9903202415465805,
          0.090108526296
        ],
        [
          0.42358368518323863,
          -0.03719641336729165,
          0.9050929722847242
        ]
      ],
      "id": 42,
      "t_w2c": [
        7.353066137174166,
        5.180041056335763,
        7.688601463329762
      ]
    },
    {
      "R_w2c": [
        [
          0.8109895735200632,
          -0.12200658847797269,
          -0.5721977839958072
        ],
        [
          -0.0994153238957988,
          0.9350540196296445,
          -0.34028014010391155
        ],
        [
          0.5765522569693395,
          0.3328488737286201,
          0.7461897360867071
        ]
      ],
      "id": 43,
      "t_w2c": [
        10.831274379062549,
        -7.427491651371872,
        77.2166415755036
      ]
    },
    {
      "R_w2c": [
        [
          0.7041017975969992,
          0.1637606573585983,
          -0.6909581070673924
        ],
        [
          -0.2608637175646383,
          0.9646587560926995,
          -0.037196843307495536
        ],
        [
          0.6604474085640967,
          0.20643626472876686,
          0.7219371781019478
        ]
      ],
      "id": 44,
      "t_w2c": [
        7.89079139180013,
        1.500228682399369,
        46.939976177046596
      ]
    },
    {
      "R_w2c": [
        [
          0.6931318167930274,
          0.1745154463934881,
          -0.6993658867283125
        ],
        [
          -0.27382667634296326,
          0.9612624758036081,
          -0.031518311104558314
        ],
        [
          0.6667737516370625,
          0.21335138054861347,
          0.7140685909251558
        ]
      ],
      "id": 45,
      "t_w2c": [
        12.07085062521334,
        1.4985818465900782,
        48.94970622894177
      ]
    },
    {
      "R_w2c": [
        [
          0.6761654874293132,
          0.17762298774648994,
          -0.7150176975666335
        ],
        [
          -0.2828496714019407,
          0.9587160658332534,
          -0.029318398677674246
        ],
        [
          0.6802913324431626,
          0.22206661013583104,
          0.6984913196779808
        ]
      ],
      "id": 46,
      "t_w2c": [
        16.483906697672474,
        1.8940620329321074,
        50.04702357383399
      ]
    },
    {
      "R_w2c": [
        [
          0.5600001237779908,
          0.22524065996313047,
          -0.7972869661972459
        ],
        [
          -0.34186525846547955,
          0.9394091240098033,
          0.02527138265835685
        ],
        [
          0.7546707934079375,
          0.2584127373534588,
          0.6030711821588944
        ]
      ],
      "id": 47,
      "t_w2c": [
        13.124089730812047,
        1.3153531421246543,
        42.55481917027031
      ]
    },
    {
      "R_w2c": [
        [
          0.5228565528255471,
          0.2361662231580691,
          -0.8190522206835404
        ],
        [
          -0.3302821380592602,
          0.9419249773191447,
          0.06075398243187505
        ],
        [
          0.7858337829632864,
          0.23875270080479075,
          0.570493131783397
        ]
      ],
      "id": 48,
      "t_w2c": [
        12.131714126333984,
        0.2780225442098984,
        42.04742811939016
      ]
    },
    {
      "R_w2c": [
        [
          -0.06479114667079855,
          -0.46327173451843817,
          -0.8838446737461061
        ],
        [
          0.1277520742549529,
          0.8745668435885293,
          -0.4677737098417928
        ],
        [
          0.9896875844611976,
          -0.14322058543336033,
          0.0025197363920585886
        ]
      ],
      "id": 49,
      "t_w2c": [
        -40.956120408135426,
        -35.64251696102536,
        64.24586599092443
      ]
    },
    {
      "R_w2c": [
        [
          -0.12162109791495768,
          -0.4670750853706728,
          -0.8758134351378375
        ],
        [
          0.09828036270766954,
          0.8723607975425622,
          -0.47888162338614926
        ],
        [
          0.987698981900867,
          -0.1443173708771175,
          -0.06019316917314907
        ]
      ],
      "id": 50,
      "t_w2c": [
        -42.93463398780698,
        -35.962806979226436,
        66.03428673061583
      ]
    },
    {
      "R_w2c": [
        [
          0.5235572030236142,
          -0.06790720814438046,
          -0.8492799692940637
        ],
        [
          0.15139803601324253,
          0.9883693790199413,
          0.014304031147490959
        ],
        [
          0.8384309690448123,
          -0.13606829791605118,
          0.5277489255780686
        ]
      ],
      "id": 51,
      "t_w2c": [
        14.29146052405575,
        -2.7207511438830974,
        66.34046350698173
      ]
    },
    {
      "R_w2c": [
        [
          0.45715100255196783,
          -0.09415472751537227,
          -0.8843912302551608
        ],
        [
          0.19004499707547642,
          0.9817552692307482,
          -0.006284140692528958
        ],
        [
          0.8688474319190412,
          -0.16520132754965178,
          0.4667040405048148
        ]
      ],
      "id": 52,
      "t_w2c": [
        12.119722999478867,
        -2.9903668996266095,
        64.47557255106842
      ]
    },
    {
      "R_w2c": [
        [
          0.3491861406300301,
          -0.11025279843602692,
          -0.9305446575145815
        ],
        [
          0.2057571059041906,
          0.9778397021107798,
          -0.03864622033049735
        ],
        [
          0.9141843646452485,
          -0.17797145111766233,
          0.3641333684589164
        ]
      ],
      "id": 53,
      "t_w2c": [
        11.314862443069105,
        -3.69210192073151,
        62.94199554267056
      ]
    },
    {
      "R_w2c": [
        [
          0.3354183573019447,
          -0.10675454028366105,
          -0.9360010650173904
        ],
        [
          0.21734846131242025,
          0.9755233296952519,
          -0.0333748346125068
        ],
        [
          0.9166537906701682,
          -0.1922438590673653,
          0.3504113678248733
        ]
      ],
      "id": 54,
      "t_w2c": [
        15.965203049180548,
        -4.165526016005104,
        64.12706897117968
      ]
    },
    {
      "R_w2c": [
        [
          0.271920574428111,
          -0.09582537975340641,
          -0.9575367866551142
        ],
        [
          0.20491635525994975,
          0.977974890193833,
          -0.039678728524718515
        ],
        [
          0.9402491630146045,
          -0.18542548569567155,
          0.2855676814782445
        ]
      ],
      "id": 55,
      "t_w2c": [
        15.196714561723216,
        -4.06864929207854,
        62.7839373564688
      ]
    },
    {
      "R_w2c": [
        [
          0.19904804251121916,
          -0.09360854504352828,
          -0.9755087478168947
        ],
        [
          0.18255271439348747,
          0.981545962168265,
          -0.05693883225659581
        ],
        [
          0.9628366337235106,
          -0.1667482067250161,
          0.21246329639250544
        ]
      ],
      "id": 56,
      "t_w2c": [
        12.774896810841254,
        -3.9535798117156653,
        62.01359898673413
      ]
    },
    {
      "R_w2c": [
        [
          0.1213573674131643,
          -0.10266140077704371,
          -0.9872856861947514
        ],
        [
          0.18098204042188076,
          0.9802530275086144,
          -0.07968376939457769
        ],
        [
          0.9759702302935673,
          -0.1690107654875592,
          0.1375407966024274
        ]
      ],
      "id": 57,
      "t_w2c": [
        9.981146683025417,
        -3.9133589031615585,
        61.69511483936889
      ]
    },
    {
      "R_w2c": [
        [
          0.18540557788888137,
          -0.09147323599979806,
          -0.978395328475875
        ],
        [
          0.18908708546100889,
          0.9803721328564456,
          -0.05582611602435428
        ],
        [
          0.9642981104407241,
          -0.17465144778738248,
          0.19906286943129337
        ]
      ],
      "id": 58,
      "t_w2c": [
        15.24991877409665,
        -2.619024845795485,
        64.07703435370222
      ]
    },
    {
      "R_w2c": [
        [
          0.09173291519549741,
          -0.0933288197222353,
          -0.9914004254986934
        ],
        [
          0.15168622092689565,
          0.985289163448341,
          -0.07871819848158083
        ],
        [
          0.9841627724368835,
          -0.14316073414355995,
          0.10454014324088264
        ]
      ],
      "id": 59,
      "t_w2c": [
        12.795482111480496,
        -2.508789548282117,
        62.41409645946567
      ]
    },
    {
      "R_w2c": [
        [
          0.4233538780572656,
          -0.18173172089707695,
          -0.8875500411546727
        ],
        [
          0.586193618747672,
          0.8019082146954175,
          0.11541341578654374
        ],
        [
          0.6907593902896892,
          -0.5691368875971716,
          0.44602092765118273
        ]
      ],
      "id": 60,
      "t_w2c": [
        7.347899942794823,
        -3.3110458168688486,
        74.25137029049175
      ]
    },
    {
      "R_w2c": [
        [
          0.41761066523985835,
          -0.18635902088465878,
          -0.8893096466433017
        ],
        [
          0.5772260052448546,
          0.8102816395098239,
          0.10126106627099538
        ],
        [
          0.7017203653500375,
          -0.5556203560059539,
          0.4459535276739347
        ]
      ],
      "id": 61,
      "t_w2c": [
        6.443480280298974,
        -2.687004425101304,
        73.20338190374076
      ]
    },
    {
      "R_w2c": [
        [
          0.3806159734500075,
          -0.18659371939943512,
          -0.9057120208076007
        ],
        [
          0.5780889178508108,
          0.81246852163229,
          0.07555199808555327
        ],
        [
          0.7217649782393029,
          -0.5523383792905631,
          0.4171062585839399
        ]
      ],
      "id": 62,
      "t_w2c": [
        7.871980840255711,
        -2.462438987581172,
        71.661595831988
      ]
    },
    {
      "R_w2c": [
        [
          0.3444344098607021,
          -0.16656850354263944,
          -0.9239155107105171
        ],
        [
          0.5722300714493018,
          0.8174366824245595,
          0.06595464771990583
        ],
        [
          0.7442564629434111,
          -0.5514092888719737,
          0.37686882799280114
        ]
      ],
      "id": 63,
      "t_w2c": [
        8.912463306470135,
        -2.923113425162017,
        70.32317315856827
      ]
    },
    {
      "R_w2c": [
        [
          0.32439829435691514,
          -0.1510645169052942,
          -0.9337800910013526
        ],
        [
          0.5584627928078723,
          0.8273447557789799,
          0.060166137770773565
        ],
        [
          0.7634690928043885,
          -0.5409992299598867,
          0.3527531396249422
        ]
      ],
      "id": 64,
      "t_w2c": [
        8.819769073821211,
        -3.209885599043793,
        68.98097835697544
      ]
    },
    {
      "R_w2c": [
        [
          0.30233107115356,
          -0.14271671607867362,
          -0.9424584141312871
        ],
        [
          0.5485828976106579,
          0.8346241016183633,
          0.049592473691425
        ],
        [
          0.7795208322195346,
          -0.5320099133939702,
          0.3306247482967738
        ]
      ],
      "id": 65,
      "t_w2c": [
        8.50878638149115,
        -3.407885011663333,
        67.52733760579935
      ]
    },
    {
      "R_w2c": [
        [
          0.2797084931598547,
          -0.13355660917134343,
          -0.9507501201687523
        ],
        [
          0.5378049804125282,
          0.8421234474353896,
          0.03992370627853675
        ],
        [
          0.7953168940100064,
          -0.5224851494790907,
          0.3073764901160929
        ]
      ],
      "id": 66,
      "t_w2c": [
        8.06725406643276,
        -3.3151345711257676,
        66.18645150093037
      ]
    },
    {
      "R_w2c": [
        [
          0.27760631417396214,
          -0.12071384018170134,
          -0.9530807432318281
        ],
        [
          0.528649701621283,
          0.8475582030892697,
          0.046632449558400624
        ],
        [
          0.8021622200692798,
          -0.5167913129733074,
          0.29910284440113427
        ]
      ],
      "id": 67,
      "t_w2c": [
        8.48099359257766,
        -3.6852857147537486,
        66.14131175822409
      ]
    },
    {
      "R_w2c": [
        [
          0.2677449419559419,
          -0.11197406034460089,
          -0.9569610524294878
        ],
        [
          0.5092982388959757,
          0.859568668291667,
          0.04191668341779528
        ],
        [
          0.8178801562053373,
          -0.4986015586630608,
          0.28717335493443563
        ]
      ],
      "id": 68,
      "t_w2c": [
        6.9946262500669505,
        -3.624198595788113,
        65.04558437427164
      ]
    },
    {
      "R_w2c": [
        [
          0.20399550727978835,
          -0.11430767349805204,
          -0.9722754696016579
        ],
        [
          0.4780319520291224,
          0.878337436415776,
          -0.0029665855438931743
        ],
        [
          0.8543250469516205,
          -0.46417357052079683,
          0.23381961119864647
        ]
      ],
      "id": 69,
      "t_w2c": [
        3.5990519962553247,
        -2.6528381583361558,
        62.331663026169174
      ]
    },
    {
      "R_w2c": [
        [
          0.1567049679164688,
          -0.11408259366670409,
          -0.981034512569551
        ],
        [
          0.4561845454301113,
          0.8893605207691684,
          -0.030553634937871554
        ],
        [
          0.875979002911041,
          -0.44274487678512064,
          0.19140992800663997
        ]
      ],
      "id": 70,
      "t_w2c": [
        3.9389468171594544,
        -2.180445841612258,
        61.60125075733351
      ]
    },
    {
      "R_w2c": [
        [
          0.10231413724828745,
          -0.1037594726574366,
          -0.989325926655614
        ],
        [
          0.4316122741988706,
          0.9006820769738437,
          -0.049826107403269815
        ],
        [
          0.896238061052987,
          -0.42190729793632853,
          0.1369363716039262
        ]
      ],
      "id": 71,
      "t_w2c": [
        4.48585261160082,
        -2.4389318484269618,
        61.16160265990767
      ]
    },
    {
      "R_w2c": [
        [
          0.05319531745362925,
          -0.09652140145612975,
          -0.9939083847427549
        ],
        [
          0.40760449388708275,
          0.9107246206494277,
          -0.06662763620308451
        ],
        [
          0.911607829477162,
          -0.4015772458741905,
          0.08778884229808008
        ]
      ],
      "id": 72,
      "t_w2c": [
        4.629455899964644,
        -2.756398125491115,
        60.86197966826641
      ]
    },
    {
      "R_w2c": [
        [
          -0.018023275437621708,
          -0.10665446571050657,
          -0.9941327811145281
        ],
        [
          0.3736343706306352,
          0.9215408122306598,
          -0.10564037332717927
        ],
        [
          0.9274009481480753,
          -0.3733461615408187,
          0.023240590284849004
        ]
      ],
      "id": 73,
      "t_w2c": [
        2.6430046450015454,
        -3.1709885693744457,
        62.23303029549705
      ]
    },
    {
      "R_w2c": [
        [
          -0.06864367257298679,
          -0.11482376721473733,
          -0.9910113766745106
        ],
        [
          0.34363716034453884,
          0.9298445886505468,
          -0.13153913101293246
        ],
        [
          0.93659038445098,
          -0.34957766438934784,
          -0.02437023418135701
        ]
      ],
      "id": 74,
      "t_w2c": [
        1.2538971680945419,
        -3.2912470223008734,
        62.73553767728149
      ]
    },
    {
      "R_w2c": [
        [
          -0.06572292798535764,
          -0.11817868606129031,
          -0.9908149650150924
        ],
        [
          0.3390612851689835,
          0.931234863813506,
          -0.1335629938186419
        ],
        [
          0.9384657381261123,
          -0.3447251464269299,
          -0.02113366471634645
        ]
      ],
      "id": 75,
      "t_w2c": [
        2.194417787130014,
        -3.050784559385727,
        62.34771918299214
      ]
    },
    {
      "R_w2c": [
        [
          -0.07818219405365141,
          -0.12038926603866354,
          -0.9896433545250678
        ],
        [
          0.3296170783914849,
          0.9337326708433061,
          -0.13962765138928354
        ],
        [
          0.9408720030724789,
          -0.33711974730427385,
          -0.03331891072474612
        ]
      ],
      "id": 76,
      "t_w2c": [
        2.750862653927087,
        -2.7767053388768006,
        61.817534860320556
      ]
    },
    {
      "R_w2c": [
        [
          -0.1273031498946472,
          -0.11929244600215022,
          -0.9846640139426874
        ],
        [
          0.3046466688626529,
          0.9400518257554094,
          -0.1532741727911483
        ],
        [
          0.9439196550436855,
          -0.31948689679037817,
          -0.08332951218784468
        ]
      ],
      "id": 77,
      "t_w2c": [
        2.731854696784562,
        -2.451061607954772,
        60.96327471385169
      ]
    },
    {
      "R_w2c": [
        [
          -0.21186734228278448,
          -0.11263247234805895,
          -0.9707863593225821
        ],
        [
          0.2600957246513585,
          0.9510136564840224,
          -0.1671024811275259
        ],
        [
          0.9420522508290685,
          -0.2879009401750091,
          -0.17219351135926025
        ]
      ],
      "id": 78,
      "t_w2c": [
        1.84625189365138,
        -2.583214035801796,
        62.74204068743537
      ]
    },
    {
      "R_w2c": [
        [
          -0.3761139551449902,
          -0.15457496755988576,
          -0.9135890061450238
        ],
        [
          0.16641869384220442,
          0.9586836276099373,
          -0.23071740396533938
        ],
        [
          0.9115059577891123,
          -0.2388143244374408,
          -0.33485012671110315
        ]
      ],
      "id": 79,
      "t_w2c": [
        -0.9288157420700697,
        -3.836994217003239,
        64.47567569046848
      ]
    },
    {
      "R_w2c": [
        [
          -0.4125111318899399,
