{
  "K": [
    [
      3183.8330165146126,
      0.0,
      1100.814254448177
    ],
    [
      0.0,
      3183.592270336112,
      1927.6877827756523
    ],
    [
      0.0,
      0.0,
      1.0
    ]
  ],
  "cameras_optimized": [
    {
      "R_w2c": [
        [
          1.0,
          0.0,
          -0.0
        ],
        [
          -0.0,
          1.0,
          0.0
        ],
        [
          0.0,
          -0.0,
          1.0
        ]
      ],
      "id": 0,
      "t_w2c": [
        0.0,
        0.0,
        0.0
      ]
    },
    {
      "R_w2c": [
        [
          0.3706521621702081,
          -0.9108027578970788,
          0.18181119571034376
        ],
        [
          0.9032566550046361,
          0.39906440320531644,
          0.15771815775052683
        ],
        [
          -0.21620450936181973,
          0.10576359629598363,
          0.9706027363603271
        ]
      ],
      "id": 1,
      "t_w2c": [
        1.690627840492735,
        1.593971108474134,
        12.058812033888042
      ]
    },
    {
      "R_w2c": [
        [
          0.9741188566350478,
          -0.22577487445047048,
          -0.010870106480685216
        ],
        [
          0.22597064172897882,
          0.9715488593976672,
          0.0709230772011862
        ],
        [
          -0.005451809297897922,
          -0.07154383180936148,
          0.9974225573473928
        ]
      ],
      "id": 2,
      "t_w2c": [
        7.598096989525076,
        3.2991601006444107,
        29.03736392802608
      ]
    },
    {
      "R_w2c": [
        [
          0.974165145288119,
          -0.225832474625678,
          -0.0014011103526920358
        ],
        [
          0.22532830570460713,
          0.9715368133562197,
          0.07309839219800263
        ],
        [
          -0.015146760514018465,
          -0.07152561567777241,
          0.9973237498164007
        ]
      ],
      "id": 3,
      "t_w2c": [
        10.972666731976231,
        2.8736104648037593,
        25.172958928913403
      ]
    },
    {
      "R_w2c": [
        [
          0.9746359849695535,
          -0.2234608576502429,
          0.012245076588006032
        ],
        [
          0.22206093320412343,
          0.9724308500999347,
          0.07118415356265895
        ],
        [
          -0.02781436224223187,
          -0.06665948448747747,
          0.9973880259863368
        ]
      ],
      "id": 4,
      "t_w2c": [
        14.294718398302374,
        2.629083481927874,
        21.86836364357126
      ]
    },
    {
      "R_w2c": [
        [
          0.9638376360678774,
          -0.21856018367515875,
          -0.15247444838715352
        ],
        [
          0.2216855195309221,
          0.9751115833859285,
          0.0035958833257597987
        ],
        [
          0.14789368387254082,
          -0.03726722499017314,
          0.9883008712998996
        ]
      ],
      "id": 5,
      "t_w2c": [
        -3.1635024470798485,
        0.2635158490875325,
        19.050553355143236
      ]
    },
    {
      "R_w2c": [
        [
          0.9628569408777037,
          -0.22021285144345262,
          -0.1562459966295906
        ],
        [
          0.22191285584204004,
          0.9750434866520828,
          -0.006699518593114611
        ],
        [
          0.1538219614218338,
          -0.028222317348038577,
          0.9876954515374902
        ]
      ],
      "id": 6,
      "t_w2c": [
        -2.9205591047289308,
        0.4191906522081299,
        18.910137425585123
      ]
    },
    {
      "R_w2c": [
        [
          0.9609555124213238,
          -0.22850952273451985,
          -0.15603814010270992
        ],
        [
          0.22960027110942616,
          0.9732200677843568,
          -0.011243450017233805
        ],
        [
          0.15442868468503182,
          -0.02502194399829835,
          0.9876870373073634
        ]
      ],
      "id": 7,
      "t_w2c": [
        -2.4958163699694835,
        0.41686267591001513,
        17.072631775495886
      ]
    },
    {
      "R_w2c": [
        [
          0.9580159674678098,
          -0.2327320121894687,
          -0.16745511810320207
        ],
        [
          0.2336674031757348,
          0.9722103021341336,
          -0.014376130124802801
        ],
        [
          0.16614737665646412,
          -0.025356240385705102,
          0.9857748781053803
        ]
      ],
      "id": 8,
      "t_w2c": [
        -2.328499131256654,
        -0.13846503680875108,
        16.48897492870614
      ]
    },
    {
      "R_w2c": [
        [
          0.9573980400730064,
          -0.229882727469986,
          -0.17476534117303144
        ],
        [
          0.2328919187381322,
          0.9724967657202285,
          -0.003375625892506697
        ],
        [
          0.1707347271378531,
          -0.037469618021206005,
          0.9846043269631247
        ]
      ],
      "id": 9,
      "t_w2c": [
        -1.5080885223223315,
        -0.1998144177742928,
        14.671261920367654
      ]
    },
    {
      "R_w2c": [
        [
          0.9570011812232027,
          -0.22448098731936875,
          -0.18373085061991187
        ],
        [
          0.2299082404911507,
          0.9731751221027669,
          0.008507800804431677
        ],
        [
          0.17689245346158264,
          -0.05038321200941919,
          0.9829397702076947
        ]
      ],
      "id": 10,
      "t_w2c": [
        -0.45075026040581867,
        -0.15316560087315115,
        12.84580292989027
      ]
    },
    {
      "R_w2c": [
        [
          0.9562715518930526,
          -0.22033486934368893,
          -0.192346729609194
        ],
        [
          0.22793924034925947,
          0.9735078226935939,
          0.018061612978376836
        ],
        [
          0.18327144280835292,
          -0.06111517410330821,
          0.9811607991278835
        ]
      ],
      "id": 11,
      "t_w2c": [
        0.5248148782322809,
        -0.046614629949860514,
        11.021115034723074
      ]
    },
    {
      "R_w2c": [
        [
          0.9559128475808922,
          -0.21447789017807437,
          -0.20057383292581268
        ],
        [
          0.2235724376551372,
          0.9744022276343618,
          0.023572524305495016
        ],
        [
          0.19038380432886023,
          -0.06737605959059369,
          0.9793949528373704
        ]
      ],
      "id": 12,
      "t_w2c": [
        1.5810867277484446,
        0.02692830907512548,
        9.600773326798317
      ]
    },
    {
      "R_w2c": [
        [
          0.9556494095966854,
          -0.20923563982773985,
          -0.20725504327611138
        ],
        [
          0.2187118215611149,
          0.97550281990033,
          0.023651373658273852
        ],
        [
          0.1972291688542177,
          -0.06793154931532606,
          0.9780010018198825
        ]
      ],
      "id": 13,
      "t_w2c": [
        2.4837720413658504,
        0.18562834682555748,
        8.206527690836996
      ]
    },
    {
      "R_w2c": [
        [
          0.9558314410654636,
          -0.2012003541977853,
          -0.21425376015698053
        ],
        [
          0.2099279649675866,
          0.9775408876309475,
          0.018548922725241997
        ],
        [
          0.20570976105981684,
          -0.06270749939508832,
          0.9766018962321996
        ]
      ],
      "id": 14,
      "t_w2c": [
        3.3952913928175725,
        0.3989009849376894,
        6.85023186211436
      ]
    },
    {
      "R_w2c": [
        [
          0.9552227073477372,
          -0.1938504213783805,
          -0.22354326985772457
        ],
        [
          0.2007159989062755,
          0.9796152804591741,
          0.008184746419389627
        ],
        [
          0.21739978645416183,
          -0.05268696634195238,
          0.9746596413247892
        ]
      ],
      "id": 15,
      "t_w2c": [
        4.142014174747148,
        0.6786489847822528,
        5.559941793119806
      ]
    },
    {
      "R_w2c": [
        [
          0.9541469302378871,
          -0.18688823748060504,
          -0.23382990016037217
        ],
        [
          0.19258489495222372,
          0.9812790758528722,
          0.0015599774274368088
        ],
        [
          0.22916084690421615,
          -0.046520554432703504,
          0.9722762695146973
        ]
      ],
      "id": 16,
      "t_w2c": [
        4.7979390988495085,
        0.9453146182699541,
        4.157903306651136
      ]
    },
    {
      "R_w2c": [
        [
          0.9536044596782057,
          -0.1804072745756591,
          -0.24102230137898034
        ],
        [
          0.18706132165724845,
          0.982336410604451,
          0.004820616206132538
        ],
        [
          0.23589530818072818,
          -0.04968291135738871,
          0.9705076052753905
        ]
      ],
      "id": 17,
      "t_w2c": [
        5.519663831170178,
        1.126197172639914,
        2.93487244472693
      ]
    },
    {
      "R_w2c": [
        [
          0.9553338829411515,
          -0.17274905991829548,
          -0.23978101343085434
        ],
        [
          0.18193261602897143,
          0.9831719969460884,
          0.016533228538180345
        ],
        [
          0.23288987811718492,
          -0.059418740464486516,
          0.9706862098289935
        ]
      ],
      "id": 18,
      "t_w2c": [
        6.140294707601909,
        1.3261914378674107,
        1.7961074985872862
      ]
    },
    {
      "R_w2c": [
        [
          0.9582712852186922,
          -0.16690696361922544,
          -0.23207371548869243
        ],
        [
          0.17844136810347908,
          0.9835089254907478,
          0.02947662852826687
        ],
        [
          0.22332671598954457,
          -0.06965815799635608,
          0.972251468988286
        ]
      ],
      "id": 19,
      "t_w2c": [
        6.779815716150721,
        1.402394945424212,
        1.2605269492105635
      ]
    },
    {
      "R_w2c": [
        [
          0.9614760758171416,
          -0.16305261167909743,
          -0.22130883727473652
        ],
        [
          0.17598701920204055,
          0.9835832982271924,
          0.039905695344131555
        ],
        [
          0.21116894824677931,
          -0.0773158539572803,
          0.9743869529212743
        ]
      ],
      "id": 20,
      "t_w2c": [
        7.3839162323994945,
        1.538272774949629,
        0.5459766624001805
      ]
    },
    {
      "R_w2c": [
        [
          0.964429264700508,
          -0.15300462234519863,
          -0.21555922371877417
        ],
        [
          0.1632444586172444,
          0.9861165558667011,
          0.030420140965454055
        ],
        [
          0.2079120970987503,
          -0.06452692295932344,
          0.9760168216241979
        ]
      ],
      "id": 21,
      "t_w2c": [
        7.516026567389429,
        1.78103160486477,
        -0.2253594975021783
      ]
    },
    {
      "R_w2c": [
        [
          0.9636106913358485,
          -0.14724714747122847,
          -0.2230979899166159
        ],
        [
          0.1557112972770081,
          0.9875849529330356,
          0.020735299384506748
        ],
        [
          0.2172750041849254,
          -0.05471963360476943,
          0.9745754636017677
        ]
      ],
      "id": 22,
      "t_w2c": [
        7.874873931966342,
        1.905693231232374,
        -0.8077821346414873
      ]
    },
    {
      "R_w2c": [
        [
          0.9624248491051867,
          -0.12254343759273491,
          -0.24232522717994961
        ],
        [
          0.13130594660902817,
          0.9911343736451939,
          0.02028304129207922
        ],
        [
          0.2376913086546619,
          -0.051339646297034705,
          0.9699830320722779
        ]
      ],
      "id": 23,
      "t_w2c": [
        6.476980222839529,
        2.2966647770850286,
        -1.2166631781050374
      ]
    },
    {
      "R_w2c": [
        [
          0.9553708916265788,
          -0.09189555638330822,
          -0.2807519655312103
        ],
        [
          0.10261830117981925,
          0.994438410789601,
          0.023700873596148697
        ],
        [
          0.277012533463025,
          -0.05145341449558942,
          0.9594876770658086
        ]
      ],
      "id": 24,
      "t_w2c": [
        4.897912048818696,
        2.6625878946139174,
        -1.557649442906149
      ]
    },
    {
      "R_w2c": [
        [
          0.9555027922358331,
          -0.0708352098461685,
          -0.286350811201183
        ],
        [
          0.0812275105407545,
          0.9963928886292969,
          0.02456222751130509
        ],
        [
          0.28357804139403653,
          -0.04672884050578152,
          0.957809955003657
        ]
      ],
      "id": 25,
      "t_w2c": [
        5.128016523949531,
        2.747842266338496,
        -1.547899794751617
      ]
    },
    {
      "R_w2c": [
        [
          0.9494224103961213,
          -0.05457976140019668,
          -0.3092218237497424
        ],
        [
          0.06460590484473448,
          0.9976623477035024,
          0.022269194730143268
        ],
        [
          0.30728352330838093,
          -0.04112042825936432,
          0.9507291657895819
        ]
      ],
      "id": 26,
      "t_w2c": [
        4.478496251665099,
        2.825181663242893,
        -1.5893849919802132
      ]
    },
    {
      "R_w2c": [
        [
          0.9538649632898033,
          -0.04173023227126227,
          -0.2973217441135588
        ],
        [
          0.05210260615219818,
          0.9982755003296641,
          0.02704337023575089
        ],
        [
          0.2956804867425156,
          -0.041286961091190504,
          0.9543942773317343
        ]
      ],
      "id": 27,
      "t_w2c": [
        3.849375896881362,
        2.9035412312651334,
        -1.3535850235972484
      ]
    },
    {
      "R_w2c": [
        [
          0.9640557635196612,
          -0.027174056048087692,
          -0.26430674509444246
        ],
        [
          0.03577106582876552,
          0.9989741738713006,
          0.02776744114293927
        ],
        [
          0.26328105832740284,
          -0.03622389564980361,
          0.9640388548756501
        ]
      ],
      "id": 28,
      "t_w2c": [
        3.2590014165930192,
        2.810607851661011,
        -0.6730534874690123
      ]
    },
    {
      "R_w2c": [
        [
          0.9519742514906222,
          -0.024064251456168792,
          -0.30523095567246106
        ],
        [
          0.04498147293434214,
          0.9970817566533662,
          0.061681744800989695
        ],
        [
          0.302855892449737,
          -0.07244917080886193,
          0.9502786044406039
        ]
      ],
      "id": 29,
      "t_w2c": [
        2.9027730417145805,
        2.6332285740240295,
        0.027730980836384908
      ]
    },
    {
      "R_w2c": [
        [
          0.9460406430399814,
          -0.0010746587126082285,
          -0.3240462109408935
        ],
        [
          0.032142044814005,
          0.9953743217833313,
          0.09053644840365542
        ],
        [
          0.32244998165866456,
          -0.09606666770022097,
          0.9416991051738884
        ]
      ],
      "id": 30,
      "t_w2c": [
        3.9252302883187173,
        2.466323361351213,
        0.7434441134030256
      ]
    },
    {
      "R_w2c": [
        [
          0.924653718316908,
          -0.006359856717629675,
          -0.3807558974267467
        ],
        [
          0.04303238275245487,
          0.9952011713818254,
          0.08787970479518473
        ],
        [
          0.37836981279875154,
          -0.09764312931678198,
          0.9204901433800711
        ]
      ],
      "id": 31,
      "t_w2c": [
        5.624102828372164,
        2.273695116592549,
        0.9825291916551141
      ]
    },
    {
      "R_w2c": [
        [
          0.9528248407944615,
          0.027530721923541092,
          -0.30226955208121387
        ],
        [
          -0.01553409388429685,
          0.9989959402051155,
          0.042021463335908275
        ],
        [
          0.3031229365986725,
          -0.03534361051259317,
          0.9522958124993154
        ]
      ],
      "id": 32,
      "t_w2c": [
        6.508499882219633,
        2.6143639135299734,
        1.7407872862868206
      ]
    },
    {
      "R_w2c": [
        [
          0.9533245110483783,
          0.04431564768586875,
          -0.2986779201825141
        ],
        [
          -0.03511133256796842,
          0.9987306270536034,
          0.03611549404919915
        ],
        [
          0.29989926802123384,
          -0.023942805919486013,
          0.9536703681487801
        ]
      ],
      "id": 33,
      "t_w2c": [
        7.953200737231287,
        2.732325076138315,
        2.4107512147093626
      ]
    },
    {
      "R_w2c": [
        [
          0.9472130531993449,
          0.04292515426498712,
          -0.31771821317025883
        ],
        [
          -0.02844156857316107,
          0.9983397889498942,
          0.05008735345952184
        ],
        [
          0.3193407412559086,
          -0.03840699065024433,
          0.94686133834016
        ]
      ],
      "id": 34,
      "t_w2c": [
        7.943011028599891,
        2.5725753136831218,
        2.582958607245294
      ]
    },
    {
      "R_w2c": [
        [
          0.9451805136871333,
          0.0638093729847142,
          -0.3202532754952309
        ],
        [
          -0.04683876251978943,
          0.997073149603663,
          0.06042569540391105
        ],
        [
          0.3231716678048084,
          -0.042112922704665066,
          0.9454028637938059
        ]
      ],
      "id": 35,
      "t_w2c": [
        7.578653919730701,
        2.957400445842917,
        2.70211544123725
      ]
    },
    {
      "R_w2c": [
        [
          0.9330074747913827,
          0.07934512302208233,
          -0.3510005746947118
        ],
        [
          -0.05778407642282815,
          0.9957654873627848,
          0.07149891390165534
        ],
        [
          0.35518734844496935,
          -0.04642677707709411,
          0.9336415275012491
        ]
      ],
      "id": 36,
      "t_w2c": [
        6.935448317251731,
        2.953296989715598,
        2.8025170205935357
      ]
    },
    {
      "R_w2c": [
        [
          0.916568068351701,
          0.09647086628480134,
          -0.38806745294638073
        ],
        [
          -0.07037380416959466,
          0.9942311117307435,
          0.08094457457636847
        ],
        [
          0.39363752839983507,
          -0.04688142942477028,
          0.9180695114262096
        ]
      ],
      "id": 37,
      "t_w2c": [
        6.22505708814094,
        2.935598385518226,
        3.078049752106924
      ]
    },
    {
      "R_w2c": [
        [
          0.9022864002743606,
          0.11500351464577399,
          -0.41551587635017695
        ],
        [
          -0.08687570591402524,
          0.9924961333843901,
          0.0860467137023529
        ],
        [
          0.4222935751368663,
          -0.04154054448552802,
          0.9055067749950685
        ]
      ],
      "id": 38,
      "t_w2c": [
        5.608122038642324,
        3.2215698345303885,
        3.316374790097985
      ]
    },
    {
      "R_w2c": [
        [
          0.8919254243035439,
          0.12888958751752683,
          -0.4334241706579189
        ],
        [
          -0.10230286300382378,
          0.9911810092760786,
          0.08422785211362753
        ],
        [
          0.4404579000337761,
          -0.030784429181260373,
          0.8972453160746062
        ]
      ],
      "id": 39,
      "t_w2c": [
        5.172274208647943,
        3.478610467349596,
        3.911551292149558
      ]
    },
    {
      "R_w2c": [
        [
          0.9156137055615358,
          0.13110661460883358,
          -0.3800823565935206
        ],
        [
          -0.10640398500882148,
          0.9906495358419765,
          0.08539138779946735
        ],
        [
          0.38772378591223394,
          -0.03774324763301792,
          0.9210025586804832
        ]
      ],
      "id": 40,
      "t_w2c": [
        8.075876898304353,
        4.193012199081172,
        5.554796537128466
      ]
    },
    {
      "R_w2c": [
        [
          0.9057304561778782,
          0.13959733344570655,
          -0.40020610346003077
        ],
        [
          -0.11738498877368245,
          0.9898891347797403,
          0.07962578260601019
        ],
        [
          0.40727522041294767,
          -0.025141307441447235,
          0.9129593690289396
        ]
      ],
      "id": 41,
      "t_w2c": [
        7.538819671524746,
        4.4146837582922185,
        6.0034971595894415
      ]
    },
    {
      "R_w2c": [
        [
          0.8907071308558813,
          0.132574828250235,
          -0.4348157333364385
        ],
        [
          -0.10632816180110838,
          0.990753730387862,
          0.08426961332848955
        ],
        [
          0.44196733934814847,
          -0.028826387858289046,
          0.896567850367479
        ]
      ],
      "id": 42,
      "t_w2c": [
        6.663320681048666,
        4.744495366172348,
        8.06345349882632
      ]
    },
    {
      "R_w2c": [
        [
          0.7851479962785527,
          -0.11852334738666002,
          -0.6078608722923649
        ],
        [
          -0.12119006185922841,
          0.9331357358838295,
          -0.3384828907391037
        ],
        [
          0.6073348276250341,
          0.33942586015329584,
          0.7182858014835495
        ]
      ],
      "id": 43,
      "t_w2c": [
        9.660601356624555,
        -7.322231908554494,
        78.01453116356943
      ]
    },
    {
      "R_w2c": [
        [
          0.7025308333192708,
          0.16373831758267346,
          -0.6925606049949178
        ],
        [
          -0.2586545723736571,
          0.9653663247353723,
          -0.03414192814005039
        ],
        [
          0.6629843440277694,
          0.20311972435515796,
          0.7205512730902313
        ]
      ],
      "id": 44,
      "t_w2c": [
        7.922315677812715,
        1.4848301012124294,
        46.705936292237595
      ]
    },
    {
      "R_w2c": [
        [
          0.6921008704327796,
          0.17449914450262927,
          -0.700390201040848
        ],
        [
          -0.2716554187819255,
          0.9619644267958429,
          -0.028771079676684214
        ],
        [
          0.6687299294876863,
          0.21017728266203256,
          0.7131800552877222
        ]
      ],
      "id": 45,
      "t_w2c": [
        12.110969751535844,
        1.4840070140357275,
        48.722911833378824
      ]
    },
    {
      "R_w2c": [
        [
          0.6760261822328535,
          0.1776443114894825,
          -0.7151441110231562
        ],
        [
          -0.2807021140987543,
          0.959414362633277,
          -0.027025985892704538
        ],
        [
          0.681318518811989,
          0.2190127379135982,
          0.698454362543056
        ]
      ],
      "id": 46,
      "t_w2c": [
        16.546494545772724,
        1.881237386467385,
        49.85312469132649
      ]
    },
    {
      "R_w2c": [
        [
          0.5598734556727798,
          0.2248878095454328,
          -0.7974755085586498
        ],
        [
          -0.34148972123977744,
          0.9395474399731981,
          0.025206711951160463
        ],
        [
          0.7549347547441427,
          0.2582171201869985,
          0.602824547378202
        ]
      ],
      "id": 47,
      "t_w2c": [
        13.155906639611468,
        1.3337604223441464,
        42.645195595958405
      ]
    },
    {
      "R_w2c": [
        [
          0.5220642715269641,
          0.23574375898054697,
          -0.8196790692074198
        ],
        [
          -0.3297409189543926,
          0.9421027504430579,
          0.060937131330069824
        ],
        [
          0.7865874539821578,
          0.23846863045135996,
          0.5695725498376126
        ]
      ],
      "id": 48,
      "t_w2c": [
        12.137347168767826,
        0.2906565155656369,
        42.11541692308564
      ]
    },
    {
      "R_w2c": [
        [
          -0.3496336262600249,
          -0.6957704508178029,
          -0.6274231484070828
        ],
        [
          -0.030495324612594077,
          0.6777863337136868,
          -0.734626245792873
        ],
        [
          0.9363900696638326,
          -0.23771656568222063,
          -0.2581946394393437
        ]
      ],
      "id": 49,
      "t_w2c": [
        -54.810720613803,
        -46.89368805260362,
        88.95296685036422
      ]
    },
    {
      "R_w2c": [
        [
          -0.40552349966448054,
          -0.7002428660513624,
          -0.5875462703175348
        ],
        [
          -0.0956983701696012,
          0.6717612530917946,
          -0.7345601682581375
        ],
        [
          0.9090613363061669,
          -0.2416541896775535,
          -0.3394270752967873
        ]
      ],
      "id": 50,
      "t_w2c": [
        -56.024497551517186,
        -47.186294116598646,
        92.7473201239902
      ]
    },
    {
      "R_w2c": [
        [
          0.5566188018851589,
          -0.056681664492053474,
          -0.8288321291421686
        ],
        [
          0.14626299434469403,
          0.9887721634391089,
          0.03060629499413465
        ],
        [
          0.8177913217155427,
          -0.13826350826720069,
          0.5586596069239224
        ]
      ],
      "id": 51,
      "t_w2c": [
        16.4957421983435,
        -2.1115936477675867,
        69.57124503730304
      ]
    },
    {
      "R_w2c": [
        [
          0.4754876655024808,
          -0.08631974346144228,
          -0.8754772309110909
        ],
        [
          0.1922495390429949,
          0.9813161843679238,
          0.007659049244836472
        ],
        [
          0.8584588485726946,
          -0.1719518775306907,
          0.483198672515678
        ]
      ],
      "id": 52,
      "t_w2c": [
        12.458685046299523,
        -2.654592515778703,
        66.54070536974564
      ]
    },
    {
      "R_w2c": [
        [
          0.3680193008005529,
          -0.10280886846281828,
          -0.9241169464973938
        ],
        [
          0.2097562978426779,
          0.9774287267053812,
          -0.025206739702532163
        ],
        [
          0.9058499267282666,
          -0.18456278275018595,
          0.3812774442186447
        ]
      ],
      "id": 53,
      "t_w2c": [
        11.593621205405778,
        -3.3927721724787157,
        64.89882055067937
      ]
    },
    {
      "R_w2c": [
        [
          0.3513286941129613,
          -0.09978193976323368,
          -0.930919821031848
        ],
        [
          0.2217533320299856,
          0.9748808328706193,
          -0.020804360963189647
        ],
        [
          0.9096117899557373,
          -0.19912540319751804,
          0.36463058754710315
        ]
      ],
      "id": 54,
      "t_w2c": [
        16.259625069938004,
        -3.902922263260106,
        65.97054516474225
      ]
    },
    {
      "R_w2c": [
        [
          0.2887632980653067,
          -0.08883728775815351,
          -0.9532700005739305
        ],
        [
          0.21027853227648563,
          0.9772581649169532,
          -0.027375499388977653
        ],
        [
          0.9340228565480042,
          -0.1925471770941448,
          0.3008768652438772
        ]
      ],
      "id": 55,
      "t_w2c": [
        15.610960781818871,
        -3.8191130129943804,
        64.61313919153496
      ]
    },
    {
      "R_w2c": [
        [
          0.21591258386887888,
          -0.08626647903517555,
          -0.9725943916771973
        ],
        [
          0.18875735449755032,
          0.9809872483416494,
          -0.04510742415794247
        ],
        [
          0.9579939547043865,
          -0.1738450838705312,
          0.2280909238963653
        ]
      ],
      "id": 56,
      "t_w2c": [
        13.280845655072207,
        -3.6923851249815867,
        63.81124299482466
      ]
    },
    {
      "R_w2c": [
        [
          0.13757572924386696,
          -0.09542403664989936,
          -0.9858839546074666
        ],
        [
          0.18807458702256236,
          0.9797570642485163,
          -0.06858603918744414
        ],
        [
          0.9724715257730229,
          -0.1759839432578088,
          0.1527376288807755
        ]
      ],
      "id": 57,
      "t_w2c": [
        10.545008430816107,
        -3.643734719105386,
        63.45542967023159
      ]
    },
    {
      "R_w2c": [
        [
          0.1943051759589998,
          -0.08429622449347285,
          -0.9773124603378839
        ],
        [
          0.19050821563460907,
          0.9805741120239015,
          -0.04670150537460363
        ],
        [
          0.9622640585469558,
          -0.1771117087170774,
          0.20658974869063013
        ]
      ],
      "id": 58,
      "t_w2c": [
        15.222429804915073,
        -2.4810476758041773,
        63.51754852335319
      ]
    },
    {
      "R_w2c": [
        [
          0.10040384074381663,
          -0.08587287895384939,
          -0.9912340376641978
        ],
        [
          0.15396809696627772,
          0.9856080411783302,
          -0.06978978636733646
        ],
        [
          0.9829612880884341,
          -0.14561125583138515,
          0.11218051655583382
        ]
      ],
      "id": 59,
      "t_w2c": [
        12.747793345420996,
        -2.3721738879137546,
        61.858736354653665
      ]
    },
    {
      "R_w2c": [
        [
          0.4207857526124985,
          -0.1866084484503121,
          -0.8877593352735302
        ],
        [
          0.5887763011840065,
          0.8006700498552921,
          0.11076975412450757
        ],
        [
          0.6901317392805617,
          -0.5693019921199038,
          0.44678118157090696
        ]
      ],
      "id": 60,
      "t_w2c": [
        7.094774217821946,
        -3.49127933702641,
        75.49474291810382
      ]
    },
    {
      "R_w2c": [
        [
          0.4151394421987835,
          -0.19127351188247352,
          -0.8894232328779299
        ],
        [
          0.5797833063045037,
          0.8090201252175555,
          0.09663205846710063
        ],
        [
          0.7010781420508709,
          -0.5557885215125591,
          0.4467533526381002
        ]
      ],
      "id": 61,
      "t_w2c": [
        6.187490145383787,
        -2.859970186613867,
        74.44042164928267
      ]
    },
    {
      "R_w2c": [
        [
          0.37820286348051896,
          -0.19151977512140228,
          -0.9056946338543601
        ],
        [
          0.5804500907881287,
          0.8112080076605171,
          0.07084673889112661
        ],
        [
          0.7211381879773038,
          -0.5525049719639651,
          0.41796886223247437
        ]
      ],
      "id": 62,
      "t_w2c": [
        7.651700454288771,
        -2.633326189548432,
        72.89526224158686
      ]
    },
    {
      "R_w2c": [
        [
          0.3421213743992558,
          -0.17155038604247325,
          -0.9238633179360694
        ],
        [
          0.5744024451231702,
          0.8162868722741115,
          0.061135694888271086
        ],
        [
          0.7436496461477593,
          -0.5515851767421118,
          0.37780814785110917
        ]
      ],
      "id": 63,
      "t_w2c": [
        8.725084757814829,
        -3.110938435537957,
        71.5507269160529
      ]
    },
    {
      "R_w2c": [
        [
          0.3220980919015391,
          -0.15593989629989388,
          -0.9337749021768393
        ],
        [
          0.5606083900243882,
          0.8262259311650357,
          0.05539804784225594
        ],
        [
          0.7628702722138614,
          -0.5413256500595993,
          0.353547010113084
        ]
      ],
      "id": 64,
      "t_w2c": [
        8.644769663013978,
        -3.4034620557457305,
        70.20040074096332
      ]
    },
    {
      "R_w2c": [
        [
          0.3001741289913233,
          -0.14762358451735452,
          -0.9423920466443613
        ],
        [
          0.550617900061269,
          0.8335538064650676,
          0.0448104882780285
        ],
        [
          0.7789193927592374,
          -0.5323488790462927,
          0.33149547592951667
        ]
      ],
      "id": 65,
      "t_w2c": [
        8.346771222711824,
        -3.6091091317245168,
        68.7369924295834
      ]
    },
    {
      "R_w2c": [
        [
          0.2776736459005002,
          -0.1384990776611624,
          -0.9506394436690135
        ],
        [
          0.5397330687828727,
          0.8411037137800645,
          0.03511064123035648
        ],
        [
          0.7947235751093249,
          -0.522840843997857,
          0.3083048669954178
        ]
      ],
      "id": 66,
      "t_w2c": [
        7.915759558290312,
        -3.5216828575272334,
        67.38817570195349
      ]
    },
    {
      "R_w2c": [
        [
          0.275225404189875,
          -0.12514671172499922,
          -0.9531994950863854
        ],
        [
          0.5319249730130243,
          0.845721704363763,
          0.042551402481529166
        ],
        [
          0.8008163334832858,
          -0.5187418426466788,
          0.2993327591726556
        ]
      ],
      "id": 67,
      "t_w2c": [
        8.386463733395763,
        -3.8823356559779567,
        67.44662297629155
      ]
    },
    {
      "R_w2c": [
        [
          0.26543599587954314,
          -0.11651463918837984,
          -0.9570622085038342
        ],
        [
          0.512501333588981,
          0.8578583422630932,
          0.03770209117719503
        ],
        [
          0.8166309540795958,
          -0.5005031503041906,
          0.2874203913688617
        ]
      ],
      "id": 68,
      "t_w2c": [
        6.888177026789281,
        -3.82911301846309,
        66.33806867619866
      ]
    },
    {
      "R_w2c": [
        [
          0.20186494758398274,
          -0.11889975573080291,
          -0.9721694250613271
        ],
        [
          0.4809387078680728,
          0.8767233052927049,
          -0.007362420174298695
        ],
        [
          0.8531989816045871,
          -0.4660676925552658,
          0.2341631989555698
        ]
      ],
      "id": 69,
      "t_w2c": [
        3.491433270402507,
        -2.842940560430004,
        63.59603868961179
      ]
    },
    {
      "R_w2c": [
        [
          0.15470356415772463,
          -0.11871823474654786,
          -0.980802114585588
        ],
        [
          0.458898708528639,
          0.8877958827475204,
          -0.0350777121160859
        ],
        [
          0.8749164431805158,
          -0.4446621766186273,
          0.19182483190958532
        ]
      ],
      "id": 70,
      "t_w2c": [
        3.8660473784360967,
        -2.3654005828226508,
        62.86347855057837
      ]
    },
    {
      "R_w2c": [
        [
          0.10046250111740573,
          -0.10843837274714233,
          -0.9890138549005202
        ],
        [
          0.43409736171924473,
          0.8992160347875738,
          -0.05449773691910631
        ],
        [
          0.8952467628635284,
          -0.4238533261599639,
          0.1374103034182983
        ]
      ],
      "id": 71,
      "t_w2c": [
        4.454549962297352,
        -2.632420574354355,
        62.42141112647131
      ]
    },
    {
      "R_w2c": [
        [
          0.05148535031167306,
          -0.10123322822142825,
          -0.9935296131505857
        ],
        [
          0.40987740018085606,
          0.9093406568551433,
          -0.0714148906828175
        ],
        [
          0.9106864309542921,
          -0.403548514176579,
          0.08831093466614823
        ]
      ],
      "id": 72,
      "t_w2c": [
        4.631661016806741,
        -2.9574153641301777,
        62.11963011735348
      ]
    },
    {
      "R_w2c": [
        [
          -0.019576460442710962,
          -0.11142317853905342,
          -0.993580211900775
        ],
        [
          0.37557801546723313,
          0.9201689369728272,
          -0.11059060415781893
        ],
        [
          0.9265840040137913,
          -0.37533185678083714,
          0.023834445477488933
        ]
      ],
      "id": 73,
      "t_w2c": [
        2.666766404890061,
        -3.372197569726521,
        63.51064101888036
      ]
    },
    {
      "R_w2c": [
        [
          -0.07069126949980302,
          -0.11966750493760113,
          -0.9902941142299675
        ],
        [
          0.34506160534403746,
          0.9285514188238778,
          -0.13683841243437364
        ],
        [
          0.9359141162168152,
          -0.3513857579102676,
          -0.02434781723121901
        ]
      ],
      "id": 74,
      "t_w2c": [
        1.269992386677646,
        -3.4941102401379642,
        64.02908116091373
      ]
    },
    {
      "R_w2c": [
        [
          -0.06713046907111565,
          -0.12307269771978917,
          -0.9901245432763826
        ],
        [
          0.34081959541570855,
          0.9298429160674557,
          -0.13868725543409832
        ],
        [
          0.9377289072556976,
          -0.34676398676209663,
          -0.020475204074484006
        ]
      ],
      "id": 75,
      "t_w2c": [
        2.2434587169335165,
        -3.2451410989847647,
        63.61792636718905
      ]
    },
    {
      "R_w2c": [
        [
          -0.07984530631091934,
          -0.12528973803509957,
          -0.9889020217408859
        ],
        [
          0.3310883923781968,
          0.9324132656152274,
          -0.14486538074076988
        ],
        [
          0.9402155090682862,
          -0.3389808012968333,
          -0.03296684485388591
        ]
      ],
      "id": 76,
      "t_w2c": [
        2.798933138188137,
        -2.972163008406309,
        63.10364895859033
      ]
    },
    {
      "R_w2c": [
        [
          -0.12938884694591857,
          -0.12418772438747258,
          -0.9837865293840258
        ],
        [
          0.3056123952548051,
          0.9388359040805133,
          -0.15870793639873682
        ],
        [
          0.9433236932000735,
          -0.3211923945562626,
          -0.0835215871891076
        ]
      ],
      "id": 77,
      "t_w2c": [
        2.7902444768381787,
        -2.639396325499075,
        62.22938264312915
      ]
    },
    {
      "R_w2c": [
        [
          -0.21393850785520138,
          -0.11749036289863427,
          -0.9697558092028307
        ],
        [
          0.2605195207762451,
          0.9499222799580768,
          -0.17256083371890776
        ],
        [
          0.9414668842562681,
          -0.2895577259635739,
          -0.17261642211446251
        ]
      ],
      "id": 78,
      "t_w2c": [
        1.9212179681553068,
        -2.7732202473935494,
        64.0288386344497
      ]
    },
    {
      "R_w2c": [
        [
          -0.37765838930874196,
          -0.15949374963227209,
          -0.9121051939403508
        ],
        [
          0.16594417653519056,
          0.9574467773082387,
          -0.2361317405520187
        ],
        [
          0.910953715212131,
          -0.24053567812344695,
          -0.33512074882183784
        ]
      ],
      "id": 79,
      "t_w2c": [
        -0.8286549345669809,
        -4.0226030704804785,
        65.74644783503453
      ]
    },
    {
      "R_w2c": [
        [
