{
  "frame_001": {
    "R_w2c": [
      [
        1.0,
        0.0,
        0.0
      ],
      [
        0.0,
        1.0,
        0.0
      ],
      [
        0.0,
        0.0,
        1.0
      ]
    ],
    "t_w2c": [
      0.0,
      0.0,
      0.0
    ]
  },
  "frame_003": {
    "R_w2c": [
      [
        0.999503,
        -0.006317,
        0.030877
      ],
      [
        0.005714,
        0.999792,
        0.019578
      ],
      [
        -0.030994,
        -0.019392,
        0.999331
      ]
    ],
    "t_w2c": [
      0.4634465681980982,
      0.03959313728399412,
      -0.8852391178621724
    ]
  },
  "frame_004": {
    "R_w2c": [
      [
        0.999478950736,
        -0.010780812221999999,
        0.030418386613
      ],
      [
        0.010038768167,
        0.9996514702829999,
        0.024419552700000003
      ],
      [
        -0.030670740242000002,
        -0.024102018165999998,
        0.9992386215069999
      ]
    ],
    "t_w2c": [
      1.4228460387694017,
      -0.13189110370165513,
      -1.1113970996901197
    ]
  },
  "frame_005": {
    "R_w2c": [
      [
        0.9996251834065921,
        -0.013623460170282807,
        0.023751287393486777
      ],
      [
        0.013175404175156927,
        0.9997357608540485,
        0.018860558897874476
      ],
      [
        -0.02400146307489929,
        -0.0185403809785838,
        0.9995394478267395
      ]
    ],
    "t_w2c": [
      2.36486335855847,
      -0.2517985089585338,
      -1.4343930433147274
    ]
  },
  "frame_006": {
    "R_w2c": [
      [
        0.9998597840025073,
        -0.010805242097290111,
        0.012799137188719372
      ],
      [
        0.010765238086185713,
        0.9999375552481036,
        0.003114216281053779
      ],
      [
        -0.012832104068577854,
        -0.002975462437049009,
        0.9999122878638269
      ]
    ],
    "t_w2c": [
      3.280461523902741,
      -0.2550227088842495,
      -1.8463428072088182
    ]
  },
  "frame_008": {
    "R_w2c": [
      [
        0.9997889031784373,
        0.012347961011995317,
        -0.016419375821989997
      ],
      [
        -0.01265199809574893,
        0.9997498206420421,
        -0.01845568321432711
      ],
      [
        0.016187519598434653,
        0.01866015201600423,
        0.9996940362749343
      ]
    ],
    "t_w2c": [
      4.0723318384326666,
      -0.24162928186456487,
      -2.4202975621525247
    ]
  },
  "frame_009": {
    "R_w2c": [
      [
        0.9994449326415282,
        0.02255686705593039,
        -0.024508763327790083
      ],
      [
        -0.02301412219371244,
        0.9995644324515982,
        -0.018469492431876938
      ],
      [
        0.02408198468894329,
        0.01902305589557728,
        0.999528423479081
      ]
    ],
    "t_w2c": [
      5.0813484328309535,
      -0.35185462248480187,
      -2.28925196959151
    ]
  },
  "frame_010": {
    "R_w2c": [
      [
        0.9993622736909504,
        0.019845245283195916,
        -0.029681622379343735
      ],
      [
        -0.020245865057983987,
        0.9997073678195204,
        -0.013208400184665315
      ],
      [
        0.029411359933193174,
        0.013800371329217163,
        0.9994714100548568
      ]
    ],
    "t_w2c": [
      4.132606615194124,
      -0.39077898903506053,
      -2.532569550979048
    ]
  },
  "frame_011": {
    "R_w2c": [
      [
        0.9989203652401801,
        0.007781052526662456,
        -0.04578761890167738
      ],
      [
        -0.008451812772782093,
        0.999859961448465,
        -0.01443602636093867
      ],
      [
        0.04566919379408815,
        0.014806535091468877,
        0.998846037701123
      ]
    ],
    "t_w2c": [
      3.2103836829755252,
      -0.3290329313875159,
      -2.7188616598506354
    ]
  },
  "frame_012": {
    "R_w2c": [
      [
        0.9986062918758586,
        -0.007432774696129523,
        -0.052233424863184
      ],
      [
        0.006383154926395424,
        0.9997748571327244,
        -0.020216924741685155
      ],
      [
        0.05237307718288996,
        0.01985387823995481,
        0.9984296603364234
      ]
    ],
    "t_w2c": [
      2.2514406886436658,
      -0.2034691275385777,
      -2.8787081953169698
    ]
  },
  "frame_013": {
    "R_w2c": [
      [
        0.99764685438584,
        -0.01838104009945642,
        -0.06603144736090207
      ],
      [
        0.016785575653967065,
        0.9995552200890758,
        -0.024628282038088645
      ],
      [
        0.06645660229517666,
        0.02346024691665733,
        0.9975130333447392
      ]
    ],
    "t_w2c": [
      1.313109000419234,
      -0.15411262191414996,
      -3.04302877863782
    ]
  },
  "frame_014": {
    "R_w2c": [
      [
        0.9964842110528908,
        -0.018668389073047426,
        -0.08165428070532102
      ],
      [
        0.0164662185211659,
        0.9994844576104921,
        -0.02755567648262131
      ],
      [
        0.08212771230907341,
        0.02611198227800297,
        0.996279328841381
      ]
    ],
    "t_w2c": [
      0.42331937187899527,
      -0.16254201716831884,
      -3.3706292223535432
    ]
  },
  "frame_015": {
    "R_w2c": [
      [
        0.9950507468604989,
        -0.015900554717941814,
        -0.09806588536806754
      ],
      [
        0.013086921481697864,
        0.9994860471662884,
        -0.02926354036654625
      ],
      [
        0.09848138203118022,
        0.027833427237759507,
        0.9947496097115663
      ]
    ],
    "t_w2c": [
      -0.4972563073757128,
      -0.1567189821421734,
      -3.584597731685424
    ]
  },
  "frame_016": {
    "R_w2c": [
      [
        0.9932067502705649,
        -0.010994651884523927,
        -0.11582810454253926
      ],
      [
        0.007979547453694601,
        0.99961794985774,
        -0.02646152069965248
      ],
      [
        0.11607519493009506,
        0.025355247755035556,
        0.992916308834002
      ]
    ],
    "t_w2c": [
      -1.37973078639192,
      -0.20617822164328373,
      -3.915977762215054
    ]
  },
  "frame_017": {
    "R_w2c": [
      [
        0.9907453710702069,
        -0.012225204389187288,
        -0.135168179120735
      ],
      [
        0.009665869999383563,
        0.9997616769066516,
        -0.019578151264875884
      ],
      [
        0.13537541947841636,
        0.018087940193396556,
        0.9906291159164922
      ]
    ],
    "t_w2c": [
      -2.265923605063732,
      -0.22989646621538262,
      -4.209873186358986
    ]
  },
  "frame_018": {
    "R_w2c": [
      [
        0.9871375633436899,
        -0.013509867950799859,
        -0.15929158239964133
      ],
      [
        0.011553203688577627,
        0.9998461245590453,
        -0.01320949929499407
      ],
      [
        0.1594455798828536,
        0.011197390462364312,
        0.9871425863848486
      ]
    ],
    "t_w2c": [
      -3.0734980125835123,
      -0.28472160563551385,
      -4.673504192597275
    ]
  },
  "frame_019": {
    "R_w2c": [
      [
        0.9849663605222782,
        -0.01578915968289258,
        -0.17201342147501694
      ],
      [
        0.015195584671445462,
        0.9998735002554667,
        -0.004771082260729887
      ],
      [
        0.17206662837831915,
        0.0020829764345347496,
        0.9850828064416411
      ]
    ],
    "t_w2c": [
      -3.9409578595068733,
      -0.3991214239495953,
      -5.074837937677199
    ]
  },
  "frame_020": {
    "R_w2c": [
      [
        0.9840097929570483,
        -0.015918287218789344,
        -0.17739178565757874
      ],
      [
        0.014797857568724815,
        0.9998618600504,
        -0.007640423270039847
      ],
      [
        0.17748822155753702,
        0.0048913144618744275,
        0.984110568263656
      ]
    ],
    "t_w2c": [
      -2.9132633028735215,
      -0.40051366168825664,
      -5.101565237125276
    ]
  },
  "frame_021": {
    "R_w2c": [
      [
        0.9837920223383134,
        -0.01101940814960656,
        -0.17896612005011564
      ],
      [
        0.00819394390127194,
        0.9998307661699124,
        -0.016518209064352682
      ],
      [
        0.17911685753844053,
        0.014781583895274633,
        0.9837168517428259
      ]
    ],
    "t_w2c": [
      -1.907309852679106,
      -0.3488030425536329,
      -5.113713351046085
    ]
  },
  "frame_023": {
    "R_w2c": [
      [
        0.9846035171141571,
        -0.002764399792890327,
        -0.17477324074454512
      ],
      [
        -0.00446271621276034,
        0.9991518902814168,
        -0.04094794079457476
      ],
      [
        0.1747370171764408,
        0.04109463093416094,
        0.9837570001040176
      ]
    ],
    "t_w2c": [
      -2.914335925173453,
      -0.09348921876569692,
      -4.954147616429931
    ]
  },
  "frame_024": {
    "R_w2c": [
      [
        0.9810964176591657,
        -0.011042502061527584,
        -0.19319848766507322
      ],
      [
        0.0038317393343420053,
        0.9992835885123972,
        -0.03766132850418793
      ],
      [
        0.1934746615532707,
        0.03620615527129483,
        0.9804367886294185
      ]
    ],
    "t_w2c": [
      -3.7421418477138686,
      -0.108663759593536,
      -5.390302066692381
    ]
  },
  "frame_025": {
    "R_w2c": [
      [
        0.9767232341160316,
        -0.024521622738649437,
        -0.2130935248496283
      ],
      [
        0.017659910266662388,
        0.9992646492946606,
        -0.03404838287153323
      ],
      [
        0.21376956249840764,
        0.02948899936678796,
        0.9764382069575829
      ]
    ],
    "t_w2c": [
      -4.5942286873241,
      -0.16803357007902667,
      -5.720092085461446
    ]
  },
  "frame_026": {
    "R_w2c": [
      [
        0.972410872650684,
        -0.035705027056770325,
        -0.23052145383832529
      ],
      [
        0.0278710901623971,
        0.9989212930287659,
        -0.03715532288839948
      ],
      [
        0.23159719503164672,
        0.029701403261529653,
        0.9723577552003518
      ]
    ],
    "t_w2c": [
      -5.472385863184254,
      -0.20034599459494654,
      -5.97260919169421
    ]
  },
  "frame_027": {
    "R_w2c": [
      [
        0.9681863702964775,
        -0.0421922226300678,
        -0.24664298672556395
      ],
      [
        0.03153270383388293,
        0.9983974004551616,
        -0.04701431068252637
      ],
      [
        0.2482285028768577,
        0.037737378331608215,
        0.9679658371131796
      ]
    ],
    "t_w2c": [
      -6.35970528903686,
      -0.18348426778740423,
      -6.206620460580302
    ]
  },
  "frame_028": {
    "R_w2c": [
      [
        0.9646539184570111,
        -0.041111603469139876,
        -0.26028904863503416
      ],
      [
        0.025814819191244683,
        0.997747896333504,
        -0.06192096463157527
      ],
      [
        0.26224499520900335,
        0.05300900251191364,
        0.9635434635579768
      ]
    ],
    "t_w2c": [
      -7.256067724770284,
      0.004738973522480804,
      -6.458202493609011
    ]
  },
  "frame_029": {
    "R_w2c": [
      [
        0.9593874048384652,
        -0.03459076880777243,
        -0.2799576419286544
      ],
      [
        0.015411780059613838,
        0.9973992329442433,
        -0.07042325680087679
      ],
      [
        0.28166268223858737,
        0.06324499334144182,
        0.9574255200618106
      ]
    ],
    "t_w2c": [
      -8.109263598872046,
      0.13924727574583967,
      -6.77903726252191
    ]
  },
  "frame_030": {
    "R_w2c": [
      [
        0.9547860763887842,
        -0.027063902109192194,
        -0.2960560248227573
      ],
      [
        0.006909877233192893,
        0.9976002892805959,
        -0.06891089030487153
      ],
      [
        0.2972071408606351,
        0.06374565374613261,
        0.9526815429559646
      ]
    ],
    "t_w2c": [
      -8.9848434234421,
      0.2520456746980194,
      -7.0583454690070155
    ]
  },
  "frame_031": {
    "R_w2c": [
      [
        0.9503945186217702,
        -0.021244369558465287,
        -0.3103186708150668
      ],
      [
        0.004835815694226273,
        0.998554213218245,
        -0.05355255155783296
      ],
      [
        0.3110038118194607,
        0.04939059491364608,
        0.9491227586833362
      ]
    ],
    "t_w2c": [
      -9.814001340563989,
      0.2048056890036945,
      -7.5475901869383115
    ]
  },
  "frame_032": {
    "R_w2c": [
      [
        0.9465601104999638,
        -0.016525947416806613,
        -0.3221016742152208
      ],
      [
        0.006938681364440427,
        0.9994997524176477,
        -0.030893472101270098
      ],
      [
        0.3224471471420269,
        0.027003390497934446,
        0.9462009672828515
      ]
    ],
    "t_w2c": [
      -10.653318397804789,
      0.07181596379546447,
      -8.02977075279733
    ]
  },
  "frame_033": {
    "R_w2c": [
      [
        0.9421652527104666,
        -0.01326162530854215,
        -0.33488333655997093
      ],
      [
        0.009635364454485956,
        0.9998766592076839,
        -0.012491193676537
      ],
      [
        0.3350039381940302,
        0.008537692190906025,
        0.9421772597526069
      ]
    ],
    "t_w2c": [
      -9.562933524054,
      -0.04822583634301931,
      -7.98048948381497
    ]
  },
  "frame_034": {
    "R_w2c": [
      [
        0.9384731847759047,
        -0.012283877289785047,
        -0.3451303242548989
      ],
      [
        0.011221780354766973,
        0.9999249260271864,
        -0.0050795045883582895
      ],
      [
        0.3451626686785578,
        0.0008894558613809322,
        0.9385421447132192
      ]
    ],
    "t_w2c": [
      -8.539023245501875,
      -0.056168788862220036,
      -7.735613133924206
    ]
  },
  "frame_035": {
    "R_w2c": [
      [
        0.9355394896191643,
        -0.017030282660224005,
        -0.35280834859453547
      ],
      [
        0.014183495240903843,
        0.9998433714351402,
        -0.010658602902031583
      ],
      [
        0.3529295736057088,
        0.004962860464319987,
        0.9356360163368312
      ]
    ],
    "t_w2c": [
      -9.467843062891468,
      -0.020881888143497958,
      -7.9151945656443
    ]
  },
  "frame_036": {
    "R_w2c": [
      [
        0.9317970997933126,
        -0.024917671095697584,
        -0.36212180490012463
      ],
      [
        0.01664639859015626,
        0.9995254660951701,
        -0.025951595891187583
      ],
      [
        0.36259125132458325,
        0.018148733613195103,
        0.9317707880345557
      ]
    ],
    "t_w2c": [
      -10.37927999357296,
      0.041619839787016215,
      -8.132692001119102
    ]
  },
  "frame_037": {
    "R_w2c": [
      [
        0.9267839075597949,
        -0.03178105555092703,
        -0.3742456518352124
      ],
      [
        0.018873099730324437,
        0.9990956875528603,
        -0.038111884179092774
      ],
      [
        0.37511361156656886,
        0.02825357794524483,
        0.9265473893647683
      ]
    ],
    "t_w2c": [
      -11.257797373465925,
      0.22026387877586676,
      -8.272441648178063
    ]
  },
  "frame_038": {
    "R_w2c": [
      [
        0.921852235956197,
        -0.03168005757845288,
        -0.38624277103493704
      ],
      [
        0.020132154079530812,
        0.9992219901343805,
        -0.033914431479725005
      ],
      [
        0.3870118175337701,
        0.023482823525969733,
        0.9217743668491453
      ]
    ],
    "t_w2c": [
      -12.114405414856096,
      0.08654540533234499,
      -8.660515839937425
    ]
  },
  "frame_039": {
    "R_w2c": [
      [
        0.9190972474667417,
        -0.0298288086847446,
        -0.39289760253247646
      ],
      [
        0.015068660407636431,
        0.9990618862034606,
        -0.04060650114762986
      ],
      [
        0.3937350254605488,
        0.031395903981896345,
        0.9186859079030464
      ]
    ],
    "t_w2c": [
      -12.813397834761524,
      0.8061394638243653,
      -8.92116428979253
    ]
  },
  "frame_040": {
    "R_w2c": [
      [
        0.8965474210231693,
        -0.04084770707905172,
        -0.44105787851312933
      ],
      [
        0.03173194442825101,
        0.9991032280391801,
        -0.028035641078622053
      ],
      [
        0.4418020883593615,
        0.011134825289714932,
        0.8970411339086836
      ]
    ],
    "t_w2c": [
      -12.85863850174325,
      1.2498418801437179,
      -10.017148351462511
    ]
  },
  "frame_041": {
    "R_w2c": [
      [
        0.893795534146569,
        -0.012325879373069178,
        -0.4483027052502832
      ],
      [
        -0.015834938445214292,
        0.9981311187207966,
        -0.05902381000086943
      ],
      [
        0.44818788530416603,
        0.059848647710733484,
        0.8919310531077901
      ]
    ],
    "t_w2c": [
      -12.722700779327461,
      1.1114329746331586,
      -9.954329587766301
    ]
  },
  "frame_042": {
    "R_w2c": [
      [
        0.9066111287823202,
        0.01615399902385624,
        -0.4216544179452245
      ],
      [
        -0.021685998881015595,
        0.9997297933525164,
        -0.008337577496430682
      ],
      [
        0.421401267088594,
        0.01669750838746344,
        0.9067184637149334
      ]
    ],
    "t_w2c": [
      -13.334298831366937,
      1.0354229300819042,
      -8.666620540747811
    ]
  },
  "frame_043": {
    "R_w2c": [
      [
        0.9165505782309421,
        0.007398872527245402,
        -0.3998475912119288
      ],
      [
        0.00453120024629553,
        0.999572330352343,
        0.028871837179121618
      ],
      [
        0.39988563111343783,
        -0.02827986308048367,
        0.916127218158465
      ]
    ],
    "t_w2c": [
      -12.562185217718461,
      0.4554567440153366,
      -8.219165591364584
    ]
  },
  "frame_045": {
    "R_w2c": [
      [
        0.9172981241074899,
        -0.020029431475578674,
        -0.39769336683259865
      ],
      [
        0.015036853691664407,
        0.9997634135139157,
        -0.015679500401207105
      ],
      [
        0.3979094406869468,
        0.008397419158819608,
        0.9173849997493188
      ]
    ],
    "t_w2c": [
      -11.760312579028165,
      0.34963807548865045,
      -7.623880586834935
    ]
  },
  "frame_046": {
    "R_w2c": [
      [
        0.9330753744261159,
        -0.03718860771897364,
        -0.35774702348577314
      ],
      [
        0.02351840616737862,
        0.9988193277592918,
        -0.042499204577288445
      ],
      [
        0.35890112720156747,
        0.03123669924761437,
        0.9328518555716769
      ]
    ],
    "t_w2c": [
      -11.104709139675341,
      0.2779743570318544,
      -6.888716531655409
    ]
  },
  "frame_047": {
    "R_w2c": [
      [
        0.93944545177188,
        -0.05873159499899589,
        -0.3376208051353707
      ],
      [
        0.04299913817410605,
        0.997619011546604,
        -0.053907514289068204
      ],
      [
        0.3399789900029337,
        0.03612106011883025,
        0.9397379255403592
      ]
    ],
    "t_w2c": [
      -10.251385676197053,
      0.019420893392101603,
      -6.56652846964784
    ]
  },
  "frame_048": {
    "R_w2c": [
      [
        0.9400137700957906,
        -0.06501200908642461,
        -0.33487571436882885
      ],
      [
        0.0420448033221302,
        0.996266213894307,
        -0.07540251407296673
      ],
      [
        0.33852338245537245,
        0.056795049989965304,
        0.9392409966982672
      ]
    ],
    "t_w2c": [
      -11.175462973726882,
      0.05871122030634817,
      -6.958985446972448
    ]
  },
  "frame_049": {
    "R_w2c": [
      [
        0.9445116609227538,
        -0.0673645348792495,
        -0.3214883614545384
      ],
      [
        0.040311247773897246,
        0.9951168785356388,
        -0.09009720081726093
      ],
      [
        0.325983376710831,
        0.07213314834356757,
        0.9426181394065468
      ]
    ],
    "t_w2c": [
      -10.300393788614052,
      0.19542902553547753,
      -6.575035489211927
    ]
  },
  "frame_050": {
    "R_w2c": [
      [
        0.9509509830928855,
        -0.06768623501750659,
        -0.3018366612987159
      ],
      [
        0.0448303702057521,
        0.9956201135301884,
        -0.08203931534456044
      ],
      [
        0.3060629418255015,
        0.0644788988035192,
        0.9498236099730961
      ]
    ],
    "t_w2c": [
      -9.443040311223248,
      0.05584859396023519,
      -6.24421389642531
    ]
  },
  "frame_051": {
    "R_w2c": [
      [
        0.9563955449236227,
        -0.0686801014185631,
        -0.28387368311237854
      ],
      [
        0.05290716293754444,
        0.9966166458762985,
        -0.06288558396549761
      ],
      [
        0.2872278090614686,
        0.04511957945506898,
        0.9567977606488647
      ]
    ],
    "t_w2c": [
      -8.568167016533137,
      -0.19310490463692898,
      -5.967814705509303
    ]
  },
  "frame_052": {
    "R_w2c": [
      [
        0.9620562817058206,
        -0.0698440717450158,
        -0.2637486794677111
      ],
      [
        0.060120838845682256,
        0.9971850633336388,
        -0.04478528086610533
      ],
      [
        0.26613020316934455,
        0.02722394089109026,
        0.9635520369025403
      ]
    ],
    "t_w2c": [
      -7.694636358675907,
      -0.40347363035719325,
      -5.7328171200992335
    ]
  },
  "frame_053": {
    "R_w2c": [
      [
        0.9667986284016581,
        -0.0729237655342238,
        -0.24489888170861834
      ],
      [
        0.06689946889697361,
        0.9972177950736001,
        -0.03285641680678162
      ],
      [
        0.2466088851039513,
        0.015375811188365974,
        0.9689922547742954
      ]
    ],
    "t_w2c": [
      -6.802673576014095,
      -0.515082569186225,
      -5.565401695463728
    ]
  },
  "frame_054": {
    "R_w2c": [
      [
        0.9699235855767958,
        -0.08191195914665639,
        -0.22919535656789292
      ],
      [
        0.07697695687465562,
        0.9965678262594403,
        -0.030421165326869375
      ],
      [
        0.23089607747584656,
        0.011856727866768476,
        0.9729057445007934
      ]
    ],
    "t_w2c": [
      -5.893789654292991,
      -0.5447259029621397,
      -5.3357867420179845
    ]
  },
  "frame_055": {
    "R_w2c": [
      [
        0.9710808387125623,
        -0.09547183216881744,
        -0.21881443120586772
      ],
      [
        0.09169512131657472,
        0.9954090782315373,
        -0.02739076093052109
      ],
      [
        0.22042028112158718,
        0.006527167517874743,
        0.9753829721738554
      ]
    ],
    "t_w2c": [
      -6.925828485493011,
      -0.6426768439219441,
      -5.437691216573062
    ]
  },
  "frame_056": {
    "R_w2c": [
      [
        0.9702200504804276,
        -0.11841411292806864,
        -0.21128952741250312
      ],
      [
        0.11518855848359992,
        0.9929597649481758,
        -0.027568702033295974
      ],
      [
        0.21306230690994946,
        0.0024021729433479806,
        0.9770354978653031
      ]
    ],
    "t_w2c": [
      -7.944726377237506,
      -0.8105411162522244,
      -5.3204157306473165
    ]
  },
  "frame_057": {
    "R_w2c": [
      [
        0.969091809012591,
        -0.1478266060003093,
        -0.19748217287651365
      ],
      [
        0.14411254767145854,
        0.9890046101873596,
        -0.03314295313990454
      ],
      [
        0.20020543252723672,
        0.0036516558484290997,
        0.9797471452323373
      ]
    ],
    "t_w2c": [
      -8.978453690680492,
      -1.0730814061105005,
      -5.339703762684514
    ]
  },
  "frame_058": {
    "R_w2c": [
      [
        0.9663753218718355,
        -0.17768370171263048,
        -0.18584434219117618
      ],
      [
        0.17154714310298327,
        0.9839678730825405,
        -0.04873708846205554
      ],
      [
        0.1915203613721645,
        0.0152101261819456,
        0.981370585269316
      ]
    ],
    "t_w2c": [
      -9.984324229916599,
      -1.3889695160915643,
      -5.117151975218747
    ]
  },
  "frame_059": {
    "R_w2c": [
      [
        0.9637047054916714,
        -0.19715221078627457,
        -0.17998747612769073
      ],
      [
        0.18556764787046043,
        0.9794286271260548,
        -0.07925893154819048
      ],
      [
        0.1919066858590067,
        0.04297505833351704,
        0.9804713320821337
      ]
    ],
    "t_w2c": [
      -10.79744082795579,
      -1.642259938682277,
      -5.651549791729207
    ]
  },
  "frame_060": {
    "R_w2c": [
      [
        0.9660147840335064,
        -0.19908706328425005,
        -0.16483778320129494
      ],
      [
        0.18375835345461436,
        0.9774856436414229,
        -0.10369745403548626
      ],
      [
        0.18176742981349575,
        0.06987532121839779,
        0.9808554357680814
      ]
    ],
    "t_w2c": [
      -11.672574331520021,
      -1.6986133312151417,
      -4.940972227134422
    ]
  },
  "frame_061": {
    "R_w2c": [
      [
        0.9715651970912323,
        -0.1896187411425082,
        -0.14176768688040445
      ],
      [
        0.17390587322261325,
        0.977887875102813,
        -0.11615108436319027
      ],
      [
        0.16065346608859643,
        0.08818630610948959,
        0.983063002627486
      ]
    ],
    "t_w2c": [
      -12.703466425999833,
      -1.7140625524745412,
      -4.280219488146235
    ]
  },
  "frame_062": {
    "R_w2c": [
      [
        0.9731106705574302,
        -0.17779108103537633,
        -0.1464178782476929
      ],
      [
        0.16479976898443252,
        0.9815806233454503,
        -0.09663625894936392
      ],
      [
        0.1608977223791339,
        0.06990057478735599,
        0.9844926778775487
      ]
    ],
    "t_w2c": [
      -11.731209947811909,
      -1.6212313721224605,
      -4.499453026573777
    ]
  },
  "frame_063": {
    "R_w2c": [
      [
        0.9725653984519665,
        -0.17267063637648375,
        -0.15586359587790577
      ],
      [
        0.166362867492323,
        0.9846509213134604,
        -0.0527528302277574
      ],
      [
        0.1625761322016634,
        0.025368231599299917,
        0.9863699191310293
      ]
    ],
    "t_w2c": [
      -10.867625159499827,
      -1.741445740920299,
      -5.088106692047431
    ]
  },
  "frame_064": {
    "R_w2c": [
      [
        0.9663230699407845,
        -0.1810731507591973,
        -0.1828250089543953
      ],
      [
        0.1856447626025606,
        0.9825818967112081,
        0.008059754451838047
      ],
      [
        0.17817750539193958,
        -0.041735772843748416,
        0.9831138663541656
      ]
    ],
    "t_w2c": [
      -9.817782044303048,
      -2.2252012364361544,
      -5.713855453650527
    ]
  },
  "frame_065": {
    "R_w2c": [
      [
        0.9671049586536902,
        -0.19058280865745142,
        -0.1684585254969951
      ],
      [
        0.20380471817596732,
        0.9768575411138679,
        0.06487463345998151
      ],
      [
        0.15219211610331632,
        -0.09708017663503438,
        0.9835732848755114
      ]
    ],
    "t_w2c": [
      -9.017051762118982,
      -2.619439071375595,
      -5.9275360129024675
    ]
  },
  "frame_066": {
    "R_w2c": [
      [
        0.9661733179336411,
        -0.20254005628313326,
        -0.1596202515921514
      ],
      [
        0.21778694217778255,
        0.9723313439642377,
        0.08447627078653562
      ],
      [
        0.13808998903076364,
        -0.11638892163271532,
        0.9835589760883655
      ]
    ],
    "t_w2c": [
      -8.060865594714441,
      -2.697519717912847,
      -5.675669505571356
    ]
  },
  "frame_067": {
    "R_w2c": [
      [
        0.9675913049341087,
        -0.20407482375544436,
        -0.1487011289829819
      ],
      [
        0.21915678878748707,
        0.971230802374099,
        0.09314964755164688
      ],
      [
        0.12540951604921652,
        -0.12272697415469475,
        0.9844866982571012
      ]
    ],
    "t_w2c": [
      -7.1426520568272815,
      -2.582026167028202,
      -5.454174827335738
    ]
  },
  "frame_068": {
    "R_w2c": [
      [
        0.9729076759569635,
        -0.18737120890567638,
        -0.13540367456162936
      ],
      [
        0.2010282748882354,
        0.9749331898796199,
        0.09533041646407762
      ],
      [
        0.11414314938702604,
        -0.11997480450227374,
        0.9861949131252763
      ]
    ],
    "t_w2c": [
      -6.28453250781263,
      -2.288985380638003,
      -5.176564548778918
    ]
  },
  "frame_069": {
    "R_w2c": [
      [
        0.9814950035924334,
        -0.14917981722822266,
        -0.12002175221189042
      ],
      [
        0.16140502634659007,
        0.9818532988984644,
        0.0995345738343506
      ],
      [
        0.10299120712490277,
        -0.11707232789966825,
        0.9877698361691711
      ]
    ],
    "t_w2c": [
      -5.455446610818335,
      -1.9218509356830422,
      -4.913970153801992
    ]
  },
  "frame_070": {
    "R_w2c": [
      [
        0.9882382585819965,
        -0.11911659356280474,
        -0.0958532806648356
      ],
      [
        0.12844785373313491,
        0.9868683036565954,
        0.09791226198107963
      ],
      [
        0.08292842200136487,
        -0.10907968711135745,
        0.9905691212968376
      ]
    ],
    "t_w2c": [
      -4.661418720914665,
      -1.714832572984144,
      -4.515448112927719
    ]
  },
  "frame_071": {
    "R_w2c": [
      [
        0.9921270329828255,
        -0.10546096588849868,
        -0.06748168400705727
      ],
      [
        0.1102181505613933,
        0.9913550384507147,
        0.07115304701467888
      ],
      [
        0.05939155387901208,
        -0.07803752496283292,
        0.9951814653407518
      ]
    ],
    "t_w2c": [
      -3.8655045373032846,
      -1.4410544975621868,
      -4.10969008109303
    ]
  },
  "frame_072": {
    "R_w2c": [
      [
        0.993161315762854,
        -0.10894491917794588,
        -0.04186546029134592
      ],
      [
        0.11051290554877115,
        0.9931782564537026,
        0.0371599067747646
      ],
      [
        0.03752817318703421,
        -0.041539799606350916,
        0.9984336665980007
      ]
    ],
    "t_w2c": [
      -3.090228522874948,
      -1.2783446084945878,
      -3.577652408953761
    ]
  },
  "frame_073": {
    "R_w2c": [
      [
        0.9918517948776128,
        -0.12340492629148972,
        -0.03150360706180763
      ],
      [
        0.12345549232900661,
        0.9923485274444102,
        -0.0003532014300333601
      ],
      [
        0.031302705537197655,
        -0.0035465362790832186,
        0.9995049603468743
      ]
    ],
    "t_w2c": [
      -2.1580674224322136,
      -1.0428464996543199,
      -3.3241811337728278
    ]
  },
  "frame_074": {
    "R_w2c": [
      [
        0.9904593534930274,
        -0.13698006163093626,
        -0.014737712226102342
      ],
      [
        0.1367368034696948,
        0.990469943180072,
        -0.01644664845427714
      ],
      [
        0.016846239663483843,
        0.014266533763597445,
        0.9997577046440146
      ]
    ],
    "t_w2c": [
      -1.3424531738908756,
      -0.9553240196993183,
      -2.792347140525919
    ]
  },
  "frame_075": {
    "R_w2c": [
      [
        0.9881203400441371,
        -0.15359797259810387,
        0.004035519431737141
      ],
      [
        0.15364670416699164,
        0.9879528633325547,
        -0.01844714393758513
      ],
      [
        -0.0011579194286873667,
        0.018840018963516635,
        0.9998228095064501
      ]
    ],
    "t_w2c": [
      -0.4472531580754986,
      -0.8152147236034856,
      -2.437495699987304
    ]
  },
  "frame_076": {
    "R_w2c": [
      [
        0.9862156272203121,
        -0.16379750055406125,
        0.02321700320946359
      ],
      [
        0.1641197440983011,
        0.9863576638068339,
        -0.01268896482994157
      ],
      [
        -0.020826308189089097,
        0.016316445479140462,
        0.9996506564962255
      ]
    ],
    "t_w2c": [
      0.4710012080152765,
      -0.7360276814089027,
      -2.146391035052859
    ]
  },
  "frame_077": {
    "R_w2c": [
      [
        0.9848492468470715,
        -0.1696473916786214,
        0.03580746561839198
      ],
      [
        0.17021463909525184,
        0.9853150140114117,
        -0.013409289082036197
      ],
      [
        -0.033010578255209325,
        0.019293903523686616,
        0.9992692167283325
      ]
    ],
    "t_w2c": [
      1.4026066303839557,
      -0.5364670526366583,
      -1.9249159554459274
    ]
  },
  "frame_078": {
    "R_w2c": [
      [
        0.9847101923179739,
        -0.16812437677427608,
        0.04550657694954855
      ],
      [
        0.1689857492621352,
        0.9854925074677865,
        -0.015743985175738856
      ],
      [
        -0.04220311753029093,
        0.023186015274041714,
        0.998840362892544
      ]
    ],
    "t_w2c": [
      2.364965690376995,
      -0.3935492035805926,
      -1.8123757965243386
    ]
  },
  "frame_079": {
    "R_w2c": [
      [
        0.9843427540060126,
        -0.16632948973924958,
        0.058264246107011634
      ],
      [
        0.16760193777917262,
        0.9856965649631452,
        -0.017634307859678403
      ],
      [
        -0.05450179778324725,
        0.027115378020579107,
        0.9981454217041338
      ]
    ],
    "t_w2c": [
      3.3095480492583285,
      -0.21286342554299037,
      -1.672529415480597
    ]
  },
  "frame_080": {
    "R_w2c": [
      [
        0.9830720831988086,
        -0.1687398347326616,
        0.07132259171114304
      ],
      [
        0.17048792701254165,
        0.985174164218591,
        -0.019122617928712834
      ],
      [
        -0.06704229966093811,
        0.03094960262232358,
        0.997270368395148
      ]
    ],
    "t_w2c": [
      4.250484957531539,
      0.03575907953362115,
      -1.5825133251087555
    ]
  },
  "frame_081": {
    "R_w2c": [
      [
        0.9824611340010282,
        -0.17116707620609475,
        0.07391686208873416
      ],
      [
        0.1727622908531772,
        0.9848379146973293,
        -0.015696382631222493
      ],
      [
        -0.07011291818432303,
        0.02818260628143256,
        0.9971408269448747
      ]
    ],
    "t_w2c": [
      5.222191297368488,
      0.2594907731045117,
      -1.6039162531772362
    ]
  },
  "frame_082": {
    "R_w2c": [
      [
        0.9814744441664474,
        -0.1709243678832346,
        0.08651085078074804
      ],
      [
        0.1717546125229658,
        0.9851365702197351,
        -0.0021798048813364826
      ],
      [
        -0.08485523834416998,
        0.01698982094230296,
        0.99624823324996
      ]
    ],
    "t_w2c": [
      6.192117510338512,
      0.3011874756184934,
      -1.5524867283531305
    ]
  },
  "frame_083": {
    "R_w2c": [
      [
        0.9828846744356362,
        -0.161057711874961,
        0.08938156691969817
      ],
      [
        0.1615123597192397,
        0.9868679220886383,
        0.0021840509848654933
      ],
      [
        -0.08856182606903365,
        0.012280908787923532,
        0.9959948107735316
      ]
    ],
    "t_w2c": [
      5.201043048237778,
      0.09844664813637503,
      -1.6331494270509646
    ]
  },
  "frame_084": {
    "R_w2c": [
      [
        0.9899275901612979,
        -0.1211931078920824,
        0.0731272713272821
      ],
      [
        0.1164280344688706,
        0.9909840404248258,
        0.06627948767991457
      ],
      [
        -0.08050298875150792,
        -0.057105891728183374,
        0.9951177262659636
      ]
    ],
    "t_w2c": [
      5.521621484471014,
      -0.42721888889510706,
      -2.4689480240407797
    ]
  },
  "frame_085": {
    "R_w2c": [
      [
        0.9935187359639696,
        -0.09218424539791156,
        0.06643704570126126
      ],
      [
        0.08638130373282368,
        0.9925840106072497,
        0.08550894582011115
      ],
      [
        -0.0738293909647464,
        -0.07922311629649888,
        0.9941202354158322
      ]
    ],
    "t_w2c": [
      5.450878254370692,
      0.3340327755833545,
      -2.632397642740392
    ]
  },
  "frame_086": {
    "R_w2c": [
      [
        0.996448589583684,
        -0.0726607933769741,
        0.04244381404552855
      ],
      [
        0.06944161016700684,
        0.994909806946585,
        0.07299296588025536
      ],
      [
        -0.047534254010133184,
        -0.06979301484163673,
        0.9964291303776432
      ]
    ],
    "t_w2c": [
      4.989663963660843,
      0.9516138663666451,
      -2.986569521087469
    ]
  },
  "frame_087": {
    "R_w2c": [
      [
        0.9974840852934248,
        -0.07053710962359748,
        -0.006430335659771967
      ],
      [
        0.07081147668970415,
        0.9952431718156307,
        0.06687248075427449
      ],
      [
        0.0016792906789828597,
        -0.06716580738074997,
        0.9977413691682653
      ]
    ],
    "t_w2c": [
      5.191681559078845,
      0.739856592852326,
      -3.702880412514677
    ]
  },
  "frame_088": {
    "R_w2c": [
      [
        0.9958628361183137,
        -0.06019384108512964,
        -0.06800913142505659
      ],
      [
        0.06508047055450177,
        0.9952732072328278,
        0.07204483218041427
      ],
      [
        0.06334799542822774,
        -0.07617943606117956,
        0.9950802255839358
      ]
    ],
    "t_w2c": [
      5.066408892179114,
      1.5333240257087144,
      -3.7863708952300135
    ]
  },
  "frame_089": {
    "R_w2c": [
      [
        0.9980099565717205,
        0.02233284967096687,
        -0.05890100516642727
      ],
      [
        -0.015371685700358692,
        0.9931212825560456,
        0.116048188409315
      ],
      [
        0.061084981919653863,
        -0.11491783771303675,
        0.9914961220458177
      ]
    ],
    "t_w2c": [
      6.088191999803406,
      0.5786902333219531,
      -3.8957786000759786
    ]
  },
  "frame_090": {
    "R_w2c": [
      [
        0.9990381565176941,
        0.03230183228116995,
        -0.02953245993674065
      ],
      [
        -0.028446483494857427,
        0.9920384681743702,
        0.12265163726129232
      ],
      [
        0.033256611033360195,
        -0.12170005798553646,
        0.992011117154025
      ]
    ],
    "t_w2c": [
      6.671204290674257,
      -0.23641193071352123,
      -3.9163962111134167
    ]
  },
  "frame_091": {
    "R_w2c": [
      [
        0.9994471922866467,
        0.01864164878602406,
        0.027407592162844125
      ],
      [
        -0.021364146232866792,
        0.9944681216457536,
        0.10280919190590908
      ],
      [
        -0.025341882766854184,
        -0.1033438884244852,
        0.994324394084273
      ]
    ],
    "t_w2c": [
      6.259434200284323,
      0.054040932395689405,
      -3.3294136240143057
    ]
  },
  "frame_092": {
    "R_w2c": [
      [
        0.9994217804187702,
        -0.013061705225810908,
        0.031284788534611065
      ],
      [
        0.010233407227683837,
        0.9959719783486988,
        0.08904310052059275
      ],
      [
        -0.03232329572921081,
        -0.08867670583872041,
        0.9955370574842632
      ]
    ],
    "t_w2c": [
      6.174713959917804,
      0.16843316553177312,
      -2.379971425942609
    ]
  },
  "frame_093": {
    "R_w2c": [
      [
        0.9979527314527362,
        -0.06187192301153832,
        0.01598891496047508
      ],
      [
        0.06030487981667471,
        0.9945591676410527,
        0.08490977932737369
      ],
      [
        -0.021156529898389963,
        -0.08377666594772222,
        0.9962607168142019
      ]
    ],
    "t_w2c": [
      5.22975131410855,
      0.3092666396414707,
      -2.5484061153459883
    ]
  },
  "frame_094": {
    "R_w2c": [
      [
        0.9967352604633594,
        -0.08049475324083151,
