{
  "K": [
    [
      3183.8330165146126,
      0.0,
      1100.814254448177
    ],
    [
      0.0,
      3183.592270336112,
      1927.6877827756523
    ],
    [
      0.0,
      0.0,
      1.0
    ]
  ],
  "cameras_optimized": [
    {
      "R_w2c": [
        [
          1.0,
          0.0,
          -0.0
        ],
        [
          -0.0,
          1.0,
          0.0
        ],
        [
          0.0,
          -0.0,
          1.0
        ]
      ],
      "id": 0,
      "t_w2c": [
        0.0,
        0.0,
        0.0
      ]
    },
    {
      "R_w2c": [
        [
          0.9992877302267692,
          0.011504824441851438,
          0.03593982794608196
        ],
        [
          -0.00952617347674695,
          0.9984547232509393,
          -0.05474867703224594
        ],
        [
          -0.03651416488327124,
          0.05436731216873268,
          0.9978531510850807
        ]
      ],
      "id": 1,
      "t_w2c": [
        -0.9771606200056164,
        -0.024614204563368346,
        -0.2110732310774363
      ]
    },
    {
      "R_w2c": [
        [
          0.9840094858841616,
          0.0038325138102348003,
          0.17807482564327368
        ],
        [
          0.0018953428671078989,
          0.9994865773978246,
          -0.03198420355423025
        ],
        [
          -0.17810597790474095,
          0.03181027254640695,
          0.9834970092456403
        ]
      ],
      "id": 2,
      "t_w2c": [
        -1.9873739138899187,
        -0.023881657657195594,
        -0.2047840402627078
      ]
    },
    {
      "R_w2c": [
        [
          0.9432745837083311,
          0.001283236166918826,
          0.3320111640213545
        ],
        [
          0.009388703304818865,
          0.999489534165677,
          -0.030537245185707648
        ],
        [
          -0.33188087016296813,
          0.03192216155303167,
          0.9427810263373215
        ]
      ],
      "id": 3,
      "t_w2c": [
        -2.9905712560112296,
        -0.010884027724975848,
        0.02936261863798799
      ]
    },
    {
      "R_w2c": [
        [
          0.8941579192946137,
          0.0020971661143653324,
          0.447746822721296
        ],
        [
          0.012256154907511715,
          0.9994996962959166,
          -0.029157225026629874
        ],
        [
          -0.44758396087171176,
          0.0315588180808346,
          0.8936848655827908
        ]
      ],
      "id": 4,
      "t_w2c": [
        -3.9498905686344385,
        0.016856720279054462,
        0.24586105304406305
      ]
    },
    {
      "R_w2c": [
        [
          0.8173907434415629,
          0.02061079587986798,
          0.5757148318649151
        ],
        [
          0.030352303175686546,
          0.9964309348477651,
          -0.0787662984425449
        ],
        [
          -0.5752835042202934,
          0.08185711436159512,
          0.8138478374981483
        ]
      ],
      "id": 5,
      "t_w2c": [
        -4.867729460610735,
        0.03359021128519667,
        0.8684534877574889
      ]
    },
    {
      "R_w2c": [
        [
          0.755829745077666,
          0.02491918157848919,
          0.6542938413627997
        ],
        [
          0.06060063880477948,
          0.9923241003123938,
          -0.10779815636480441
        ],
        [
          -0.6519577893025612,
          0.12112767779767122,
          0.7485179534513922
        ]
      ],
      "id": 6,
      "t_w2c": [
        -5.747949896943927,
        -0.09763284685303861,
        1.4703712010031968
      ]
    },
    {
      "R_w2c": [
        [
          0.6848065149726897,
          0.015759211153683846,
          0.7285545170505587
        ],
        [
          0.015729843672490862,
          0.9992135301150141,
          -0.036399083135852314
        ],
        [
          -0.7285551517002664,
          0.03638637793055659,
          0.6840200453437724
        ]
      ],
      "id": 7,
      "t_w2c": [
        -6.563047984101379,
        -0.05635405946888115,
        1.963624841380886
      ]
    },
    {
      "R_w2c": [
        [
          0.5635320930440465,
          0.027047790280394376,
          0.8256512563730184
        ],
        [
          -0.013413600795451909,
          0.9996316766229112,
          -0.023592083540192585
        ],
        [
          -0.8259852634418462,
          0.0022199398674237394,
          0.563687339261659
        ]
      ],
      "id": 8,
      "t_w2c": [
        -7.176535580677579,
        0.00975019876997518,
        2.924367151487559
      ]
    },
    {
      "R_w2c": [
        [
          0.4816221914754144,
          0.020695920463100523,
          0.8761345464907797
        ],
        [
          -0.006993634226187781,
          0.9997800510482613,
          -0.01977216746455241
        ],
        [
          -0.8763510448209264,
          0.0033953500734131923,
          0.4816609988769585
        ]
      ],
      "id": 9,
      "t_w2c": [
        -7.8227488128018345,
        -0.08922836073643464,
        3.3252772840765497
      ]
    },
    {
      "R_w2c": [
        [
          0.3738249726017544,
          0.011371165625135807,
          0.9274295587545308
        ],
        [
          0.002100807672302165,
          0.9999118972353983,
          -0.01310665381516558
        ],
        [
          -0.9274968875777546,
          0.00684794563590628,
          0.37376814895620264
        ]
      ],
      "id": 10,
      "t_w2c": [
        -8.369224345605456,
        -0.19764265832003333,
        4.258166084946566
      ]
    },
    {
      "R_w2c": [
        [
          0.3020930727638518,
          0.04000847603383833,
          0.9524385004993993
        ],
        [
          -0.00995886774595131,
          0.9991968291410389,
          -0.0388138839555201
        ],
        [
          -0.9532264139968599,
          0.0022401964073969285,
          0.3022488795326518
        ]
      ],
      "id": 11,
      "t_w2c": [
        -9.016040740885842,
        0.02512991417440886,
        4.764558696896733
      ]
    },
    {
      "R_w2c": [
        [
          0.1789637683210225,
          0.022429250970267742,
          0.9835999686504936
        ],
        [
          -0.024297741535278364,
          0.9995359420826205,
          -0.018371723960832583
        ],
        [
          -0.9835555853049812,
          -0.020611384861793373,
          0.17942569891031454
        ]
      ],
      "id": 12,
      "t_w2c": [
        -9.337823794195897,
        -0.043865551794987634,
        5.893954373949771
      ]
    },
    {
      "R_w2c": [
        [
          0.046707351730319736,
          0.040669508289674444,
          0.9980803646950561
        ],
        [
          -0.0036929983149313478,
          0.9991710457232179,
          -0.04054112913840449
        ],
        [
          -0.9989017894957372,
          -0.0017923403267731328,
          0.04681882589692859
        ]
      ],
      "id": 13,
      "t_w2c": [
        -9.473846203931963,
        -0.03440443626737747,
        7.039894698198612
      ]
    },
    {
      "R_w2c": [
        [
          -0.05880287662578874,
          0.03937115634359581,
          0.9974929241597159
        ],
        [
          -0.05124204917477225,
          0.9977856476690471,
          -0.04240346332589952
        ],
        [
          -0.9969535967621075,
          -0.053607027093738546,
          -0.05665520760943949
        ]
      ],
      "id": 14,
      "t_w2c": [
        -9.671814387307935,
        0.2944852339681714,
        7.878126660486016
      ]
    },
    {
      "R_w2c": [
        [
          -0.24712423654873886,
          0.038078864594209456,
          0.968235308063809
        ],
        [
          -0.037327085994905036,
          0.9981117734749888,
          -0.04878090099355035
        ],
        [
          -0.968264581796387,
          -0.048196345523591914,
          -0.24523623695701788
        ]
      ],
      "id": 15,
      "t_w2c": [
        -8.999539523699834,
        0.2646060809626847,
        9.525743160561047
      ]
    },
    {
      "R_w2c": [
        [
          -0.32373025302425057,
          0.0342609865093303,
          0.945528903884097
        ],
        [
          -0.057254942499433005,
          0.9968033640267472,
          -0.05572185410004572
        ],
        [
          -0.9444154778677873,
          -0.07217505295022407,
          -0.32073379443923744
        ]
      ],
      "id": 16,
      "t_w2c": [
        -9.203455021594015,
        0.43730961407745556,
        10.10793386758202
      ]
    },
    {
      "R_w2c": [
        [
          -0.47048556530124075,
          0.04264380967216386,
          0.8813766722235257
        ],
        [
          -0.027311036942850545,
          0.9976493370153268,
          -0.06284829046191724
        ],
        [
          -0.8819849432412541,
          -0.05364052432185511,
          -0.46821496563672366
        ]
      ],
      "id": 17,
      "t_w2c": [
        -8.467655687661143,
        0.3149478676012913,
        11.343826079070876
      ]
    },
    {
      "R_w2c": [
        [
          -0.5740484242814827,
          0.05497410842173809,
          0.8169738392281493
        ],
        [
          -0.01943663652367445,
          0.9965477087362626,
          -0.08071481507847177
        ],
        [
          -0.8185906325756444,
          -0.06221343597439636,
          -0.570998130157767
        ]
      ],
      "id": 18,
      "t_w2c": [
        -8.023213594962463,
        0.49603362041751714,
        12.372523830350353
      ]
    },
    {
      "R_w2c": [
        [
          -0.7024259460827001,
          0.038925624074327855,
          0.7106916251513364
        ],
        [
          -0.026575662994056278,
          0.9963727863460121,
          -0.08083937633053787
        ],
        [
          -0.7112605179582583,
          -0.07567077652243359,
          -0.698843622832921
        ]
      ],
      "id": 19,
      "t_w2c": [
        -6.846535244925809,
        0.6002669742958462,
        13.584860258364312
      ]
    },
    {
      "R_w2c": [
        [
          -0.7891752594191354,
          0.010385502471849765,
          0.6140802482242428
        ],
        [
          -0.05454958190347602,
          0.9947201245211565,
          -0.08692650336214948
        ],
        [
          -0.6117407563951386,
          -0.10209806663703787,
          -0.7844419875007218
        ]
      ],
      "id": 20,
      "t_w2c": [
        -6.01076405586278,
        0.7740111548737298,
        14.37248663579332
      ]
    },
    {
      "R_w2c": [
        [
          -0.883844910062038,
          0.03636083859520069,
          0.4663647332014737
        ],
        [
          -0.011818532782719087,
          0.9949203865148486,
          -0.09996872901066389
        ],
        [
          -0.46763072743382866,
          -0.09386859918949214,
          -0.8789255877751602
        ]
      ],
      "id": 21,
      "t_w2c": [
        -4.421234514270785,
        0.8244321476400555,
        15.15281485632911
      ]
    },
    {
      "R_w2c": [
        [
          -0.9589841146117118,
          0.03232463267281921,
          0.2816106994504265
        ],
        [
          -0.0025296213989222226,
          0.9924611262819528,
          -0.12253372529526088
        ],
        [
          -0.2834485296098205,
          -0.11822026451384574,
          -0.9516726853915201
        ]
      ],
      "id": 22,
      "t_w2c": [
        -2.3158973865020642,
        1.1524304616833927,
        15.600278063987414
      ]
    },
    {
      "R_w2c": [
        [
          -0.9922188157382884,
          0.01149586588213462,
          0.12397446012194785
        ],
        [
          -0.0035486246795678354,
          0.9927126803857705,
          -0.12045306747519333
        ],
        [
          -0.12445573091582415,
          -0.1199557387911053,
          -0.9849474055873684
        ]
      ],
      "id": 23,
      "t_w2c": [
        -0.7607037317353,
        1.0965693809519073,
        15.758733136195886
      ]
    },
    {
      "R_w2c": [
        [
          -0.999903160794912,
          -0.0021775507396806872,
          -0.01374508294338429
        ],
        [
          -0.0002362576362026532,
          0.9901961106445233,
          -0.13968395271751075
        ],
        [
          0.013914496565587041,
          -0.1396671784537604,
          -0.990100735303278
        ]
      ],
      "id": 24,
      "t_w2c": [
        0.43674593233971715,
        1.346919039383634,
        15.570359096630026
      ]
    },
    {
      "R_w2c": [
        [
          -0.980450697238602,
          -0.01327834236459947,
          -0.19631636688872292
        ],
        [
          0.013313775456656473,
          0.9909569569173451,
          -0.13351798725342484
        ],
        [
          0.19631396707170104,
          -0.13352151572373822,
          -0.9714076544743749
        ]
      ],
      "id": 25,
      "t_w2c": [
        2.294006005139027,
        1.2504815856660036,
        15.29937840912686
      ]
    },
    {
      "R_w2c": [
        [
          -0.9371314690979912,
          -0.01132172460253459,
          -0.3487928155485217
        ],
        [
          0.04691122221815756,
          0.9863151937157519,
          -0.1580559264167541
        ],
        [
          0.3458091191050915,
          -0.1644814798008703,
          -0.9237758905417897
        ]
      ],
      "id": 26,
      "t_w2c": [
        3.6926442463403886,
        1.634170326742946,
        14.590966910619857
      ]
    },
    {
      "R_w2c": [
        [
          -0.849396483587295,
          -0.01951744123294459,
          -0.5273942388358605
        ],
        [
          0.07038428982152364,
          0.9861996547016076,
          -0.14985423855450403
        ],
        [
          0.5230407875260378,
          -0.16440593223527245,
          -0.8363007975782357
        ]
      ],
      "id": 27,
      "t_w2c": [
        5.5409872214166445,
        1.5282243609002892,
        13.416609072768631
      ]
    },
    {
      "R_w2c": [
        [
          -0.8089635943975352,
          -0.011561374689873734,
          -0.5877450446874908
        ],
        [
          0.07915346169212817,
          0.9885597560274699,
          -0.1283913480927072
        ],
        [
          0.5825054784648578,
          -0.15038598132203101,
          -0.798793730684109
        ]
      ],
      "id": 28,
      "t_w2c": [
        5.592093837112874,
        1.2747510645873357,
        13.42840851523863
      ]
    },
    {
      "R_w2c": [
        [
          -0.6546493326148762,
          -0.029443807121111283,
          -0.7553590626510758
        ],
        [
          0.0941900985892255,
          0.98827679208036,
          -0.12015493149722828
        ],
        [
          0.750041649933288,
          -0.14980669029641647,
          -0.6442014272785993
        ]
      ],
      "id": 29,
      "t_w2c": [
        7.531815145225788,
        1.2389320252729352,
        12.022399425042586
      ]
    },
    {
      "R_w2c": [
        [
          -0.5235319736271663,
          -0.05670316059393488,
          -0.8501170649791135
        ],
        [
          0.0944455578348993,
          0.9877713381939907,
          -0.1240476523264643
        ],
        [
          0.8467551648471349,
          -0.14523269267321012,
          -0.5117745165437512
        ]
      ],
      "id": 30,
      "t_w2c": [
        8.40480661307234,
        1.2713285542966286,
        10.785852707687086
      ]
    },
    {
      "R_w2c": [
        [
          -0.4274385762504107,
          -0.04800278152968905,
          -0.9027690715229639
        ],
        [
          0.09121996335727132,
          0.9912027976152363,
          -0.09589542369073654
        ],
        [
          0.8994304763671952,
          -0.12333996499570098,
          -0.4192995006158955
        ]
      ],
      "id": 31,
      "t_w2c": [
        8.553110567345694,
        0.8792526412987247,
        10.002668077840212
      ]
    },
    {
      "R_w2c": [
        [
          -0.28895971247388036,
          -0.042627728398417025,
          -0.9563917405219491
        ],
        [
          0.11445150309206512,
          0.9903050799681143,
          -0.078719133819634
        ],
        [
          0.9504752169346549,
          -0.13220713052228775,
          -0.2812794635804103
        ]
      ],
      "id": 32,
      "t_w2c": [
        8.951474410138767,
        0.8566346612581782,
        8.745857445598942
      ]
    },
    {
      "R_w2c": [
        [
          -0.12238247424899917,
          -0.047395053829298726,
          -0.9913507143635956
        ],
        [
          0.11944715222970703,
          0.9908953526711145,
          -0.06211906212268247
        ],
        [
          0.9852689520232061,
          -0.12601630421221838,
          -0.11560702077204216
        ]
      ],
      "id": 33,
      "t_w2c": [
        9.31265482879624,
        0.7091372525508994,
        7.116866942707871
      ]
    },
    {
      "R_w2c": [
        [
          0.026622896348828015,
          -0.07460351342100971,
          -0.9968578319776801
        ],
        [
          0.1014025597209755,
          0.9922690354216297,
          -0.07155195472845477
        ],
        [
          0.9944891866038733,
          -0.0991790155661472,
          0.03398206290525013
        ]
      ],
      "id": 34,
      "t_w2c": [
        9.275212652262207,
        0.6897028793503374,
        5.707453308346815
      ]
    },
    {
      "R_w2c": [
        [
          0.1823043093159399,
          -0.06553643900910135,
          -0.9810556120663317
        ],
        [
          0.10950474287535276,
          0.992922206206071,
          -0.04598047097053431
        ],
        [
          0.9771252990751192,
          -0.09904780454344059,
          0.18819054790951487
        ]
      ],
      "id": 35,
      "t_w2c": [
        9.059784585230096,
        0.4963375733628806,
        4.165767243857591
      ]
    },
    {
      "R_w2c": [
        [
          0.3373487090756375,
          -0.04046802595705413,
          -0.9405095360282851
        ],
        [
          0.12911536403910004,
          0.9916228813849715,
          0.003644706135996538
        ],
        [
          0.9324832820238933,
          -0.12266376803647558,
          0.33974774282847287
        ]
      ],
      "id": 36,
      "t_w2c": [
        8.61959631926779,
        0.21543493829747068,
        2.80271093409083
      ]
    },
    {
      "R_w2c": [
        [
          0.5379286926476383,
          -0.06284848129412292,
          -0.8406442707979546
        ],
        [
          0.1461280710674368,
          0.9890722470399484,
          0.01956213131172766
        ],
        [
          0.8302284676355737,
          -0.1333647574675162,
          0.5412342681252895
        ]
      ],
      "id": 37,
      "t_w2c": [
        8.029944946523873,
        0.2060375592502096,
        0.8429520566054394
      ]
    },
    {
      "R_w2c": [
        [
          0.6272474590969463,
          -0.07484966327018575,
          -0.7752149075996696
        ],
        [
          0.12962582924300617,
          0.9915207710209237,
          0.009149045148860613
        ],
        [
          0.7679568799415025,
          -0.10622659056193362,
          0.6316313339346772
        ]
      ],
      "id": 38,
      "t_w2c": [
        7.091549528592582,
        0.189235167274649,
        0.13326362492567548
      ]
    },
    {
      "R_w2c": [
        [
          0.7512079457266265,
          -0.07143503463217453,
          -0.6561887366484446
        ],
        [
          0.11803317444185026,
          0.9926408158014725,
          0.027062530113924697
        ],
        [
          0.6494265100905271,
          -0.09778162727264952,
          0.7541113719866258
        ]
      ],
      "id": 39,
      "t_w2c": [
        6.0419536312813,
        0.05160650900918291,
        -0.8376366920147615
      ]
    },
    {
      "R_w2c": [
        [
          0.8538959406040881,
          -0.06587235703146223,
          -0.516258225308788
        ],
        [
          0.09509718590353304,
          0.9950057419418712,
          0.03033312934623514
        ],
        [
          0.5116817837807874,
          -0.07499604044098679,
          0.8558956397044475
        ]
      ],
      "id": 40,
      "t_w2c": [
        4.816063778496258,
        -0.09195306060243978,
        -1.7430561388241008
      ]
    },
    {
      "R_w2c": [
        [
          0.9086797788962427,
          -0.06924022575874701,
          -0.4117120966913084
        ],
        [
          0.08884829662168835,
          0.9956329564395702,
          0.028653031930766782
        ],
        [
          0.40793018963114264,
          -0.06261634920912273,
          0.9108634108356869
        ]
      ],
      "id": 41,
      "t_w2c": [
        3.6256501751613697,
        -0.10561524456290831,
        -1.9896842071361656
      ]
    },
    {
      "R_w2c": [
        [
          0.9658666953090603,
          -0.04361657819630077,
          -0.2553411854738693
        ],
        [
          0.04588078751934978,
          0.9989426697214627,
          0.0029147806711349155
        ],
        [
          0.25494407274804254,
          -0.014530544250045274,
          0.9668466181636249
        ]
      ],
      "id": 42,
      "t_w2c": [
        2.363792664122091,
        -0.13000774264954404,
        -2.0896278071724006
      ]
    },
    {
      "R_w2c": [
        [
          0.9779404011338187,
          -0.01857503910927441,
          -0.20805657824811635
        ],
        [
          0.026226322779560392,
          0.9990750447706659,
          0.03407689701182178
        ],
        [
          0.20723115553335109,
          -0.03878173331068278,
          0.9775230050171357
        ]
      ],
      "id": 43,
      "t_w2c": [
        1.3713252406210514,
        -0.21753170308197184,
        -1.7300394562453218
      ]
    }
  ],
  "notes": {
    "convention": "x_cam = R_w2c * x_world + t_w2c",
    "fix_cam_prefix": 1,
    "huber_delta_px": 3.0,
    "min_track_len": 2,
    "num_cameras": 44,
    "num_observations": 18266,
    "num_points": 8299,
    "prefilter_thresh_px": 50.0,
    "solver": "Ceres BA (points-only)",
    "stage": "A",
    "zmin": 0.1
  },
  "points_optimized": [
    {
      "X": [
        -0.33476742612898397,
        -6.227067896642865,
        15.150737199365336
      ],
      "id": 0
    },
    {
      "X": [
        0.4115820672019472,
        2.737687215622214,
        13.183090507843547
      ],
      "id": 1
    },
    {
      "X": [
        -1.256884393525691,
        2.7742376803092044,
        13.029622978198146
      ],
      "id": 2
    },
    {
      "X": [
        0.06470535392813806,
        2.80334264820168,
        12.95509509200921
      ],
      "id": 3
    },
    {
      "X": [
        0.646977505570448,
        2.6496441757099443,
        13.416930347590695
      ],
      "id": 4
    },
    {
      "X": [
        -1.6806500323875777,
        3.0705100347627377,
        13.293150427363745
      ],
      "id": 5
    },
    {
      "X": [
        -1.1666921387405254,
        2.6905416315267563,
        12.988815706536982
      ],
      "id": 6
    },
    {
      "X": [
        -1.49646534814379,
        3.1248206136942414,
        13.204023831963445
      ],
      "id": 7
    },
    {
      "X": [
        -0.126646805857205,
        -6.54374474322476,
        14.923270801277322
      ],
      "id": 8
    },
    {
      "X": [
        -1.1722337316408291,
        2.6132810574637184,
        13.00194366522379
      ],
      "id": 9
    },
    {
      "X": [
        0.5730703430583457,
        2.612657000720077,
        13.321511728685389
      ],
      "id": 10
    },
    {
      "X": [
        -1.1700861559160842,
        2.6427772688703897,
        13.007221773751764
      ],
      "id": 11
    },
    {
      "X": [
        -1.6293791812024052,
        -2.0748687280011473,
        15.484790900784082
      ],
      "id": 12
    },
    {
      "X": [
        0.7713210334269675,
        3.144570055656902,
        13.021476540515025
      ],
      "id": 13
    },
    {
      "X": [
        0.30642995937579465,
        2.775732881542415,
        13.117397053163753
      ],
      "id": 14
    },
    {
      "X": [
        0.49227860942773705,
        2.794954883132445,
        13.254912133577045
      ],
      "id": 15
    },
    {
      "X": [
        0.4113633071450871,
        2.817683016957487,
        13.189041137357961
      ],
      "id": 16
    },
    {
      "X": [
        -1.8024190019266566,
        2.646676298329389,
        13.422960025384006
      ],
      "id": 17
    },
    {
      "X": [
        0.3254114893917082,
        2.606337614093763,
        13.134527977723804
      ],
      "id": 18
    },
    {
      "X": [
        0.3054068568083947,
        2.752123983230815,
        13.128330175990625
      ],
      "id": 19
    },
    {
      "X": [
        -0.23926788264054963,
        2.3493857407635104,
        12.915809763821796
      ],
      "id": 20
    },
    {
      "X": [
        0.6448447120280208,
        2.6200273091540813,
        13.408853674006574
      ],
      "id": 21
    },
    {
      "X": [
        0.22387977967183809,
        3.140855565242372,
        12.90115016375368
      ],
      "id": 22
    },
    {
      "X": [
        -1.2547118061453078,
        2.826132612969728,
        13.026197562836625
      ],
      "id": 23
    },
    {
      "X": [
        -0.036261042014446555,
        3.041083788857764,
        10.863255272904752
      ],
      "id": 24
    },
    {
      "X": [
        -1.2607486020173198,
        2.61698151995726,
        13.034408967934908
      ],
      "id": 25
    },
    {
      "X": [
        -0.3955209891263997,
        -6.447893930001602,
        15.326585612212602
      ],
      "id": 26
    },
    {
      "X": [
        -0.17963033918806848,
        2.9810876866275384,
        12.824664835989642
      ],
      "id": 27
    },
    {
      "X": [
        0.620629418346501,
        3.0850354320474564,
        11.646339803062327
      ],
      "id": 28
    },
    {
      "X": [
        -0.399545079382049,
        0.7412988768895463,
        14.811912012703399
      ],
      "id": 29
    },
    {
      "X": [
        -1.798647429597361,
        2.8549322956119174,
        13.409525322908317
      ],
      "id": 30
    },
    {
      "X": [
        0.2430810564365465,
        2.7817923897798544,
        13.102792880018432
      ],
      "id": 31
    },
    {
      "X": [
        0.4332447623807477,
        2.779893920757094,
        13.207873746135652
      ],
      "id": 32
    },
    {
      "X": [
        -1.16014590886751,
        2.8167043952850603,
        12.969249794295038
      ],
      "id": 33
    },
    {
      "X": [
        0.45963119349359616,
        1.9446536082257122,
        9.09496451455528
      ],
      "id": 34
    },
    {
      "X": [
        -1.2241684695036468,
        3.1426269583379502,
        12.790459276763677
      ],
      "id": 35
    },
    {
      "X": [
        2.443392753502334,
        3.326725417687716,
        15.82574284539219
      ],
      "id": 36
    },
    {
      "X": [
        -3.155207640556485,
        3.063535970742625,
        11.17046954905049
      ],
      "id": 37
    },
    {
      "X": [
        2.4417530545131996,
        3.9014637244657457,
        23.735640634039324
      ],
      "id": 38
    },
    {
      "X": [
        0.9213214197078263,
        3.033313612068342,
        13.644390872888623
      ],
      "id": 39
    },
    {
      "X": [
        0.0986014754925485,
        2.619841595361376,
        13.005322995702828
      ],
      "id": 40
    },
    {
      "X": [
        2.8566655129968654,
        3.1158578101608954,
        12.427979623431284
      ],
      "id": 41
    },
    {
      "X": [
        -1.4620099080841538,
        3.0562685075019247,
        11.047230761847437
      ],
      "id": 42
    },
    {
      "X": [
        2.289376089621647,
        3.0849582130962396,
        11.743372435290157
      ],
      "id": 43
    },
    {
      "X": [
        0.22338295715835962,
        3.0415221927305285,
        10.892951554549306
      ],
      "id": 44
    },
    {
      "X": [
        -0.09210733576336436,
        3.0416548898160602,
        10.911821863560647
      ],
      "id": 45
    },
    {
      "X": [
        -1.8608751592526254,
        2.8665599768687624,
        13.512075352296995
      ],
      "id": 46
    },
    {
      "X": [
        0.177453830615111,
        3.106074340104649,
        12.14949008938176
      ],
      "id": 47
    },
    {
      "X": [
        -1.825684239187804,
        2.8370760243267794,
        13.45455666944871
      ],
      "id": 48
    },
    {
      "X": [
        -0.708117294030655,
        -6.672901832413149,
        14.79970245004757
      ],
      "id": 49
    },
    {
      "X": [
        -1.8627058766003457,
        2.709100478906425,
        13.516297983890333
      ],
      "id": 50
    },
    {
      "X": [
        3.4016756818665144,
        3.4269388556770735,
        17.557439280630526
      ],
      "id": 51
    },
    {
      "X": [
        2.4257631580828236,
        3.0832671880789384,
        11.552972170260807
      ],
      "id": 52
    },
    {
      "X": [
        0.5555801760379303,
        3.0441661256482564,
        10.829212954922514
      ],
      "id": 53
    },
    {
      "X": [
        -2.4289086462916454,
        3.0906722459081446,
        11.644375833609674
      ],
      "id": 54
    },
    {
      "X": [
        -0.2614494585288465,
        3.024948845447142,
        10.680869523725857
      ],
      "id": 55
    },
    {
      "X": [
        2.608533317963528,
        2.7230390988621718,
        14.043745021303986
      ],
      "id": 56
    },
    {
      "X": [
        0.5683659342550258,
        3.05103189158942,
        11.256790967590577
      ],
      "id": 57
    },
    {
      "X": [
        -1.7787985429518536,
        3.158786460555843,
        12.97955263065807
      ],
      "id": 58
    },
    {
      "X": [
        1.0488340220636105,
        2.851676489527541,
        13.945495989382334
      ],
      "id": 59
    },
    {
      "X": [
        0.12100578476470154,
        3.1367251447595397,
        12.779278311908339
      ],
      "id": 60
    },
    {
      "X": [
        0.1812319955119938,
        3.142008811158199,
        12.76230678243189
      ],
      "id": 61
    },
    {
      "X": [
        -0.36786821690786936,
        3.1355832138593027,
        12.810997048599026
      ],
      "id": 62
    },
    {
      "X": [
        -2.258150089176323,
        3.110514335033253,
        12.108409743149137
      ],
      "id": 63
    },
    {
      "X": [
        0.5670739730764325,
        3.058298639453249,
        11.249141440101848
      ],
      "id": 64
    },
    {
      "X": [
        -0.1329385978408119,
        3.057000095761647,
        11.13528867905688
      ],
      "id": 65
    },
    {
      "X": [
        -1.853882287421502,
        2.8826348030770905,
        13.519511817319732
      ],
      "id": 66
    },
    {
      "X": [
        0.9446166812715096,
        2.396203889806333,
        8.536570051810925
      ],
      "id": 67
    },
    {
      "X": [
        2.201140004061212,
        3.0709802862527464,
        11.391872932612332
      ],
      "id": 68
    },
    {
      "X": [
        -2.2392935577653557,
        3.080429260356176,
        11.652588777751715
      ],
      "id": 69
    },
    {
      "X": [
        0.8134775259217519,
        2.486971631967009,
        10.260862627289761
      ],
      "id": 70
    },
    {
      "X": [
        -4.022832562912251,
        3.4650648832345827,
        17.4773935329267
      ],
      "id": 71
    },
    {
      "X": [
        -0.9787329610388429,
        3.049287496034295,
        10.857190964567396
      ],
      "id": 72
    },
    {
      "X": [
        -0.6508423035158645,
        1.1674030441770382,
        10.765748824768387
      ],
      "id": 73
    },
    {
      "X": [
        -2.5131030100496905,
        3.3039429719229814,
        15.160041848239194
      ],
      "id": 74
    },
    {
      "X": [
        -0.5797835883720086,
        1.4008443609666454,
        10.559144752728592
      ],
      "id": 75
    },
    {
      "X": [
        -0.39268625831183035,
        1.3781680565248133,
        10.589195432862338
      ],
      "id": 76
    },
    {
      "X": [
        -1.0613518081613706,
        3.1113275223659387,
        12.407446970328834
      ],
      "id": 77
    },
    {
      "X": [
        -2.1565729145175245,
        3.0962513092126076,
        12.01625224461031
      ],
      "id": 78
    },
    {
      "X": [
        -1.9205451928991166,
        3.0595133099130996,
        11.228793146606469
      ],
      "id": 79
    },
    {
      "X": [
        -6.840607878541519,
        3.94108009695747,
        21.787447218958498
      ],
      "id": 80
    },
    {
      "X": [
        -1.898316362680025,
        2.65863670335658,
        13.55800106454434
      ],
      "id": 81
    },
    {
      "X": [
        -1.575979202828369,
        1.279218475953537,
        13.281201601935319
      ],
      "id": 82
    },
    {
      "X": [
        1.3103776486304892,
        3.1831644029431367,
        13.693752132553325
      ],
      "id": 83
    },
    {
      "X": [
        0.9171518432348603,
        3.095620430009354,
        11.965532784370005
      ],
      "id": 84
    },
    {
      "X": [
        2.8560003793764595,
        3.121443235671638,
        12.409559343790017
      ],
      "id": 85
    },
    {
      "X": [
        -2.22227206132539,
        3.0815360911312277,
        11.659846907031984
      ],
      "id": 86
    },
    {
      "X": [
        3.5919649247025425,
        3.387531540867475,
        17.068999700239953
      ],
      "id": 87
    },
    {
      "X": [
        -2.554969649349975,
        3.0577463402892833,
        11.160200099186003
      ],
      "id": 88
    },
    {
      "X": [
        0.8424725154524962,
        3.153647280442342,
        13.10446998465581
      ],
      "id": 89
    },
    {
      "X": [
        -4.398101995932223,
        3.4407405128154807,
        17.134369737665953
      ],
      "id": 90
    },
    {
      "X": [
        0.0004130540064105903,
        2.473428707647104,
        10.090775361538459
      ],
      "id": 91
    },
    {
      "X": [
        -0.050087903356694385,
        3.0628501348064447,
        11.256906411674047
      ],
      "id": 92
    },
    {
      "X": [
        1.5132775479088734,
        3.1897311905913655,
        13.596897094424103
      ],
      "id": 93
    },
    {
      "X": [
        -2.834703783653107,
        3.0718331099296443,
        11.39961869304845
      ],
      "id": 94
    },
    {
      "X": [
        -0.5698472649337871,
        -1.309985512280035,
        14.749188861698157
      ],
      "id": 95
    },
    {
      "X": [
        -2.284861837826564,
        3.0441010748838857,
        10.913196656928537
      ],
      "id": 96
    },
    {
      "X": [
        -3.132184648601433,
        3.2720562546307552,
        14.389536968237977
      ],
      "id": 97
    },
    {
      "X": [
        2.645402193702119,
        3.120392260277923,
        12.586506746605828
      ],
      "id": 98
    },
    {
      "X": [
        -2.1624677450500838,
        3.147895575233594,
        12.725183688225183
      ],
      "id": 99
    },
    {
      "X": [
        3.988496808758496,
        3.81089219340063,
        22.81039283813406
      ],
      "id": 100
    },
    {
      "X": [
        0.9182589219935322,
        3.046138728173923,
        11.076356883418647
      ],
      "id": 101
    },
    {
      "X": [
        0.2911464413069672,
        2.4652915271238136,
        10.08056460657832
      ],
      "id": 102
    },
    {
      "X": [
        0.9008223806681225,
        3.0259546784622273,
        10.602271745336976
      ],
      "id": 103
    },
    {
      "X": [
        -1.587944638753592,
        3.0660967875547116,
        11.401433390673397
      ],
      "id": 104
    },
    {
      "X": [
        -0.025621512404505505,
        3.037133407384219,
        10.872479608216524
      ],
      "id": 105
    },
    {
      "X": [
        -0.26370707911885743,
        3.02326526281737,
        12.839190234650129
      ],
      "id": 106
    },
    {
      "X": [
        -1.1477372490973263,
        3.020015868041079,
        10.770256439488342
      ],
      "id": 107
    },
    {
      "X": [
        -1.8747134166761457,
        3.0635615148547415,
        11.222658289741249
      ],
      "id": 108
    },
    {
      "X": [
        -3.050426511670612,
        3.06021773209264,
        10.955105979676055
      ],
      "id": 109
    },
    {
      "X": [
        -6.903408869202281,
        3.9423768802719397,
        21.837851718101394
      ],
      "id": 110
    },
    {
      "X": [
        0.17781082932475678,
        3.0330111195790943,
        10.825711397275485
      ],
      "id": 111
    },
    {
      "X": [
        2.354919297979571,
        3.1889000978882507,
        13.638097147538314
      ],
      "id": 112
    },
    {
      "X": [
        -3.2571226217492426,
        3.0564529788096526,
        11.175235250297662
      ],
      "id": 113
    },
    {
      "X": [
        -1.6481124206605091,
        3.1749357995602545,
        13.116213935227519
      ],
      "id": 114
    },
    {
      "X": [
        0.6583923338059201,
        3.147331310963681,
        12.838533274776784
      ],
      "id": 115
    },
    {
      "X": [
        1.8125541213667218,
        3.3019997398758982,
        15.691123503252891
      ],
      "id": 116
    },
    {
      "X": [
        -3.0223509751810287,
        3.269454332184998,
        14.75826191220611
      ],
      "id": 117
    },
    {
      "X": [
        -2.0469583952351598,
        2.667267347917698,
        13.818105344677663
      ],
      "id": 118
    },
    {
      "X": [
        -0.22548866283305352,
        3.067851074985103,
        11.411018831432186
      ],
      "id": 119
    },
    {
      "X": [
        1.8344985503934828,
        3.1002546601218226,
        12.149624322546927
      ],
      "id": 120
    },
    {
      "X": [
        2.899108165384757,
        3.1913427280514073,
        13.730914270951086
      ],
      "id": 121
    },
    {
      "X": [
        -3.9183027422128793,
        3.4621726661428287,
        17.401969798599186
      ],
      "id": 122
    },
    {
      "X": [
        1.3340338412229118,
        3.220607510007777,
        14.510688723604602
      ],
      "id": 123
    },
    {
      "X": [
        3.069371763329625,
        3.4507305881998236,
        17.893617266912717
      ],
      "id": 124
    },
    {
      "X": [
        -1.4973192332610863,
        3.0862728233648906,
        11.81783661157136
      ],
      "id": 125
    },
    {
      "X": [
        -0.13667962960191052,
        3.056244888418173,
        11.005737837252026
      ],
      "id": 126
    },
    {
      "X": [
        0.9122045015975326,
        3.038998059572137,
        10.972058279139594
      ],
      "id": 127
    },
    {
      "X": [
        -0.9558931209815659,
        3.030097113897423,
        10.870307940202709
      ],
      "id": 128
    },
    {
      "X": [
        -1.7973997494770695,
        1.5627427745569404,
        13.440283891184988
      ],
      "id": 129
    },
    {
      "X": [
        -1.4925266202021312,
        1.576918274581304,
        13.214170533262033
      ],
      "id": 130
    },
    {
      "X": [
        2.9006991796219417,
        3.1310489462983537,
