{
  "K": [
    [
      3183.8330165146126,
      0.0,
      1100.814254448177
    ],
    [
      0.0,
      3183.592270336112,
      1927.6877827756523
    ],
    [
      0.0,
      0.0,
      1.0
    ]
  ],
  "cameras_optimized": [
    {
      "R_w2c": [
        [
          1.0,
          0.0,
          -0.0
        ],
        [
          -0.0,
          1.0,
          0.0
        ],
        [
          0.0,
          -0.0,
          1.0
        ]
      ],
      "id": 0,
      "t_w2c": [
        0.0,
        0.0,
        0.0
      ]
    },
    {
      "R_w2c": [
        [
          0.9999409224532901,
          0.001287004774542718,
          0.01079329523238829
        ],
        [
          -0.0011409953076386736,
          0.9999079082828565,
          -0.013523057461634333
        ],
        [
          -0.010809705498816241,
          0.01350994345336137,
          0.999850304643108
        ]
      ],
      "id": 1,
      "t_w2c": [
        -0.9909752234450118,
        -0.038328986809862416,
        0.1284515066039445
      ]
    },
    {
      "R_w2c": [
        [
          0.9999440604896961,
          0.0013088957396668675,
          0.010495841239351877
        ],
        [
          -0.0010541714012256116,
          0.9997056610695398,
          -0.024237985645909097
        ],
        [
          -0.010524476900817242,
          0.02422556536919498,
          0.9996511178248675
        ]
      ],
      "id": 2,
      "t_w2c": [
        -1.9887275862327765,
        -0.033073862315607806,
        0.060467368280558625
      ]
    },
    {
      "R_w2c": [
        [
          0.9998147268972213,
          0.004746831299100661,
          0.018654207891321755
        ],
        [
          -0.0040051530336702515,
          0.99920768590388,
          -0.03959746431010545
        ],
        [
          -0.018827390382409732,
          0.0395154150077039,
          0.9990415713813702
        ]
      ],
      "id": 3,
      "t_w2c": [
        -2.7863509946877865,
        -0.0776551644739378,
        -0.5240337693557264
      ]
    },
    {
      "R_w2c": [
        [
          0.9993411447074941,
          0.011749684901515888,
          0.03433979323511566
        ],
        [
          -0.009870968051155357,
          0.9984717345132622,
          -0.05437609187695254
        ],
        [
          -0.03492621486002278,
          0.054001298899126526,
          0.9979298668908346
        ]
      ],
      "id": 4,
      "t_w2c": [
        -3.7724760417229155,
        -0.09483817010507255,
        -0.6861776791767012
      ]
    },
    {
      "R_w2c": [
        [
          0.9986188377091539,
          0.021051382306528997,
          0.04813788814855555
        ],
        [
          -0.018012949926509078,
          0.9978695696700395,
          -0.06270450989741726
        ],
        [
          -0.04935535034181769,
          0.06175079942409313,
          0.9968705473445997
        ]
      ],
      "id": 5,
      "t_w2c": [
        -4.7794956559985255,
        -0.002763501908549565,
        -0.5765520954897099
      ]
    },
    {
      "R_w2c": [
        [
          0.9963706420790012,
          0.025604334211220804,
          0.0811785789028063
        ],
        [
          -0.02061126338692537,
          0.9978782180838136,
          -0.0617595150196932
        ],
        [
          -0.08258764692539575,
          0.05986217456351738,
          0.9947842985450932
        ]
      ],
      "id": 6,
      "t_w2c": [
        -5.715594714626541,
        -0.0337007937214696,
        -0.8076072151371261
      ]
    },
    {
      "R_w2c": [
        [
          0.9928756174680152,
          0.023399709921436557,
          0.11683519081638125
        ],
        [
          -0.01724334094503116,
          0.9984227957266746,
          -0.05342834609441451
        ],
        [
          -0.11790112565434227,
          0.05103307308916199,
          0.9917131389774542
        ]
      ],
      "id": 7,
      "t_w2c": [
        -6.709773339040041,
        0.12591018338314086,
        -0.7603880326372009
      ]
    },
    {
      "R_w2c": [
        [
          0.9891089359845465,
          0.015425213634331346,
          0.14637477767653007
        ],
        [
          -0.00947853459823038,
          0.9991044215417791,
          -0.041237267580878326
        ],
        [
          -0.14687978124094725,
          0.039400731465317335,
          0.9883693197497632
        ]
      ],
      "id": 8,
      "t_w2c": [
        -7.706707612617378,
        0.06143666830994391,
        -0.778761754064321
      ]
    },
    {
      "R_w2c": [
        [
          0.9848215359806468,
          0.005574814169016925,
          0.17348044188236444
        ],
        [
          -0.00020911767295095753,
          0.9995214504662964,
          -0.03093260945264576
        ],
        [
          -0.1735698664472562,
          0.03042682212673513,
          0.9843514158859882
        ]
      ],
      "id": 9,
      "t_w2c": [
        -8.684818107032873,
        -0.08050956319697489,
        -0.8460759644824807
      ]
    },
    {
      "R_w2c": [
        [
          0.9806562003364335,
          -0.0020416287086853515,
          0.19572748527972403
        ],
        [
          0.006672862160289875,
          0.9997130767619155,
          -0.02300515294046848
        ],
        [
          -0.1956243585351745,
          0.02386620840101011,
          0.9803884507909408
        ]
      ],
      "id": 10,
      "t_w2c": [
        -9.65958609887022,
        -0.07421466372569205,
        -0.9215821850875165
      ]
    },
    {
      "R_w2c": [
        [
          0.97589451832171,
          -0.004693906331641703,
          0.21819224631729525
        ],
        [
          0.00888795172331963,
          0.9997940537986422,
          -0.01824429508207004
        ],
        [
          -0.21806167344079844,
          0.01974378971290667,
          0.9757352557656053
        ]
      ],
      "id": 11,
      "t_w2c": [
        -10.670332657863996,
        -0.05103344040787269,
        -0.8081672566750879
      ]
    },
    {
      "R_w2c": [
        [
          0.967425356514912,
          -0.005056754800868613,
          0.2531059240770144
        ],
        [
          0.009748499609445021,
          0.999803061239085,
          -0.017285991215984668
        ],
        [
          -0.25296866669087725,
          0.019190309216850603,
          0.9672841287361235
        ]
      ],
      "id": 12,
      "t_w2c": [
        -11.654262720545882,
        -0.18501724423920654,
        -0.6692417426909495
      ]
    },
    {
      "R_w2c": [
        [
          0.9560319094751296,
          -0.002580023688134492,
          0.2932513112385112
        ],
        [
          0.009561379576670227,
          0.9997039086095744,
          -0.02237577107790094
        ],
        [
          -0.2931067520306012,
          0.024195838247691677,
          0.955773505243561
        ]
      ],
      "id": 13,
      "t_w2c": [
        -12.621702627632581,
        -0.046985229869512514,
        -0.4740554665424214
      ]
    },
    {
      "R_w2c": [
        [
          0.9456155410065791,
          0.0007037461713185634,
          0.3252856488506081
        ],
        [
          0.009391377878207187,
          0.999521738746279,
          -0.029463465430324225
        ],
        [
          -0.32515081212936175,
          0.030915991249538557,
          0.945156680586174
        ]
      ],
      "id": 14,
      "t_w2c": [
        -13.629053567058687,
        -0.024308360388614874,
        0.006701577489486644
      ]
    },
    {
      "R_w2c": [
        [
          0.9346819608200377,
          0.0026059516008063686,
          0.3554755141129468
        ],
        [
          0.011312634869400075,
          0.999248613215775,
          -0.037070652525445606
        ],
        [
          -0.3553050188358184,
          0.03867063488753383,
          0.9339501729682766
        ]
      ],
      "id": 15,
      "t_w2c": [
        -14.603694617045138,
        0.014367061418989607,
        0.2575995628912135
      ]
    },
    {
      "R_w2c": [
        [
          0.9243983932582057,
          0.000906082680955914,
          0.3814273057291819
        ],
        [
          0.014087560831817827,
          0.9992337956509214,
          -0.03651523324398214
        ],
        [
          -0.38116814028910834,
          0.039128003312561936,
          0.9236773506941235
        ]
      ],
      "id": 16,
      "t_w2c": [
        -15.546700065683053,
        0.03237164595188499,
        0.37593130076524767
      ]
    },
    {
      "R_w2c": [
        [
          0.9160426859934662,
          0.0005022123291336849,
          0.4010804722504603
        ],
        [
          0.01342424477650955,
          0.9994005421987128,
          -0.03191153247807606
        ],
        [
          -0.40085606779747784,
          0.034616528359952756,
          0.9154868152377993
        ]
      ],
      "id": 17,
      "t_w2c": [
        -16.534261138302206,
        0.049479152407505174,
        0.6801986035030064
      ]
    },
    {
      "R_w2c": [
        [
          0.9072124236181436,
          -0.000396573034367762,
          0.4206726294432794
        ],
        [
          0.013565891936250442,
          0.9995070310252303,
          -0.028313627586431744
        ],
        [
          -0.42045402246722313,
          0.031393274135674124,
          0.9067705759067033
        ]
      ],
      "id": 18,
      "t_w2c": [
        -17.475990175864165,
        0.061649676536985346,
        0.7570518552296127
      ]
    },
    {
      "R_w2c": [
        [
          0.894029266134655,
          0.0008616695535734091,
          0.4480077329916422
        ],
        [
          0.012932949867527611,
          0.9995317556392421,
          -0.027730998475684523
        ],
        [
          -0.4478218508541696,
          0.03058638576744308,
          0.8935994980432962
        ]
      ],
      "id": 19,
      "t_w2c": [
        -18.348456938275145,
        0.05063117904242539,
        0.8592173327906367
      ]
    },
    {
      "R_w2c": [
        [
          0.8795491420555429,
          0.004365169589852724,
          0.4757880326403873
        ],
        [
          0.012969503997383346,
          0.9993664188684062,
          -0.03314442342535337
        ],
        [
          -0.47563126334947775,
          0.03532288397893185,
          0.8789352622303822
        ]
      ],
      "id": 20,
      "t_w2c": [
        -19.311391326085182,
        0.06648778864343766,
        1.4028705370998757
      ]
    },
    {
      "R_w2c": [
        [
          0.8630162309963774,
          0.008388846536076376,
          0.5051065355849216
        ],
        [
          0.01587866557277587,
          0.9989176242578195,
          -0.043720108951623406
        ],
        [
          -0.5049265818081232,
          0.045751581403357396,
          0.8619489194741511
        ]
      ],
      "id": 21,
      "t_w2c": [
        -20.2456664397503,
        0.2030000932588076,
        1.9981190351357088
      ]
    },
    {
      "R_w2c": [
        [
          0.8432737160855144,
          0.014704190662410388,
          0.5372831902603048
        ],
        [
          0.019542129178162886,
          0.9981259902857549,
          -0.05798803931213061
        ],
        [
          -0.5371289835286412,
          0.05939944690857562,
          0.8414060617564174
        ]
      ],
      "id": 22,
      "t_w2c": [
        -21.072156058706284,
        0.1612559345282639,
        2.3851699581467782
      ]
    },
    {
      "R_w2c": [
        [
          0.8237476247208437,
          0.01827146654366338,
          0.5666621606187516
        ],
        [
          0.02546977163063542,
          0.9972789186345427,
          -0.06918127767106255
        ],
        [
          -0.5663842701733968,
          0.07142066897937296,
          0.8210407703291521
        ]
      ],
      "id": 23,
      "t_w2c": [
        -21.970166578325394,
        0.14376628570093802,
        3.2212508594776796
      ]
    },
    {
      "R_w2c": [
        [
          0.8092718585804529,
          0.018967995801583953,
          0.5871279877888725
        ],
        [
          0.0319799844640311,
          0.9965737912403041,
          -0.07627554789450612
        ],
        [
          -0.5865631590062742,
          0.0805039983367153,
          0.8058925280385608
        ]
      ],
      "id": 24,
      "t_w2c": [
        -22.855776387644255,
        0.12117020240880172,
        3.999135737589751
      ]
    },
    {
      "R_w2c": [
        [
          0.7942223241709576,
          0.016012463019907573,
          0.6074162500431795
        ],
        [
          0.04068190737210358,
          0.9960083989423487,
          -0.07944967997963641
        ],
        [
          -0.60626387175969,
          0.08781156110863277,
          0.7904006879644114
        ]
      ],
      "id": 25,
      "t_w2c": [
        -23.725386894363755,
        -0.24072786444748956,
        4.610532009485468
      ]
    },
    {
      "R_w2c": [
        [
          0.778249604908393,
          0.013482775787749781,
          0.6278102955646615
        ],
        [
          0.04617235191147115,
          0.9958346061050245,
          -0.07862284148142965
        ],
        [
          -0.6262552725358036,
          0.0901756732201541,
          0.774385357286925
        ]
      ],
      "id": 26,
      "t_w2c": [
        -24.595114378463073,
        -0.36926975412909213,
        5.294042956287422
      ]
    },
    {
      "R_w2c": [
        [
          0.7589646538911045,
          0.01890869415098174,
          0.6508572158541845
        ],
        [
          0.05058058247495163,
          0.9948456970027368,
          -0.08788426384531631
        ],
        [
          -0.6491642772214523,
          0.09962178697776497,
          0.7540963073367395
        ]
      ],
      "id": 27,
      "t_w2c": [
        -25.338726390787055,
        -0.3938578675866231,
        6.438402097795621
      ]
    },
    {
      "R_w2c": [
        [
          0.7506411310969086,
          0.024321160836233438,
          0.6602623519792202
        ],
        [
          0.05641494025922676,
          0.9933134090298842,
          -0.10072649084018456
        ],
        [
          -0.6582972328827622,
          0.1128581081580228,
          0.7442498240523073
        ]
      ],
      "id": 28,
      "t_w2c": [
        -26.24792733284459,
        -0.37387818095008196,
        6.873828767390625
      ]
    },
    {
      "R_w2c": [
        [
          0.7518464865934966,
          0.022157770324093152,
          0.6589657759028763
        ],
        [
          0.06266717898075863,
          0.9925091557754643,
          -0.10487325865285486
        ],
        [
          -0.6563533235046567,
          0.12014411727645997,
          0.7448259567229458
        ]
      ],
      "id": 29,
      "t_w2c": [
        -27.15326882969932,
        -0.5119545561301171,
        6.368277717024514
      ]
    },
    {
      "R_w2c": [
        [
          0.728788293977707,
          0.021173015524531952,
          0.6844116641135372
        ],
        [
          0.06117889308198511,
          0.9935109332187064,
          -0.09588101280315157
        ],
        [
          -0.6820005612917972,
          0.11174850776852911,
          0.722763796415662
        ]
      ],
      "id": 30,
      "t_w2c": [
        -27.89781416854728,
        -0.5937759144622388,
        7.090253655076475
      ]
    },
    {
      "R_w2c": [
        [
          0.7096509504484845,
          0.022065805739291615,
          0.7042078022463528
        ],
        [
          0.04448100281907113,
          0.9961123334185097,
          -0.07603722509232987
        ],
        [
          -0.703147899744977,
          0.08528375829316916,
          0.7059105549966086
        ]
      ],
      "id": 31,
      "t_w2c": [
        -28.67177389270202,
        -0.3796714847350857,
        8.05137971658822
      ]
    },
    {
      "R_w2c": [
        [
          0.7030520607863999,
          0.019596706813242173,
          0.7108683203702864
        ],
        [
          0.028310420715280678,
          0.9980565336838059,
          -0.055512842207815265
        ],
        [
          -0.7105746406275135,
          0.059153399337162495,
          0.7011309117732138
        ]
      ],
      "id": 32,
      "t_w2c": [
        -29.58653372755009,
        -0.24142809902361806,
        8.188321496443772
      ]
    },
    {
      "R_w2c": [
        [
          0.6936988543067798,
          0.015656325313425035,
          0.720094979159792
        ],
        [
          0.02025414728637158,
          0.9989443390167134,
          -0.04123077811736609
        ],
        [
          -0.7199803254611635,
          0.043186653310273,
          0.692649437973276
        ]
      ],
      "id": 33,
      "t_w2c": [
        -30.430895426757182,
        -0.2241764815288613,
        8.27389800762477
      ]
    },
    {
      "R_w2c": [
        [
          0.6765728082457844,
          0.014415392068020439,
          0.7362346308167923
        ],
        [
          0.016022543407936823,
          0.9992834805408308,
          -0.03428999301463468
        ],
        [
          -0.7362014080706135,
          0.034996028199328115,
          0.6758570594179792
        ]
      ],
      "id": 34,
      "t_w2c": [
        -31.225547629610908,
        -0.2609565802552636,
        9.043060495392243
      ]
    },
    {
      "R_w2c": [
        [
          0.6387070751978896,
          0.01643728808873254,
          0.7692743903526525
        ],
        [
          0.008800993877944262,
          0.9995503326387122,
          -0.028664874473825295
        ],
        [
          -0.76939964556719,
          0.025078837336044605,
          0.6382752050009106
        ]
      ],
      "id": 35,
      "t_w2c": [
        -32.539635760343586,
        -0.18545786475651188,
        10.163843930899773
      ]
    },
    {
      "R_w2c": [
        [
          0.612873470721795,
          0.020420408728651442,
          0.7899171575505725
        ],
        [
          0.000750174139135109,
          0.9996505348584059,
          -0.026424333408133115
        ],
        [
          -0.7901807047278376,
          0.01678734835100597,
          0.6126439739450311
        ]
      ],
      "id": 36,
      "t_w2c": [
        -33.18213209776008,
        -0.0680168026629034,
        11.2047310703702
      ]
    },
    {
      "R_w2c": [
        [
          0.584891940629305,
          0.023908797807086827,
          0.8107587724929688
        ],
        [
          -0.007231545431171858,
          0.99967945378163,
          -0.024263026141413103
        ],
        [
          -0.8110789866206389,
          0.008328209548386633,
          0.5848773532871279
        ]
      ],
      "id": 37,
      "t_w2c": [
        -33.764403224803125,
        0.0633308684608369,
        12.44867817236984
      ]
    },
    {
      "R_w2c": [
        [
          0.5538982524624524,
          0.02656083504391816,
          0.8321605902473459
        ],
        [
          -0.013948961288258796,
          0.9996467731168563,
          -0.022622013085375137
        ],
        [
          -0.8324675083136999,
          0.0009225176561972019,
          0.5540730967689679
        ]
      ],
      "id": 38,
      "t_w2c": [
        -34.24048781303893,
        0.039346451368940126,
        13.556921335072673
      ]
    },
    {
      "R_w2c": [
        [
          0.5235897814761824,
          0.025865036505039803,
          0.8515777948140242
        ],
        [
          -0.016571922049758825,
          0.9996591419285349,
          -0.020173531130713147
        ],
        [
          -0.851809316768313,
          -0.003549626078630467,
          0.5238399450418053
        ]
      ],
      "id": 39,
      "t_w2c": [
        -34.687905015499204,
        0.05102821413843022,
        14.492232213429004
      ]
    },
    {
      "R_w2c": [
        [
          0.5028001959236397,
          0.022473851413551477,
          0.8641104610996162
        ],
        [
          -0.015154906584924858,
          0.9997375011718379,
          -0.017183060178315265
        ],
        [
          -0.8642698026574525,
          -0.004455867292796422,
          0.5030088005801858
        ]
      ],
      "id": 40,
      "t_w2c": [
        -35.314877397533095,
        -0.05176813948088902,
        15.183774607528589
      ]
    },
    {
      "R_w2c": [
        [
          0.48457094308803156,
          0.019610218201366336,
          0.8745321266007728
        ],
        [
          -0.013075986089387143,
          0.9997993659318716,
          -0.015173874588176473
        ],
        [
          -0.8746542286541383,
          -0.004082551202661675,
          0.48473014458883384
        ]
      ],
      "id": 41,
      "t_w2c": [
        -35.98698624599395,
        -0.12291272102725054,
        15.929040826172992
      ]
    },
    {
      "R_w2c": [
        [
          0.4793806832710108,
          0.018239643346460485,
          0.8774175037672847
        ],
        [
          -0.009682280521528471,
          0.9998330738209337,
          -0.015494448608655755
        ],
        [
          -0.8775536530324066,
          -0.0010676630450491553,
          0.4794772634287271
        ]
      ],
      "id": 42,
      "t_w2c": [
        -36.72702505000618,
        -0.32896814185759843,
        15.603232250338456
      ]
    },
    {
      "R_w2c": [
        [
          0.46976470380880697,
          0.01989143945962041,
          0.8825675349182339
        ],
        [
          -0.007913338081445384,
          0.9998008287483069,
          -0.018321624234970534
        ],
        [
          -0.8827561963168723,
          0.0016227970985213495,
          0.46982854787011874
        ]
      ],
      "id": 43,
      "t_w2c": [
        -37.359540668573246,
        -0.46852213980232926,
        15.428249832012572
      ]
    },
    {
      "R_w2c": [
        [
          0.4626593184857553,
          0.02390044121487006,
          0.886213926728773
        ],
        [
          -0.004645189527457547,
          0.9996881630594622,
          -0.024535664919705297
        ],
        [
          -0.886523985706281,
          0.007235022358818179,
          0.46262606629860037
        ]
      ],
      "id": 44,
      "t_w2c": [
        -38.23091789149146,
        -0.5158954191781431,
        15.739708900935248
      ]
    },
    {
      "R_w2c": [
        [
          0.44625672185396253,
          0.03255460637364152,
          0.8943126611001392
        ],
        [
          0.0017328176644997063,
          0.9993048043916883,
          -0.03724117697698705
        ],
        [
          -0.8949033107230616,
          0.018168806332473558,
          0.445890074943765
        ]
      ],
      "id": 45,
      "t_w2c": [
        -38.90991914926658,
        -0.18258250033327295,
        16.569070545015606
      ]
    },
    {
      "R_w2c": [
        [
          0.3653485244740342,
          0.010842693066195827,
          0.9308076555721478
        ],
        [
          -0.0005023532662759836,
          0.9999343118125206,
          -0.011450751120209412
        ],
        [
          -0.9308706694841351,
          0.003715920759836544,
          0.36532997225394026
        ]
      ],
      "id": 46,
      "t_w2c": [
        -38.25703595784992,
        -0.8904946484211254,
        19.74853693958515
      ]
    },
    {
      "R_w2c": [
        [
          0.3263866229697027,
          0.03682470052280729,
          0.9445187736502851
        ],
        [
          -0.03753594534249955,
          0.9989575995465704,
          -0.025976279860643017
        ],
        [
          -0.9444907755789242,
          -0.026975094801670627,
          0.32742864735200383
        ]
      ],
      "id": 47,
      "t_w2c": [
        -38.39074443144306,
        0.757108374183137,
        21.076373561511687
      ]
    },
    {
      "R_w2c": [
        [
          0.3116800624825238,
          0.04416991390510711,
          0.9491599219080551
        ],
        [
          -0.045229419230127486,
          0.9984763077157859,
          -0.03161269628418606
        ],
        [
          -0.9491100243317396,
          -0.03307690487131833,
          0.31320293752954853
        ]
      ],
      "id": 48,
      "t_w2c": [
        -39.02776129219558,
        1.1147965912369184,
        21.412104551830446
      ]
    },
    {
      "R_w2c": [
        [
          0.30179168564453485,
          0.04194143244755368,
          0.9524508883507211
        ],
        [
          -0.03753481579908335,
          0.9987799937994282,
          -0.03208834038935796
        ],
        [
          -0.9526347233219873,
          -0.02606607431627766,
          0.30299776185803606
        ]
      ],
      "id": 49,
      "t_w2c": [
        -39.802958720406416,
        0.8887907891820725,
        21.829463977940556
      ]
    },
    {
      "R_w2c": [
        [
          0.2827016976559777,
          0.03895567713603165,
          0.9584165093326081
        ],
        [
          -0.01240166450948299,
          0.9992399045504525,
          -0.03695689206896124
        ],
        [
          -0.9591277020604828,
          -0.0014381838811087025,
          0.2829699326205908
        ]
      ],
      "id": 50,
      "t_w2c": [
        -40.356524650401646,
        0.15231196089980553,
        22.609694808270753
      ]
    },
    {
      "R_w2c": [
        [
          0.28940727218177775,
          0.034207845358058445,
          0.9565946132632471
        ],
        [
          0.0045895117865305535,
          0.9993001460572946,
          -0.03712350295205604
        ],
        [
          -0.9571950517997173,
          0.015134113975690018,
          0.28904773205183104
        ]
      ],
      "id": 51,
      "t_w2c": [
        -41.49972625286201,
        -0.4373174429319507,
        22.16794118709124
      ]
    },
    {
      "R_w2c": [
        [
          0.30016152427304255,
          0.0228895088486488,
          0.9536137214463472
        ],
        [
          0.021772916642858096,
          0.9992871910892748,
          -0.03083909573528945
        ],
        [
          -0.9536398688430276,
          0.030019662049643785,
          0.29944919509572626
        ]
      ],
      "id": 52,
      "t_w2c": [
        -42.68699737467916,
        -1.3498981753191375,
        21.386100732294825
      ]
    },
    {
      "R_w2c": [
        [
          0.17969414525282376,
          0.015723505893083217,
          0.9835968612822467
        ],
        [
          0.01988603778569801,
          0.999609871914823,
          -0.01961248254600487
        ],
        [
          -0.9835215095070585,
          0.02308409263674299,
          0.17931136328770522
        ]
      ],
      "id": 53,
      "t_w2c": [
        -40.67275167906868,
        -1.7686036244862515,
        26.709562878193992
      ]
    },
    {
      "R_w2c": [
        [
          0.1486854950624411,
          0.021487644036916793,
          0.9886510530575383
        ],
        [
          -0.004328070646739627,
          0.9997684583679314,
          -0.02107836466822502
        ],
        [
          -0.9888750635760382,
          -0.0011449045168048476,
          0.1487440682216732
        ]
      ],
      "id": 54,
      "t_w2c": [
        -40.81619542734415,
        -0.8798559413194683,
        28.073308614366375
      ]
    },
    {
      "R_w2c": [
        [
          0.15093594618731038,
          0.019081622178408343,
          0.9883593637152339
        ],
        [
          -0.027148998904946445,
          0.999516572600413,
          -0.01515100510139638
        ],
        [
          -0.9881706694731436,
          -0.024546135992530416,
          0.15138102655496705
        ]
      ],
      "id": 55,
      "t_w2c": [
        -41.75238638658924,
        -0.36770688497054543,
        27.51386207690844
      ]
    },
    {
      "R_w2c": [
        [
          0.11596698083165798,
          0.021192177555960305,
          0.9930269638671584
        ],
        [
          -0.03673409813145803,
          0.9991798944312158,
          -0.01703363140652416
        ],
        [
          -0.9925735566653276,
          -0.03450261113106612,
          0.11665035119484274
        ]
      ],
      "id": 56,
      "t_w2c": [
        -41.753739367619104,
        -0.07339222349792786,
        28.985912692834017
      ]
    },
    {
      "R_w2c": [
        [
          0.0804938767301073,
          0.029293364998941543,
          0.9963245628689463
        ],
        [
          -0.03163913165097925,
          0.9991394568622648,
          -0.026819975565797457
        ],
        [
          -0.9962528299369242,
          -0.029364000204617147,
          0.08135142490855922
        ]
      ],
      "id": 57,
      "t_w2c": [
        -41.69741117058324,
        0.028169310073240906,
        30.41162419711436
      ]
    },
    {
      "R_w2c": [
        [
          0.04894060053106427,
          0.036307412232184165,
          0.9981415678332712
        ],
        [
          -0.02117615880196433,
          0.9991521735343988,
          -0.0353058694820066
        ],
        [
          -0.9985771817531446,
          -0.01940891389255822,
          0.04966795892180873
        ]
      ],
      "id": 58,
      "t_w2c": [
        -41.62256441419915,
        -0.09204379764954086,
        31.28570976478548
      ]
    },
    {
      "R_w2c": [
        [
          0.031106377225231904,
          0.03909139482950835,
          0.9987513485078281
        ],
        [
          -0.010563679120114095,
          0.9991919479617114,
          -0.0387796314052603
        ],
        [
          -0.9994602553275287,
          -0.009344194923270462,
          0.03149419060504789
        ]
      ],
      "id": 59,
      "t_w2c": [
        -42.057002608857466,
        -0.2676626635161952,
        31.958080308310105
      ]
    },
    {
      "R_w2c": [
        [
          0.018125641110999093,
          0.03781657352322733,
          0.9991202970119653
        ],
        [
          -0.007364284134849741,
          0.9992624056828929,
          -0.037688352418473056
        ],
        [
          -0.9998085959089853,
          -0.006674680202089483,
          0.018390763733553177
        ]
      ],
      "id": 60,
      "t_w2c": [
        -42.621903625003526,
        -0.29996491684523463,
        32.36928180698927
      ]
    },
    {
      "R_w2c": [
        [
          0.03923055123695675,
          0.04043920464279364,
          0.998411555711122
        ],
        [
          -0.012055593748697994,
          0.9991271708169047,
          -0.039994489555110424
        ],
        [
          -0.999157458316261,
          -0.010467438237971144,
          0.0396838282896622
        ]
      ],
      "id": 61,
      "t_w2c": [
        -44.09450703849036,
        -0.1312506544643102,
        30.864410966487593
      ]
    },
    {
      "R_w2c": [
        [
          -0.039616685826579824,
          0.019554986273025154,
          0.9990235836635591
        ],
        [
          -0.011926297764045378,
          0.999728009512173,
          -0.020041716954206142
        ],
        [
          -0.9991437742516148,
          -0.01270863913607533,
          -0.03937269187581183
        ]
      ],
      "id": 62,
      "t_w2c": [
        -42.48932220105478,
        -1.1476337534640249,
        34.15856836985654
      ]
    },
    {
      "R_w2c": [
        [
          -0.12963150630159076,
          0.021234854322411425,
          0.9913348342189365
        ],
        [
          -0.02726759599284879,
          0.99931621852676,
          -0.02497145566736723
        ],
        [
          -0.9911872430488355,
          -0.030268405165823905,
          -0.12896384325060306
        ]
      ],
      "id": 63,
      "t_w2c": [
        -40.23400576450398,
        -0.4409417357752972,
        37.78151847035001
      ]
    },
    {
      "R_w2c": [
        [
          -0.09642420880850228,
          0.034014520197887296,
          0.9947589579246633
        ],
        [
          -0.061883818818007724,
          0.9972775185723559,
          -0.040099176034737824
        ],
        [
          -0.9934146993698828,
          -0.06542601444282248,
          -0.0940567472857383
        ]
      ],
      "id": 64,
      "t_w2c": [
        -42.45970298863299,
        1.3626687268058488,
        36.139469814652095
      ]
    },
    {
      "R_w2c": [
        [
          -0.08163242863164065,
          0.03572896067553071,
          0.9960218812680505
        ],
        [
          -0.055113477993331765,
          0.9976662840781261,
          -0.04030496442402816
        ],
        [
          -0.9951375036341353,
          -0.0581844221659889,
          -0.07947277444528628
        ]
      ],
      "id": 65,
      "t_w2c": [
        -43.99086849196003,
        1.0857763470574613,
        35.5022244797023
      ]
    },
    {
      "R_w2c": [
        [
          -0.07914704545970765,
          0.03598983984639348,
          0.9962130678839894
        ],
        [
          -0.020307508957280753,
          0.9990824767971668,
          -0.037706891104803165
        ],
        [
          -0.996656084251207,
          -0.023214994823830364,
          -0.0783435622140109
        ]
      ],
      "id": 66,
      "t_w2c": [
        -45.060021206315035,
        -0.11714382147401822,
        35.214175385078455
      ]
    },
    {
      "R_w2c": [
        [
          -0.1251838084860797,
          0.052360861912341856,
          0.9907509042300778
        ],
        [
          0.041740976783451504,
          0.998000149678347,
          -0.04746990730093866
        ],
        [
          -0.9912551159767516,
          0.03541244670723862,
          -0.12711905312785768
        ]
      ],
      "id": 67,
      "t_w2c": [
        -45.11043940226079,
        -1.735820051489655,
        36.27472504526985
      ]
    },
    {
      "R_w2c": [
        [
          -0.2218554787291704,
          0.047662979971197936,
          0.9739139525122925
        ],
        [
          0.025777192407094765,
          0.9987422158166498,
          -0.04300607744559468
        ],
        [
          -0.9747387767548074,
          0.015563633441907324,
          -0.22280505022244831
        ]
      ],
      "id": 68,
      "t_w2c": [
        -42.32594502377348,
        -1.3750408790213409,
        40.57407309892513
      ]
    },
    {
      "R_w2c": [
        [
          -0.25475313975528685,
          0.03570269943301631,
          0.9663468088828249
        ],
        [
          -0.04057976992226445,
          0.9980431982201676,
          -0.04757159614218707
        ],
        [
          -0.9661542941258809,
          -0.051333144649972136,
          -0.25280583102940024
        ]
      ],
      "id": 69,
      "t_w2c": [
        -41.90199641512025,
        0.8682982511923588,
        41.81813748561654
      ]
    },
    {
      "R_w2c": [
        [
          -0.3241700383325735,
          0.03295673722259311,
          0.9454245817192923
        ],
        [
          -0.05908565167727263,
          0.9967363481654019,
          -0.05500489079864128
        ],
        [
          -0.9441518267806983,
          -0.07369196508127183,
          -0.32116478989629416
        ]
      ],
      "id": 70,
      "t_w2c": [
        -42.6092429817638,
        1.5190969014164588,
        43.974824850051334
      ]
    },
    {
      "R_w2c": [
        [
          -0.3547437924155923,
          0.039130680919705424,
          0.9341443312215534
        ],
        [
          -0.061808092490246366,
          0.9959567238020186,
          -0.06519174806880267
        ],
        [
          -0.9329183251739244,
          -0.08086404716751004,
          -0.3508908725378453
        ]
      ],
      "id": 71,
      "t_w2c": [
        -42.08505125840202,
        2.224257138563144,
        44.92189419791649
      ]
    },
    {
      "R_w2c": [
        [
          -0.3894454410042689,
          0.04362728814584618,
          0.9200157108495646
        ],
        [
          -0.056519231240804796,
          0.9958631593556216,
          -0.07114874797343673
        ],
        [
          -0.919313779392509,
          -0.07970713623809661,
          -0.38536858648803046
        ]
      ],
      "id": 72,
      "t_w2c": [
        -41.36660528443998,
        2.3647460458825456,
        46.31233694049444
      ]
    },
    {
      "R_w2c": [
        [
          -0.4220231207800758,
          0.04182023271281626,
          0.905619983029798
        ],
        [
          -0.044817271966127115,
          0.9967517139519217,
          -0.06691362243534806
        ],
        [
          -0.9054766135359653,
          -0.06882651284027115,
          -0.4187780002217025
        ]
      ],
      "id": 73,
      "t_w2c": [
        -40.66582883695516,
        1.86113350475823,
        47.58371997229148
      ]
    },
    {
      "R_w2c": [
        [
          -0.4497656619507151,
          0.03976270691551245,
          0.8922610472663176
        ],
        [
          -0.031549632067420466,
          0.9976777169504439,
          -0.06036384527976263
        ],
        [
          -0.892589194448625,
          -0.055300092579486565,
          -0.44746668000450573
        ]
      ],
      "id": 74,
      "t_w2c": [
        -40.11481328848211,
        1.0298453971220594,
        48.50610299107187
      ]
    },
    {
      "R_w2c": [
        [
          -0.48069621842004157,
          0.0396462931933556,
          0.8759904777066346
        ],
        [
          -0.029880735478368038,
          0.9976566428542316,
          -0.06154969225021115
        ],
        [
          -0.8763779363059886,
          -0.055761944055515045,
          -0.47838511510205467
        ]
      ],
      "id": 75,
      "t_w2c": [
        -39.38548088608435,
        0.9656372760708911,
        49.988455868115956
      ]
    },
    {
      "R_w2c": [
        [
          -0.5000080433133733,
          0.043009591429050004,
          0.864952097903137
        ],
        [
          -0.03603017896583416,
          0.9968681206719663,
          -0.07039727403551829
        ],
        [
          -0.8652709303019613,
          -0.06636358212941859,
          -0.4968924351822336
        ]
      ],
      "id": 76,
      "t_w2c": [
        -39.254065995465794,
        1.7229969425537386,
        50.9893867410575
      ]
    },
    {
      "R_w2c": [
        [
          -0.5132648518327154,
          0.04962537329521466,
          0.8567943243267029
        ],
        [
          -0.04565611368037455,
          0.9953343755370955,
          -0.08500000092814929
        ],
        [
          -0.8570150005435992,
          -0.08274541195432687,
          -0.5086044490994582
        ]
      ],
      "id": 77,
      "t_w2c": [
        -39.37107193492503,
        2.720781424495714,
        51.12677093396967
      ]
    },
    {
      "R_w2c": [
        [
          -0.5342859782449467,
          0.05304737415780966,
          0.8436376411385411
        ],
        [
          -0.04444360832404953,
          0.9948856580904107,
          -0.09070442660173395
        ],
        [
          -0.8441346214496708,
          -0.08595640418824077,
          -0.5291958403550135
        ]
      ],
      "id": 78,
      "t_w2c": [
        -39.05899845641285,
        3.046333516610373,
        52.33314655629505
      ]
    },
    {
      "R_w2c": [
        [
          -0.5568626844827073,
          0.05366059489522812,
          0.8288694053867611
        ],
        [
          -0.03485735855244429,
