{
  "frame_001": {
    "R_w2c": [
      [
        1.0,
        0.0,
        0.0
      ],
      [
        0.0,
        1.0,
        0.0
      ],
      [
        0.0,
        0.0,
        1.0
      ]
    ],
    "t_w2c": [
      0.0,
      0.0,
      0.0
    ]
  },
  "frame_002": {
    "R_w2c": [
      [
        0.99995,
        0.002924,
        -0.009558
      ],
      [
        -0.002923,
        0.999996,
        0.000158
      ],
      [
        0.009558,
        -0.00013,
        0.999954
      ]
    ],
    "t_w2c": [
      0.6917092563602586,
      -0.05017932821003206,
      -0.7204308414325854
    ]
  },
  "frame_003": {
    "R_w2c": [
      [
        0.9997237863709999,
        0.0034005026839999996,
        -0.02324439685
      ],
      [
        -0.0033997408399999997,
        0.9999946185759999,
        8.255328799999998e-05
      ],
      [
        0.023243162897,
        -2.9673399999999934e-06,
        0.9997291977239999
      ]
    ],
    "t_w2c": [
      1.4725841668549495,
      -0.12265753091484047,
      -1.3435043432552614
    ]
  },
  "frame_004": {
    "R_w2c": [
      [
        0.9990601515729027,
        0.001194880491026384,
        -0.043334393897295036
      ],
      [
        -0.001220398767032191,
        0.9999990810902737,
        -0.000573281330971784
      ],
      [
        0.043332011753067876,
        0.0006253837502563239,
        0.9990600630348191
      ]
    ],
    "t_w2c": [
      2.2931820053435685,
      -0.1680149723115822,
      -1.9201039423252284
    ]
  },
  "frame_005": {
    "R_w2c": [
      [
        0.9978676812381425,
        -0.002742115643188151,
        -0.06521280208616606
      ],
      [
        0.002925831017519527,
        0.9999920250782621,
        0.0027111359975411785
      ],
      [
        0.06520310003174672,
        -0.0028956013417809436,
        0.9978673911306305
      ]
    ],
    "t_w2c": [
      3.176596754013344,
      -0.20470107953023842,
      -2.4080425651178867
    ]
  },
  "frame_006": {
    "R_w2c": [
      [
        0.9956159399660295,
        -0.006696447235815761,
        -0.09329229215462614
      ],
      [
        0.007593704754462695,
        0.9999286175289955,
        0.0092605468308962
      ],
      [
        0.09322138905167951,
        -0.009927454460242097,
        0.9955952528928812
      ]
    ],
    "t_w2c": [
      4.044329855591843,
      -0.23877451704004596,
      -2.9149323174732547
    ]
  },
  "frame_007": {
    "R_w2c": [
      [
        0.9924639752609121,
        -0.007494903042048795,
        -0.1223071532074048
      ],
      [
        0.009666094131686308,
        0.9998067084887311,
        0.01716193569473111
      ],
      [
        0.12215236267903104,
        -0.01821361826435215,
        0.992343613763808
      ]
    ],
    "t_w2c": [
      4.988486945460392,
      -0.2920530672644974,
      -3.3018198515022927
    ]
  },
  "frame_008": {
    "R_w2c": [
      [
        0.9883838727955485,
        -0.004844131078204771,
        -0.15189900561259848
      ],
      [
        0.008067848335593252,
        0.9997560496205111,
        0.02060560948482926
      ],
      [
        0.1517600028110184,
        -0.021589996504926334,
        0.9881805255112296
      ]
    ],
    "t_w2c": [
      5.90638558880999,
      -0.3341776989000676,
      -3.7192438662974467
    ]
  },
  "frame_009": {
    "R_w2c": [
      [
        0.9844181386830734,
        -0.0026976716438661128,
        -0.17582354677863
      ],
      [
        0.005630364173172305,
        0.9998539763509542,
        0.016177309049527723
      ],
      [
        0.17575213030721054,
        -0.016914183191253786,
        0.9842883902743513
      ]
    ],
    "t_w2c": [
      6.855629152338904,
      -0.3775564746751937,
      -4.082024878171335
    ]
  },
  "frame_010": {
    "R_w2c": [
      [
        0.9802277004764531,
        -0.00045002822328195444,
        -0.1978754875751202
      ],
      [
        0.0022010372650975102,
        0.9999614961801426,
        0.008623166987016888
      ],
      [
        0.19786251029956417,
        -0.008887146297702618,
        0.9801887694710977
      ]
    ],
    "t_w2c": [
      7.77611138615318,
      -0.4130101835310269,
      -4.483278073671495
    ]
  },
  "frame_011": {
    "R_w2c": [
      [
        0.975488288385717,
        0.0018196407333589107,
        -0.22004473004078176
      ],
      [
        -0.001705664661920223,
        0.9999993501150192,
        0.0007066721419900139
      ],
      [
        0.22004498999314637,
        -0.00031306605629491266,
        0.9754887606886278
      ]
    ],
    "t_w2c": [
      8.774392627714176,
      -0.44492687706058254,
      -4.743088653340485
    ]
  },
  "frame_012": {
    "R_w2c": [
      [
        0.9697064740654263,
        0.004208858662508358,
        -0.24423870022533575
      ],
      [
        -0.0050801433540252645,
        0.9999841644622356,
        -0.0029371001649531763
      ],
      [
        0.24422190486282905,
        0.00408927452742242,
        0.9697094665767568
      ]
    ],
    "t_w2c": [
      9.776573510821306,
      -0.5257752122245305,
      -4.978289387816432
    ]
  },
  "frame_013": {
    "R_w2c": [
      [
        0.9629164334103829,
        0.005013426628178729,
        -0.2697545359272011
      ],
      [
        -0.006556551890416941,
        0.9999681343450053,
        -0.0048194762309704455
      ],
      [
        0.26972035316022336,
        0.006409897004086206,
        0.9629159241330759
      ]
    ],
    "t_w2c": [
      10.84584168841796,
      -0.5946283301114876,
      -5.048568569588905
    ]
  },
  "frame_014": {
    "R_w2c": [
      [
        0.9569666786690131,
        0.005211111066811531,
        -0.290151371818902
      ],
      [
        -0.00566917589209707,
        0.9999846177795587,
        -0.0007396396680596145
      ],
      [
        0.29014168659435535,
        0.002353039961758995,
        0.9569797253511287
      ]
    ],
    "t_w2c": [
      11.841271619529227,
      -0.6906373921043375,
      -5.263043254809754
    ]
  },
  "frame_015": {
    "R_w2c": [
      [
        0.9504910356521408,
        0.002406113894927233,
        -0.31074271896583094
      ],
      [
        -0.00017028816343223023,
        0.9999746849656399,
        0.007222436414506036
      ],
      [
        0.31075118118992767,
        -0.006811089181637846,
        0.9504653455112181
      ]
    ],
    "t_w2c": [
      12.838528135720832,
      -0.7579820256127864,
      -5.463199283360266
    ]
  },
  "frame_016": {
    "R_w2c": [
      [
        0.9452868943459489,
        -0.0017929957454493326,
        -0.3262365643126999
      ],
      [
        0.007869967583885461,
        0.9998202218154659,
        0.017307382475688738
      ],
      [
        0.3261461216912923,
        -0.01892625014354944,
        0.9451284556171656
      ]
    ],
    "t_w2c": [
      13.793913707847015,
      -0.7735392669050299,
      -5.746123231864097
    ]
  },
  "frame_017": {
    "R_w2c": [
      [
        0.9385869023260128,
        -0.0032903270118450237,
        -0.3450288369209619
      ],
      [
        0.012881625370320875,
        0.9995927965129372,
        0.02550958786718287
      ],
      [
        0.34480418973301136,
        -0.028385655298068985,
        0.9382444182843378
      ]
    ],
    "t_w2c": [
      14.780079204566027,
      -0.8250904078724803,
      -5.949920888904331
    ]
  },
  "frame_018": {
    "R_w2c": [
      [
        0.9275686221688442,
        -0.0009352816750136747,
        -0.3736535163348289
      ],
      [
        0.011913533723659303,
        0.9995633723877494,
        0.02707310777420313
      ],
      [
        0.3734651518352061,
        -0.02956188073595453,
        0.9271718377189054
      ]
    ],
    "t_w2c": [
      15.880425698324727,
      -0.8983714570863236,
      -5.867497250380835
    ]
  },
  "frame_019": {
    "R_w2c": [
      [
        0.9117178547249153,
        0.0027890196375117953,
        -0.4108085474934557
      ],
      [
        0.00739542804882741,
        0.99970409251401,
        0.023200604060254707
      ],
      [
        0.41075194822787464,
        -0.02418842528660259,
        0.9114245838455542
      ]
    ],
    "t_w2c": [
      17.00567965078966,
      -0.941855199573192,
      -5.65319016273165
    ]
  },
  "frame_020": {
    "R_w2c": [
      [
        0.8924405872438622,
        0.007407786332194538,
        -0.45110586386296825
      ],
      [
        0.0008972723487173324,
        0.99983429371543,
        0.018195577261882607
      ],
      [
        0.4511664727523579,
        -0.016640993663398745,
        0.8922834467054771
      ]
    ],
    "t_w2c": [
      18.196889307516006,
      -1.0060343831264158,
      -5.175493204462686
    ]
  },
  "frame_021": {
    "R_w2c": [
      [
        0.8702765591856794,
        0.013928447050293802,
        -0.49236821415359217
      ],
      [
        -0.005701393244787648,
        0.9998179690067519,
        0.018208825607173306
      ],
      [
        0.49253299106779397,
        -0.013037640840085882,
        0.8701950246305107
      ]
    ],
    "t_w2c": [
      19.342407642242,
      -1.1354144843930838,
      -4.688175522627169
    ]
  },
  "frame_022": {
    "R_w2c": [
      [
        0.8445773137801256,
        0.011796288273610307,
        -0.5353056982948764
      ],
      [
        0.005266214319082834,
        0.9995256232786198,
        0.030337436061330724
      ],
      [
        0.5354103978578324,
        -0.028439112564426248,
        0.8441120603159605
      ]
    ],
    "t_w2c": [
      20.52882038192205,
      -1.2105503587248725,
      -3.9168505568298557
    ]
  },
  "frame_023": {
    "R_w2c": [
      [
        0.8285710739849443,
        0.014395832016570765,
        -0.5597006937341324
      ],
      [
        0.011802261940290042,
        0.9989977011343388,
        0.04316925180646267
      ],
      [
        0.5597628111060975,
        -0.0423721086490538,
        0.8275683461619062
      ]
    ],
    "t_w2c": [
      21.590352443667076,
      -1.3697861269918172,
      -3.5735963456549795
    ]
  },
  "frame_024": {
    "R_w2c": [
      [
        0.790561943192438,
        0.009469492661372956,
        -0.6123109844899928
      ],
      [
        0.022618798483582902,
        0.9987458075744646,
        0.04465148309220214
      ],
      [
        0.611968048862645,
        -0.04914742156222892,
        0.7893534043603766
      ]
    ],
    "t_w2c": [
      22.76447433961657,
      -1.2885663056131105,
      -2.3563276246447344
    ]
  },
  "frame_025": {
    "R_w2c": [
      [
        0.7592196819478306,
        -0.0007823466617393197,
        -0.6508353987581841
      ],
      [
        0.03389918538087929,
        0.9986881087276619,
        0.038346285324820435
      ],
      [
        0.6499550228254753,
        -0.05117434304596686,
        0.7582478626363861
      ]
    ],
    "t_w2c": [
      23.846036606966404,
      -1.0719406080830785,
      -1.4257040648816042
    ]
  },
  "frame_026": {
    "R_w2c": [
      [
        0.7355226735386791,
        -0.010847084376977605,
        -0.6774139054087606
      ],
      [
        0.043796899315796764,
        0.9985403454892392,
        0.03156673281271549
      ],
      [
        0.6760864872863156,
        -0.05288501765246642,
        0.7349221422936528
      ]
    ],
    "t_w2c": [
      24.885551401936127,
      -0.8205576563170905,
      -0.7003088493685129
    ]
  },
  "frame_027": {
    "R_w2c": [
      [
        0.7066137552342662,
        -0.013412913870141244,
        -0.7074725862571716
      ],
      [
        0.0487118436016381,
        0.9983689462560585,
        0.029725760562147045
      ],
      [
        0.7059244269292982,
        -0.055465242825854195,
        0.7061132176386451
      ]
    ],
    "t_w2c": [
      25.894412020807454,
      -0.7056056087035824,
      0.26555302972233025
    ]
  },
  "frame_028": {
    "R_w2c": [
      [
        0.6516256095055254,
        -0.006865708508344991,
        -0.7585090300014139
      ],
      [
        0.0466847569265681,
        0.9984248281786567,
        0.03106982111994771
      ],
      [
        0.7571062058075713,
        -0.0556550703241312,
        0.6509185415518218
      ]
    ],
    "t_w2c": [
      26.7978260832389,
      -0.7833082614913889,
      2.1592020490788397
    ]
  },
  "frame_029": {
    "R_w2c": [
      [
        0.5729805149215593,
        -0.0022130243302476258,
        -0.8195652283945252
      ],
      [
        0.04746517035803166,
        0.998406402436233,
        0.03048929261836846
      ],
      [
        0.8181967467355665,
        -0.05636858809983678,
        0.5721708678383893
      ]
    ],
    "t_w2c": [
      27.429747289644187,
      -0.7903453772858328,
      5.016301166783396
    ]
  },
  "frame_030": {
    "R_w2c": [
      [
        0.5608521522574902,
        0.020403530775564095,
        -0.8276637689326733
      ],
      [
        0.008317401291388523,
        0.9995057421311796,
        0.030276697413218038
      ],
      [
        0.8278779490567736,
        -0.023862625012637934,
        0.5604039620325956
      ]
    ],
    "t_w2c": [
      28.313643561150922,
      -1.6547332510244233,
      5.50407267797303
    ]
  },
  "frame_031": {
    "R_w2c": [
      [
        0.5492793108173502,
        0.011829434165155616,
        -0.8355541021824578
      ],
      [
        -0.010282676907877937,
        0.9999182942949517,
        0.007397421536739268
      ],
      [
        0.8355788096395899,
        0.004529797306622753,
        0.5493552575791206
      ]
    ],
    "t_w2c": [
      29.223440628438457,
      -1.6530843842737217,
      6.058677175605473
    ]
  },
  "frame_032": {
    "R_w2c": [
      [
        0.5859479504208138,
        0.022421620545688494,
        -0.8100375459924363
      ],
      [
        -0.016629829608959232,
        0.9997380149467444,
        0.015644037133161773
      ],
      [
        0.8101812262168312,
        0.004305336431294997,
        0.5861666475874763
      ]
    ],
    "t_w2c": [
      30.429516490959568,
      -2.0092090275790024,
      4.921428514647225
    ]
  },
  "frame_033": {
    "R_w2c": [
      [
        0.4982482283897391,
        -0.024038535085803364,
        -0.8667001716714999
      ],
      [
        0.04811448996505536,
        0.9988408957374182,
        -4.337937216152117e-05
      ],
      [
        0.8657006982024384,
        -0.04167804175140762,
        0.4988270349602337
      ]
    ],
    "t_w2c": [
      30.776639219070724,
      -0.22776817034050587,
      8.348925458316053
    ]
  },
  "frame_034": {
    "R_w2c": [
      [
        0.48158967484591236,
        -0.04044440639875684,
        -0.8754617755623497
      ],
      [
        0.06061169910660227,
        0.9980791685569456,
        -0.0127663008744906
      ],
      [
        0.8743008140731797,
        -0.04691357539564541,
        0.48311557723293375
      ]
    ],
    "t_w2c": [
      31.578126908742203,
      0.3594698794371588,
      9.188411033623652
    ]
  },
  "frame_035": {
    "R_w2c": [
      [
        0.4622624387428579,
        -0.024991831727600822,
        -0.8863893893381674
      ],
      [
        0.0375561403833074,
        0.9992571835906999,
        -0.008587881519623274
      ],
      [
        0.8859498669745668,
        -0.029317502323951007,
        0.46285708068149817
      ]
    ],
    "t_w2c": [
      32.31431961235198,
      -0.24374703462462602,
      10.207150022139215
    ]
  },
  "frame_036": {
    "R_w2c": [
      [
        0.427548706817076,
        -0.02683630757137926,
        -0.9035925127710964
      ],
      [
        0.031294281368120305,
        0.999399464781495,
        -0.014873099189591087
      ],
      [
        0.9034524605748446,
        -0.021916579656008787,
        0.4281307370263478
      ]
    ],
    "t_w2c": [
      32.75765426593149,
      -0.251544092676386,
      11.95488151549331
    ]
  },
  "frame_037": {
    "R_w2c": [
      [
        0.40400634364232385,
        -0.02645271550801264,
        -0.9143725279449977
      ],
      [
        0.02112632178192433,
        0.9995847297649809,
        -0.019581243157207828
      ],
      [
        0.914514485132587,
        -0.011404485202682339,
        0.4043960633908972
      ]
    ],
    "t_w2c": [
      33.39263818093321,
      -0.41827421406619125,
      13.089175999816314
    ]
  },
  "frame_038": {
    "R_w2c": [
      [
        0.3865888838050228,
        -0.02658060285943673,
        -0.9218676476058704
      ],
      [
        0.013310254310211912,
        0.999641222823224,
        -0.023239721176345443
      ],
      [
        0.9221581469111755,
        -0.00328513437539161,
        0.38680297683680276
      ]
    ],
    "t_w2c": [
      34.04320661439643,
      -0.5752830586464991,
      14.139184963826926
    ]
  },
  "frame_039": {
    "R_w2c": [
      [
        0.3669614751696524,
        -0.031222314461130895,
        -0.929710767596939
      ],
      [
        0.014702524590706267,
        0.9995065331371866,
        -0.027762247411512873
      ],
      [
        0.9301221344234539,
        -0.0034799154352639014,
        0.36723836931758164
      ]
    ],
    "t_w2c": [
      34.62015293923143,
      -0.42923885048364796,
      15.32826036868645
    ]
  },
  "frame_040": {
    "R_w2c": [
      [
        0.3411599432242372,
        -0.03743213026002816,
        -0.9392580696495023
      ],
      [
        0.021493154219847824,
        0.9992564931126994,
        -0.03201549386756125
      ],
      [
        0.9397616598832883,
        -0.00926324393311288,
        0.3417099614795847
      ]
    ],
    "t_w2c": [
      35.06437102371571,
      -0.1005885344793735,
      16.755030700283996
    ]
  },
  "frame_041": {
    "R_w2c": [
      [
        0.31550925587164325,
        -0.04224867537094238,
        -0.9479794711231581
      ],
      [
        0.030796534552957725,
        0.998938178525767,
        -0.03426848878736384
      ],
      [
        0.9484251133717776,
        -0.018380162208264602,
        0.3164751117506395
      ]
    ],
    "t_w2c": [
      35.437097872985,
      0.24715567198114285,
      18.23995109522799
    ]
  },
  "frame_042": {
    "R_w2c": [
      [
        0.28928496139345894,
        -0.04449543825879627,
        -0.9562064934259572
      ],
      [
        0.03718483993942834,
        0.9986875479592124,
        -0.03522087142611185
      ],
      [
        0.956522847808666,
        -0.02536506969975236,
        0.29056011184645614
      ]
    ],
    "t_w2c": [
      35.782095648620306,
      0.5169132814020991,
      19.710342492189433
    ]
  },
  "frame_043": {
    "R_w2c": [
      [
        0.2705959345206711,
        -0.044096812167972774,
        -0.9616803905200112
      ],
      [
        0.04120950585782825,
        0.9985650123458095,
        -0.03419104705516633
      ],
      [
        0.9618130671829506,
        -0.03037618733325065,
        0.2720258459991221
      ]
    ],
    "t_w2c": [
      36.154826922768216,
      0.6359860003953886,
      21.046287771501905
    ]
  },
  "frame_044": {
    "R_w2c": [
      [
        0.2410145060119211,
        -0.03858193228505092,
        -0.9697524999138318
      ],
      [
        0.030925130413296243,
        0.9990073510464642,
        -0.0320587726263265
      ],
      [
        0.970031609535759,
        -0.022260944808517903,
        0.24196928009859087
      ]
    ],
    "t_w2c": [
      36.33376529796099,
      0.2421602671787048,
      22.69277815362496
    ]
  },
  "frame_045": {
    "R_w2c": [
      [
        0.13043729934440348,
        -0.03776843930608582,
        -0.9907352702864358
      ],
      [
        0.02137480746372812,
        0.9991487614970115,
        -0.0352732185724431
      ],
      [
        0.9912288192920756,
        -0.016573161801408012,
        0.13113563869585737
      ]
    ],
    "t_w2c": [
      34.29248225414091,
      0.04390779877052161,
      27.30684965920048
    ]
  },
  "frame_046": {
    "R_w2c": [
      [
        0.15325139913172828,
        -0.05129061174625308,
        -0.9868537770113575
      ],
      [
        0.020261629570953996,
        0.99860459574801,
        -0.04875271126017153
      ],
      [
        0.9879818835381643,
        -0.01252199959549805,
        0.1540786002388485
      ]
    ],
    "t_w2c": [
      35.74711834819383,
      0.43239934645468436,
      27.057791874472745
    ]
  },
  "frame_047": {
    "R_w2c": [
      [
        0.1808295990307012,
        -0.0595140754924462,
        -0.9817109690508516
      ],
      [
        0.024713806891363016,
        0.9981266011537105,
        -0.0559545425883459
      ],
      [
        0.9832068066558506,
        -0.01414098753533718,
        0.18196334213893414
      ]
    ],
    "t_w2c": [
      37.39295944156036,
      0.8440900611015851,
      26.466047799382363
    ]
  },
  "frame_048": {
    "R_w2c": [
      [
        0.1406776828301383,
        -0.07200142813810757,
        -0.9874331754558342
      ],
      [
        0.004959591542605634,
        0.99739047577936,
        -0.0720186702463409
      ],
      [
        0.9900457953951695,
        0.005236538750445895,
        0.1406687043733253
      ]
    ],
    "t_w2c": [
      37.04386206786812,
      0.7259108062898407,
      28.621138290625503
    ]
  },
  "frame_049": {
    "R_w2c": [
      [
        0.10959222653564389,
        -0.068820435900281,
        -0.9915904989853874
      ],
      [
        -0.01514187810794943,
        0.9973681621522347,
        -0.07089276084177838
      ],
      [
        0.993864379086254,
        0.02278650050167894,
        0.10826312064418876
      ]
    ],
    "t_w2c": [
      37.04745804993029,
      0.0011456237399427413,
      30.173695868504783
    ]
  },
  "frame_050": {
    "R_w2c": [
      [
        0.015759327683340055,
        -0.07539026839754948,
        -0.9970285637423868
      ],
      [
        -0.0358059643283081,
        0.9964700337431529,
        -0.0759118003379658
      ],
      [
        0.9992375464331325,
        0.03689870406113501,
        0.013005892159336925
      ]
    ],
    "t_w2c": [
      34.96282699415881,
      -0.5825750183293292,
      33.91664515504236
    ]
  },
  "frame_051": {
    "R_w2c": [
      [
        -0.008455586465215817,
        -0.0757952224958454,
        -0.9970868597567303
      ],
      [
        -0.03689089170527426,
        0.9964665032627296,
        -0.07543321266742448
      ],
      [
        0.9992863269818689,
        0.03614773792071426,
        -0.01121965808029289
      ]
    ],
    "t_w2c": [
      35.11348959245158,
      -0.6209989021072627,
      34.93882896972179
    ]
  },
  "frame_052": {
    "R_w2c": [
      [
        -0.0035328044552640496,
        -0.06929059422815298,
        -0.9975899450279389
      ],
      [
        -0.023784142381714547,
        0.9973183633752383,
        -0.06918538170535234
      ],
      [
        0.9997132653112955,
        0.023484228645059127,
        -0.005168841160128768
      ]
    ],
    "t_w2c": [
      36.27780695481435,
      -0.342498233867628,
      34.6259141190601
    ]
  },
  "frame_053": {
    "R_w2c": [
      [
        -0.03537313085952453,
        -0.06294210148027635,
        -0.9973899373079981
      ],
      [
        -0.015276117195611791,
        0.9979305849279518,
        -0.06243256744938018
      ],
      [
        0.9992598369809859,
        0.01303040242371931,
        -0.03625881477430339
      ]
    ],
    "t_w2c": [
      36.15366286748852,
      -0.28527138011303627,
      35.8662912547447
    ]
  },
  "frame_054": {
    "R_w2c": [
      [
        -0.048034488372283315,
        -0.06097107574617202,
        -0.9969830971870812
      ],
      [
        -0.016699766658697247,
        0.9980436097887476,
        -0.06022957774574018
      ],
      [
        0.9987085093993129,
        0.013758722616385166,
        -0.04895628880106781
      ]
    ],
    "t_w2c": [
      36.692921733253236,
      -0.4115217736848805,
      36.2331440521609
    ]
  },
  "frame_055": {
    "R_w2c": [
      [
        -0.04132274575224113,
        -0.058800694348366704,
        -0.997414100905925
      ],
      [
        -0.02352967124511793,
        0.998046231564171,
        -0.05786053838162726
      ],
      [
        0.9988710550320965,
        0.021080184107639788,
        -0.04262337562046575
      ]
    ],
    "t_w2c": [
      37.92657377672425,
      -0.7496500451941737,
      36.11572457511017
    ]
  },
  "frame_056": {
    "R_w2c": [
      [
        -0.06194459236575012,
        -0.054759609443051756,
        -0.9965764412505657
      ],
      [
        -0.025645025653186347,
        0.9982503874765529,
        -0.053254224991829247
      ],
      [
        0.9977522094520855,
        0.022260341104773314,
        -0.06323783673298962
      ]
    ],
    "t_w2c": [
      38.16100190195114,
      -1.0222447296519444,
      36.73368328381231
    ]
  },
  "frame_057": {
    "R_w2c": [
      [
        -0.09447145052962926,
        -0.05385473798699299,
        -0.9940696382094644
      ],
      [
        -0.02408083313271755,
        0.9983663966494459,
        -0.05179547182218636
      ],
      [
        0.9952387991695153,
        0.019046148342902042,
        -0.0956109857304802
      ]
    ],
    "t_w2c": [
      37.93033432860022,
      -1.020873754650848,
      37.808576217423635
    ]
  },
  "frame_058": {
    "R_w2c": [
      [
        -0.12574262850328186,
        -0.05460221439175089,
        -0.9905594405880722
      ],
      [
        -0.02151741917516353,
        0.9983990808682849,
        -0.05229938089568998
      ],
      [
        0.9918317482496382,
        0.014738986804887185,
        -0.1267136047072885
      ]
    ],
    "t_w2c": [
      37.679915318539194,
      -0.8924928923251534,
      38.70035773874423
    ]
  },
  "frame_059": {
    "R_w2c": [
      [
        -0.14533663378148165,
        -0.058284319994677786,
        -0.987664326708839
      ],
      [
        -0.019650239416045122,
        0.9982358028818641,
        -0.05601229695309285
      ],
      [
        0.9891891515490739,
        0.011268171853379664,
        -0.14622300428211962
      ]
    ],
    "t_w2c": [
      37.77152131785378,
      -0.6231831101915507,
      38.94257106288712
    ]
  },
  "frame_060": {
    "R_w2c": [
      [
        -0.1668615326978289,
        -0.06192638114832583,
        -0.9840339911767791
      ],
      [
        -0.01842115891887335,
        0.9980471622064058,
        -0.059680175373286924
      ],
      [
        0.9858098505092893,
        0.00816969721725993,
        -0.16767390894935003
      ]
    ],
    "t_w2c": [
      37.788186327492596,
      -0.37224386768000717,
      39.279054556480666
    ]
  },
  "frame_061": {
    "R_w2c": [
      [
        -0.17961423546771302,
        -0.06644135274378267,
        -0.9814909131287864
      ],
      [
        -0.018063314015929775,
        0.9977714534979475,
        -0.06423351015894532
      ],
      [
        0.9835724546893456,
        0.006192382602830652,
        -0.1804115067326763
      ]
    ],
    "t_w2c": [
      38.04435607163435,
      -0.10943987363923524,
      39.13265386082022
    ]
  },
  "frame_062": {
    "R_w2c": [
      [
        -0.21640027569519812,
        -0.062145945018134106,
        -0.974324449955127
      ],
      [
        -0.007469168007668926,
        0.9980482257617052,
        -0.061995303276029555
      ],
      [
        0.9762769409877543,
        -0.006138260041733101,
        -0.21643976339408794
      ]
    ],
    "t_w2c": [
      37.406387064375835,
      0.16369574755436883,
      40.013454336716464
    ]
  },
  "frame_063": {
    "R_w2c": [
      [
        -0.22523566629778113,
        -0.050847292323006124,
        -0.9729759811782939
      ],
      [
        -0.0004420127277700113,
        0.9986425439152106,
        -0.05208136599379002
      ],
      [
        0.9743055416362704,
        -0.011300686508251348,
        -0.22494984532119672
      ]
    ],
    "t_w2c": [
      37.89271944765375,
      -0.05777233304463891,
      39.81883108340776
    ]
  },
  "frame_064": {
    "R_w2c": [
      [
        -0.23631113179399152,
        -0.051651079598130256,
        -0.97030333341029
      ],
      [
        -0.00883020114353746,
        0.9986589254877529,
        -0.051004810916407316
      ],
      [
        0.9716389617259981,
        -0.0034851165175522197,
        -0.23644729064346318
      ]
    ],
    "t_w2c": [
      38.31408493340034,
      -0.36675819340028554,
      39.765558796104166
    ]
  },
  "frame_065": {
    "R_w2c": [
      [
        -0.26271225973592055,
        -0.05547402065015201,
        -0.9632784951395841
      ],
      [
        -0.015890999413061813,
        0.9984593159654866,
        -0.05316100736121678
      ],
      [
        0.9647449976427593,
        0.0013415640239708838,
        -0.26318546018451605
      ]
    ],
    "t_w2c": [
      38.08612814164058,
      -0.43577645894717554,
      40.30436157869613
    ]
  },
  "frame_066": {
    "R_w2c": [
      [
        -0.29534772126816655,
        -0.05454997629841892,
        -0.9538312282728375
      ],
      [
        -0.018833622114697298,
        0.9985072625541875,
        -0.05126810625915491
      ],
      [
        0.9552056981359219,
        0.0028223576608615007,
        -0.29592994618295426
      ]
    ],
    "t_w2c": [
      37.56729000196361,
      -0.5681624907882579,
      41.08663537129186
    ]
  },
  "frame_067": {
    "R_w2c": [
      [
        -0.3298407368092906,
        -0.05176745886046744,
        -0.9426159359882305
      ],
      [
        -0.019439056270915595,
        0.9986567355022277,
        -0.048037290675676726
      ],
      [
        0.9438378129873483,
        0.002479396289766427,
        -0.3303991541243819
      ]
    ],
    "t_w2c": [
      36.96405860964806,
      -0.7002109357318876,
      42.01466820900054
    ]
  },
  "frame_068": {
    "R_w2c": [
      [
        -0.35527183924433964,
        -0.045874557322865016,
        -0.9336366159221352
      ],
      [
        -0.01877931050813678,
        0.9989442882894817,
        -0.041931417321606976
      ],
      [
        0.9345761397968564,
        0.0026364790667687604,
        -0.3557533158304202
      ]
    ],
    "t_w2c": [
      36.59966596135414,
      -0.9399904377145362,
      42.37784751898144
    ]
  },
  "frame_069": {
    "R_w2c": [
      [
        -0.39654773274356847,
        -0.05183249898342746,
        -0.9165494386599372
      ],
      [
        -0.021640657230949285,
        0.9986552376882815,
        -0.04710600849661225
      ],
      [
        0.9177603611004975,
        0.0011548424389526807,
        -0.3971311432869017
      ]
    ],
    "t_w2c": [
      35.600137165574,
      -0.7470376492137415,
      43.590633409462306
    ]
  },
  "frame_070": {
    "R_w2c": [
      [
        -0.4274288683479941,
        -0.053126043761449936,
        -0.9024861458774658
      ],
      [
        -0.012936533617061681,
        0.998529483857111,
        -0.0526452926498619
      ],
      [
        0.9039574197412671,
        -0.010826912008338895,
        -0.42748246183321215
      ]
    ],
    "t_w2c": [
      35.00775288318031,
      -0.23408139050741283,
      44.355363617661425
    ]
  },
  "frame_071": {
    "R_w2c": [
      [
        -0.4447844552130545,
        -0.05461943397842069,
        -0.8939702230197616
      ],
      [
        -0.00855699692117686,
        0.9983527021567496,
        -0.05673235462911043
      ],
      [
        0.8955975514519011,
        -0.017584760993719858,
        -0.4445140310516446
      ]
    ],
    "t_w2c": [
      35.08750832947324,
      0.14215471140431568,
      44.694722610118916
    ]
  },
  "frame_072": {
    "R_w2c": [
      [
        -0.4605339596376028,
        -0.056553027454250976,
        -0.8858383616767241
      ],
      [
        -0.01432783429569653,
        0.9983120731110879,
        -0.056277113454503126
      ],
      [
        0.8875269916316554,
        -0.013226190486942388,
        -0.4605619443418663
      ]
    ],
    "t_w2c": [
      35.247377117194226,
      0.037520711866040085,
      45.02234464177587
    ]
  },
  "frame_073": {
    "R_w2c": [
      [
        -0.48038142891966584,
        -0.05661549727976551,
        -0.8752304969059825
      ],
      [
        -0.017922135713793245,
        0.9983394512647132,
        -0.05473424670251909
      ],
      [
        0.8768770798742864,
        -0.010607810909278821,
        -0.4805931297302729
      ]
    ],
    "t_w2c": [
      35.17727204026667,
      -0.08787917247553037,
      45.499842537348385
    ]
  },
  "frame_074": {
    "R_w2c": [
      [
        -0.514803821004497,
        -0.0545209521496485,
        -0.8555727015987149
      ],
      [
        -0.014852022738940329,
        0.9983927088390381,
        -0.05467692092961468
      ],
      [
        0.857179533288788,
        -0.015442423997469496,
        -0.5147818089246604
      ]
    ],
    "t_w2c": [
      34.337246397634644,
      0.03352077264697202,
      46.74585109840385
    ]
  },
  "frame_075": {
    "R_w2c": [
      [
        -0.5447116432092953,
        -0.05148096615504719,
        -0.8370414978641765
      ],
      [
        -0.008559251592032718,
        0.998403301902862,
        -0.05582713928461241
      ],
      [
        0.8385801819960422,
        -0.023247238682133117,
        -0.5442784355525528
      ]
    ],
    "t_w2c": [
      33.62014811832136,
      0.26033413061412547,
      47.61685228519515
    ]
  },
  "frame_076": {
    "R_w2c": [
      [
        -0.574054218618516,
        -0.047172791319922885,
        -0.8174566425605603
      ],
      [
        -0.0024162615741609643,
        0.9984322941949897,
        -0.055910327290098295
      ],
      [
        0.818814252508405,
        -0.0301228282858401,
        -0.573264246565015
      ]
    ],
    "t_w2c": [
      32.90241370387147,
      0.3904665437114575,
      48.61186668481895
    ]
  },
  "frame_077": {
    "R_w2c": [
      [
        -0.5961755414266611,
        -0.0438994138169191,
        -0.8016523431652122
      ],
      [
        0.0009662431051623442,
        0.9984638543220259,
        -0.055385800832503364
      ],
      [
        0.8028539500485395,
        -0.03379654599751413,
        -0.5952135581621693
      ]
    ],
    "t_w2c": [
      32.536637780897095,
      0.49415860267841305,
      49.260741388240326
    ]
  },
  "frame_078": {
    "R_w2c": [
      [
        -0.6214040032847725,
        -0.03899771180102917,
        -0.7825189673427598
      ],
      [
        0.0033394447872281685,
        0.998619630389013,
        -0.05241030521047049
      ],
      [
        0.7834839504226295,
        -0.03518382911017635,
        -0.6204116963990748
      ]
    ],
    "t_w2c": [
      31.9463481776765,
      0.42236620690473636,
      50.14858278718654
    ]
  },
  "frame_079": {
    "R_w2c": [
      [
        -0.6424369776768407,
        -0.03711662243312102,
        -0.765438854188804
      ],
      [
        0.0037176159344957695,
        0.9986641986896602,
        -0.051537146071504586
      ],
      [
        0.7663303892007008,
        -0.03595773281530152,
        -0.6414367703094344
      ]
    ],
    "t_w2c": [
      31.570764854666454,
      0.40840483224096447,
      51.07020171488574
    ]
  },
  "frame_080": {
    "R_w2c": [
      [
        -0.6575368001718749,
        -0.03623304670727393,
        -0.7525510631261438
      ],
      [
        0.0041184854024030795,
        0.9986557473027856,
        -0.05167199457546143
      ],
      [
        0.7534119794493699,
        -0.03707859817363786,
        -0.6564988848375306
      ]
    ],
    "t_w2c": [
      31.545545511259945,
      0.43486234083178676,
      51.595257947896606
    ]
  },
  "frame_081": {
    "R_w2c": [
      [
        -0.6738336865409602,
        -0.036577285265046305,
        -0.737977717067713
      ],
      [
        0.0022493014223198033,
        0.9986680925294917,
        -0.05154362619986864
      ],
      [
        0.7388806438910993,
        -0.036394858326487194,
        -0.6728497885554505
      ]
    ],
    "t_w2c": [
      31.39842806891454,
      0.38158869326974487,
      52.430106207772525
    ]
  },
  "frame_082": {
    "R_w2c": [
      [
        -0.6839009022298391,
        -0.037880501433873025,
        -0.7285909282789756
      ],
      [
        -0.00013120915546513967,
        0.9986577465030448,
        -0.051789650058504146
      ],
      [
        0.7295757195413848,
        -0.035325965158751194,
        -0.6829844142760437
      ]
    ],
    "t_w2c": [
      31.666672199444246,
      0.34458621913434706,
      52.992589989331925
    ]
  },
  "frame_083": {
    "R_w2c": [
      [
        -0.6777536780547556,
        -0.04760080846807057,
        -0.7337473433686442
      ],
      [
        -0.010789532474425071,
        0.9984392328673193,
        -0.05479751726511646
      ],
      [
        0.7352107092002562,
        -0.029225719107388484,
        -0.6772058859739803
      ]
    ],
    "t_w2c": [
      33.098742969719915,
      0.38521598838539367,
      52.81555717098441
    ]
  },
  "frame_084": {
    "R_w2c": [
      [
        -0.7127655835590769,
        -0.05352417686880128,
        -0.6993578037683926
      ],
      [
        -0.02089739981886538,
        0.9982626741919929,
        -0.05509322906136448
      ],
      [
        0.7010920403710982,
        -0.024657848101602514,
        -0.7126423236036944
      ]
    ],
    "t_w2c": [
      31.375418686977397,
      0.24043925897495066,
      54.80763281036407
    ]
  },
  "frame_085": {
    "R_w2c": [
      [
        -0.7631335827542391,
        -0.051041490982252684,
        -0.6442222060080051
      ],
      [
        -0.018383815493359698,
        0.9981874612759887,
        -0.05730034263173616
      ],
      [
        0.6459801884999751,
        -0.031889619266300614,
        -0.7626856535703562
      ]
    ],
    "t_w2c": [
      28.14378662571712,
      0.46657138214337684,
      57.31006478920699
    ]
  },
  "frame_086": {
    "R_w2c": [
      [
        -0.7836013613771461,
        -0.04765412134990876,
        -0.6194346608743588
      ],
      [
        -0.007750528034506022,
        0.9977265105299193,
        -0.06694306550689078
      ],
      [
        0.621217028420892,
        -0.04766098584555939,
        -0.7821859094012457
      ]
    ],
    "t_w2c": [
      27.145260844786268,
      1.2614492493393688,
      58.68103358960304
    ]
  },
  "frame_087": {
    "R_w2c": [
      [
        -0.778326840131525,
        -0.045110948702983246,
        -0.6262380893712945
      ],
      [
        0.0025589951493261167,
        0.9971794696914941,
        -0.07500437751777679
      ],
      [
        0.6278552865546434,
        -0.05998628976164776,
        -0.7760132765793889
      ]
    ],
    "t_w2c": [
      28.589894293479208,
      1.9004795260404026,
      58.75640239695841
    ]
  },
  "frame_088": {
    "R_w2c": [
      [
        -0.7817489500500531,
        -0.04528889416322906,
        -0.6219481289931155
      ],
      [
        0.007349107549605017,
        0.996620836056054,
        -0.08180061242274361
      ],
      [
        0.6235506085410251,
        -0.06852427038881792,
        -0.7787717281856025
      ]
    ],
    "t_w2c": [
      29.208807066318865,
      2.443469614550952,
      59.2285495515547
    ]
  },
  "frame_089": {
    "R_w2c": [
      [
        -0.8047371149324213,
        -0.04338425206542421,
        -0.5920458386555735
      ],
      [
        0.00839599551145433,
        0.9963942174795535,
        -0.0844184177542667
      ],
      [
        0.593572392732056,
        -0.0729115488490604,
        -0.801468084250395
      ]
    ],
    "t_w2c": [
      27.85144149326392,
      2.6897605858371727,
      60.710954824800524
    ]
  },
  "frame_090": {
