{
  "frame_001": {
    "R_w2c": [
      [
        1.0,
        0.0,
        0.0
      ],
      [
        0.0,
        1.0,
        0.0
      ],
      [
        0.0,
        0.0,
        1.0
      ]
    ],
    "t_w2c": [
      0.0,
      0.0,
      0.0
    ]
  },
  "frame_006": {
    "R_w2c": [
      [
        0.999939,
        -0.009921,
        0.004812
      ],
      [
        0.009909,
        0.999948,
        0.00256
      ],
      [
        -0.004838,
        -0.002512,
        0.999985
      ]
    ],
    "t_w2c": [
      0.9328438899269725,
      -0.09212990700238051,
      -0.3483037134009948
    ]
  },
  "frame_011": {
    "R_w2c": [
      [
        0.9998609605740001,
        0.011754423128999998,
        -0.011793169631
      ],
      [
        -0.011971494331999998,
        0.999755910119,
        -0.018578632748
      ],
      [
        0.011571717082000001,
        0.018718101551,
        0.999757706324
      ]
    ],
    "t_w2c": [
      -0.04960966900501707,
      -0.06943264578096274,
      -0.4983975482984058
    ]
  },
  "frame_016": {
    "R_w2c": [
      [
        0.9974761093546292,
        -0.004652232950774934,
        -0.07084177617318245
      ],
      [
        0.0026776167532463675,
        0.9996058892203695,
        -0.02796361440701207
      ],
      [
        0.07094390682873826,
        0.02770466503011796,
        0.9970958085598031
      ]
    ],
    "t_w2c": [
      -0.9949620519704796,
      -0.05405365739541238,
      -0.7180562058672003
    ]
  },
  "frame_021": {
    "R_w2c": [
      [
        0.9906945012658745,
        -0.007551242357641455,
        -0.1358882968620126
      ],
      [
        0.0048006525414592644,
        0.999777078459614,
        -0.020568492105376986
      ],
      [
        0.136012480504778,
        0.019726254595966764,
        0.990511490610231
      ]
    ],
    "t_w2c": [
      -1.8905060138661978,
      -0.0517910959443483,
      -1.1089362618566247
    ]
  },
  "frame_026": {
    "R_w2c": [
      [
        0.9818781741226618,
        -0.03242893388506479,
        -0.1867127845965272
      ],
      [
        0.025258891808303752,
        0.9988534248740947,
        -0.040659533059037085
      ],
      [
        0.18781677869800412,
        0.035208242732546975,
        0.9815732125519391
      ]
    ],
    "t_w2c": [
      -2.802856097147842,
      -0.05289552202565456,
      -1.4308463232221356
    ]
  },
  "frame_031": {
    "R_w2c": [
      [
        0.9651660826187334,
        -0.015224512267049259,
        -0.2611921473790773
      ],
      [
        0.0013346389887346675,
        0.9985783413745795,
        -0.053276965796128395
      ],
      [
        0.26163127343088055,
        0.051074015087536624,
        0.9638157574973152
      ]
    ],
    "t_w2c": [
      -3.6728967168500257,
      0.04305306506855,
      -1.8059388079919168
    ]
  },
  "frame_036": {
    "R_w2c": [
      [
        0.9486273592593936,
        -0.018825756664962102,
        -0.31583333614605624
      ],
      [
        0.0116533938804244,
        0.9996297762660801,
        -0.02458414202198619
      ],
      [
        0.3161784483698311,
        0.019642437762346237,
        0.9484964253218542
      ]
    ],
    "t_w2c": [
      -4.523867463306063,
      -0.015960770085895793,
      -2.292535760540125
    ]
  },
  "frame_041": {
    "R_w2c": [
      [
        0.8580520507597781,
        -0.019450779302813245,
        -0.5131928095684939
      ],
      [
        -0.03382449027396258,
        0.9949717955719931,
        -0.0942663989138438
      ],
      [
        0.5124453615596825,
        0.09824568613353488,
        0.8530807678450035
      ]
    ],
    "t_w2c": [
      -3.352124053939473,
      0.10130104849246432,
      -4.009261981351619
    ]
  },
  "frame_046": {
    "R_w2c": [
      [
        0.8939932739283045,
        -0.04031735544202988,
        -0.4462600606902485
      ],
      [
        0.005932304518700078,
        0.9969213059320507,
        -0.0781855895179011
      ],
      [
        0.44803777301251757,
        0.06725110677969026,
        0.891480981368996
      ]
    ],
    "t_w2c": [
      -2.6425196222654996,
      -0.1605833043219595,
      -3.677039477674636
    ]
  },
  "frame_051": {
    "R_w2c": [
      [
        0.9244385711747364,
        -0.07099931306119649,
        -0.37466051074533085
      ],
      [
        0.03373487882835357,
        0.9938877920132806,
        -0.10511226676162809
      ],
      [
        0.37983307924630816,
        0.0845312199795404,
        0.9211846593466526
      ]
    ],
    "t_w2c": [
      -1.912745453128082,
      -0.21083711036526162,
      -3.3447014532366457
    ]
  },
  "frame_056": {
    "R_w2c": [
      [
        0.9424573172754168,
        -0.1197003370455972,
        -0.31216097187360214
      ],
      [
        0.10052972518931354,
        0.991959837923148,
        -0.07686599706875813
      ],
      [
        0.3188511386729852,
        0.04106223143330251,
        0.9469150919350046
      ]
    ],
    "t_w2c": [
      -1.0979207532735566,
      -0.45662061112264907,
      -3.1591812462710904
    ]
  },
  "frame_061": {
    "R_w2c": [
      [
        0.9367106768545397,
        -0.1917576342916102,
        -0.2929162408649777
      ],
      [
        0.1443725039194151,
        0.9737801962014891,
        -0.1758051389558764
      ],
      [
        0.3189473850426616,
        0.12239029779892222,
        0.9398372164646562
      ]
    ],
    "t_w2c": [
      -0.2705397933507894,
      -0.20952653485996667,
      -2.6292489252437306
    ]
  },
  "frame_066": {
    "R_w2c": [
      [
        0.9400844434187654,
        -0.19847199267927018,
        -0.2772127465811031
      ],
      [
        0.2125849558214597,
        0.9769059469913319,
        0.02149116617205262
      ],
      [
        0.2665443538556983,
        -0.07913411353295656,
        0.9605688840467997
      ]
    ],
    "t_w2c": [
      0.6731400223170172,
      -0.722034913048376,
      -2.714025609180142
    ]
  },
  "frame_071": {
    "R_w2c": [
      [
        0.9785858000227425,
        -0.09783131883575041,
        -0.1810947810383814
      ],
      [
        0.1027088746410606,
        0.9945533742847407,
        0.017718953678910167
      ],
      [
        0.17837413511270425,
        -0.035939772429273556,
        0.9833070837108563
      ]
    ],
    "t_w2c": [
      1.3094073841573592,
      -0.6341984572545016,
      -2.586428585590376
    ]
  },
  "frame_076": {
    "R_w2c": [
      [
        0.9826651821963099,
        -0.15399852390671162,
        -0.10319554466673543
      ],
      [
        0.14753049665243548,
        0.9867377697896975,
        -0.06769192995355387
      ],
      [
        0.11225045303656568,
        0.05129330148507307,
        0.9923561002822774
      ]
    ],
    "t_w2c": [
      2.0584795589873197,
      -0.28208029827412684,
      -2.3497729393804567
    ]
  },
  "frame_081": {
    "R_w2c": [
      [
        0.9789690176086584,
        -0.14715789891777975,
        0.1412786930984287
      ],
      [
        0.1530417712515835,
        0.9877125327743406,
        -0.0316469835501039
      ],
      [
        -0.1348854655792032,
        0.052601535824457084,
        0.9894652954187395
      ]
    ],
    "t_w2c": [
      1.3001732378044883,
      -0.383454125223664,
      -1.7764794283196463
    ]
  },
  "frame_086": {
    "R_w2c": [
      [
        0.9969628699869805,
        -0.001795550000942852,
        0.07783072989819674
      ],
      [
        -0.008191351768159189,
        0.9917594473742031,
        0.1278426891949143
      ],
      [
        -0.07741946701866971,
        -0.12809315466180607,
        0.9887370568302793
      ]
    ],
    "t_w2c": [
      1.806783209478837,
      -0.9883716309923172,
      -2.4423131337167097
    ]
  },
  "frame_091": {
    "R_w2c": [
      [
        0.9848101179660164,
        0.07944265697732783,
        0.15438122954251607
      ],
      [
        -0.09894874304770285,
        0.987448377400917,
        0.12309362241230645
      ],
      [
        -0.1426649712193474,
        -0.13650134737837313,
        0.9803149081340168
      ]
    ],
    "t_w2c": [
      1.425681953389711,
      -0.3671145546763655,
      -1.9431496066330212
    ]
  },
  "frame_096": {
    "R_w2c": [
      [
        0.9952038183535459,
        -0.01905581714324366,
        0.09592103500376165
      ],
      [
        0.011284283658573329,
        0.9966526276062936,
        0.08095576686217339
      ],
      [
        -0.09714326678925751,
        -0.07948615704518529,
        0.9920927106107729
      ]
    ],
    "t_w2c": [
      0.6062037307824951,
      -0.010357972941413263,
      -2.2210542266783184
    ]
  },
  "frame_101": {
    "R_w2c": [
      [
        0.9989622615388265,
        0.013477170038261944,
        -0.0434574509159781
      ],
      [
        -0.014307171195407892,
        0.9997174193441223,
        -0.018935798248296155
      ],
      [
        0.04318966194266706,
        0.01953781069901142,
        0.9988766635401592
      ]
    ],
    "t_w2c": [
      1.5750905660618564,
      0.14227582703475813,
      -2.8540523431261944
    ]
  },
  "frame_106": {
    "R_w2c": [
      [
        0.9983220250548496,
        0.017506664971104712,
        -0.0551536856072962
      ],
      [
        -0.01869048496453051,
        0.9996019862435325,
        -0.02108364368933373
      ],
      [
        0.05476244115946307,
        0.022078400485002245,
        0.9982564988645455
      ]
    ],
    "t_w2c": [
      0.6230485312840939,
      0.2104352474082276,
      -2.9890853657471994
    ]
  },
  "frame_111": {
    "R_w2c": [
      [
        0.9940058928585834,
        -0.08240677967186064,
        -0.07181140081105133
      ],
      [
        0.0636917908097819,
        0.9705763210451412,
        -0.23221488721688952
      ],
      [
        0.08883497140726095,
        0.22624872513226268,
        0.9700113688883334
      ]
    ],
    "t_w2c": [
      -0.34032017446074664,
      0.8450903281600641,
      -2.7780591310793903
    ]
  },
  "frame_116": {
    "R_w2c": [
      [
        0.9985281076403445,
        -0.017286380148595605,
        -0.05137570449028654
      ],
      [
        0.010002895505034323,
        0.9902635302816398,
        -0.13884130067675043
      ],
      [
        0.05327581950735569,
        0.13812298887265917,
        0.9889826332657438
      ]
    ],
    "t_w2c": [
      -1.363120738560678,
      0.6281478554738555,
      -3.0493606570285197
    ]
  },
  "frame_121": {
    "R_w2c": [
      [
        0.9806589504955038,
        -0.031576186419077536,
        -0.19315238751636526
      ],
      [
        0.031750962502743965,
        0.9994930332061452,
        -0.002209016837484442
      ],
      [
        0.19312405124024115,
        -0.0039657432380061,
        0.9811677559297939
      ]
    ],
    "t_w2c": [
      -1.807833806194136,
      0.19466438269766903,
      -3.708300562657143
    ]
  },
  "frame_126": {
    "R_w2c": [
      [
        0.967214474227495,
        -0.04779085573620183,
        -0.2494159803542908
      ],
      [
        0.02448617260988629,
        0.9951058565834928,
        -0.09572989005723492
      ],
      [
        0.25277016430353116,
        0.08648473569440471,
        0.9636545477892776
      ]
    ],
    "t_w2c": [
      -2.5886589060477663,
      0.5484115664235951,
      -3.8703844563433214
    ]
  }
}