{
  "K": [
    [
      3183.8330165146126,
      0.0,
      1100.814254448177
    ],
    [
      0.0,
      3183.592270336112,
      1927.6877827756523
    ],
    [
      0.0,
      0.0,
      1.0
    ]
  ],
  "cameras_optimized": [
    {
      "R_w2c": [
        [
          1.0,
          0.0,
          -0.0
        ],
        [
          -0.0,
          1.0,
          0.0
        ],
        [
          0.0,
          -0.0,
          1.0
        ]
      ],
      "id": 0,
      "t_w2c": [
        0.0,
        0.0,
        0.0
      ]
    },
    {
      "R_w2c": [
        [
          0.9988097804900774,
          -0.0462007416403853,
          0.015636939254270732
        ],
        [
          0.04711027008556828,
          0.9968433271559854,
          -0.06390620906492517
        ],
        [
          -0.012635064298538255,
          0.06456680707967122,
          0.9978333941965003
        ]
      ],
      "id": 1,
      "t_w2c": [
        -0.9468464229881675,
        -0.08862158904707655,
        -0.309237885894635
      ]
    },
    {
      "R_w2c": [
        [
          0.9954772916135786,
          -0.03864389962496828,
          0.08678485411331603
        ],
        [
          0.047039010054780825,
          0.9941845805244296,
          -0.09687286194043271
        ],
        [
          -0.08253661862931143,
          0.10051700786055703,
          0.9915059443674558
        ]
      ],
      "id": 2,
      "t_w2c": [
        -1.9294361699190161,
        -0.13881476688635427,
        -0.5072374089715539
      ]
    },
    {
      "R_w2c": [
        [
          0.9881147930189399,
          -0.02586378573849502,
          0.1515263026817812
        ],
        [
          0.041399033280258485,
          0.9940970514785766,
          -0.1002854540053547
        ],
        [
          -0.1480380892223268,
          0.10536658307486906,
          0.9833527379890337
        ]
      ],
      "id": 3,
      "t_w2c": [
        -2.921995983706184,
        -0.15984152887998912,
        -0.6482938154607317
      ]
    },
    {
      "R_w2c": [
        [
          0.9908091422598848,
          -0.030682772113834862,
          0.13174145554699906
        ],
        [
          0.04612234145904564,
          0.9922017749626977,
          -0.11579450496119222
        ],
        [
          -0.12716120962214322,
          0.12080647853605718,
          0.9844977508918701
        ]
      ],
      "id": 4,
      "t_w2c": [
        -3.867909966653016,
        -0.19060804934432662,
        -0.9875981687350716
      ]
    },
    {
      "R_w2c": [
        [
          0.9747919458845786,
          -0.01878345320567639,
          0.22232373720371573
        ],
        [
          0.0361163223058353,
          0.996592506554453,
          -0.07415515587343663
        ],
        [
          -0.2201732806260962,
          0.08031536444032875,
          0.9721487379681977
        ]
      ],
      "id": 5,
      "t_w2c": [
        -4.909141597835208,
        -0.24387511340358006,
        -0.872254906348023
      ]
    },
    {
      "R_w2c": [
        [
          0.956662165589556,
          0.008648003783958833,
          0.29107166292865677
        ],
        [
          0.01721476537928227,
          0.9961312293093099,
          -0.08617555249407709
        ],
        [
          -0.2906908199142814,
          0.0874516210557346,
          0.952812185686291
        ]
      ],
      "id": 6,
      "t_w2c": [
        -5.9214159671791045,
        -0.1611283901517789,
        -0.7990485864160041
      ]
    },
    {
      "R_w2c": [
        [
          0.9391267785583218,
          0.025689817151436853,
          0.3426090003041289
        ],
        [
          0.010871053847795777,
          0.9944793698402695,
          -0.10436763459204504
        ],
        [
          -0.34339876817325243,
          0.10173896135122498,
          0.933662931555209
        ]
      ],
      "id": 7,
      "t_w2c": [
        -6.958111803374776,
        -0.09111188583565215,
        -0.45553335255999067
      ]
    },
    {
      "R_w2c": [
        [
          0.9217372772795303,
          0.03756245169789181,
          0.3859915204972279
        ],
        [
          0.002427636617753068,
          0.9947199906060449,
          -0.10259749933191382
        ],
        [
          -0.38780729525599505,
          0.09550498683918791,
          0.9167793078135413
        ]
      ],
      "id": 8,
      "t_w2c": [
        -7.966866934252368,
        -0.02531253143263187,
        -0.22655445540017163
      ]
    },
    {
      "R_w2c": [
        [
          0.9179682877570721,
          0.031069898592005686,
          0.3954350567082183
        ],
        [
          0.023723158113606237,
          0.9908423910349237,
          -0.13292316539005658
        ],
        [
          -0.39594372635699915,
          0.13140021891031226,
          0.9088248170185802
        ]
      ],
      "id": 9,
      "t_w2c": [
        -8.967022472703384,
        -0.07454266305527436,
        -0.2031392084945747
      ]
    },
    {
      "R_w2c": [
        [
          0.9215777039991434,
          0.017235339419729746,
          0.38781113775490517
        ],
        [
          0.027684983010711844,
          0.9935519817804324,
          -0.10994544654451123
        ],
        [
          -0.38720547156175866,
          0.11205981695176058,
          0.9151581940939905
        ]
      ],
      "id": 10,
      "t_w2c": [
        -9.962540646002036,
        -0.21126903498272206,
        -0.30734505931505296
      ]
    },
    {
      "R_w2c": [
        [
          0.8706661725507462,
          0.05831039967395395,
          0.4884058898761338
        ],
        [
          0.005821941866329141,
          0.9916571659935729,
          -0.12877177534887216
        ],
        [
          -0.4918399342964533,
          0.11496069947359865,
          0.8630628694410399
        ]
      ],
      "id": 11,
      "t_w2c": [
        -10.931393462471686,
        0.10283040429991724,
        0.8240390335572054
      ]
    },
    {
      "R_w2c": [
        [
          0.8552413543715699,
          0.04325685692188683,
          0.5164214074783521
        ],
        [
          0.043564162273485973,
          0.986981956363655,
          -0.15481854403779155
        ],
        [
          -0.5163955746693537,
          0.15490468728160434,
          0.8422233363663679
        ]
      ],
      "id": 12,
      "t_w2c": [
        -11.879218242025015,
        -0.13355582087873286,
        1.3572328557850537
      ]
    },
    {
      "R_w2c": [
        [
          0.8162420265570793,
          0.05950837077846514,
          0.5746370227276387
        ],
        [
          0.03247477663223613,
          0.988381490222025,
          -0.14848373200177586
        ],
        [
          -0.5767966218388232,
          0.13985987127758107,
          0.804825989541553
        ]
      ],
      "id": 13,
      "t_w2c": [
        -12.73638682792755,
        -0.04723304510126961,
        2.3814764141391986
      ]
    },
    {
      "R_w2c": [
        [
          0.8487725370457541,
          0.04747406031259644,
          0.5266226295501836
        ],
        [
          0.03285423723835156,
          0.9893017759445484,
          -0.14213583365375704
        ],
        [
          -0.5277364678060442,
          0.1379427769417389,
          0.8381324542321467
        ]
      ],
      "id": 14,
      "t_w2c": [
        -13.853673347689961,
        -0.04942995597150798,
        1.64697940953349
      ]
    },
    {
      "R_w2c": [
        [
          0.7493405535014772,
          0.07587591353183909,
          0.6578233658238422
        ],
        [
          -0.02706635172372995,
          0.9960929152044107,
          -0.08406138759231911
        ],
        [
          -0.6616314287293696,
          0.04518572811505463,
          0.7484665005811852
        ]
      ],
      "id": 15,
      "t_w2c": [
        -14.353819058542813,
        0.3923505948508203,
        4.164595941112013
      ]
    },
    {
      "R_w2c": [
        [
          0.7240542407444851,
          0.07465027193210014,
          0.685691470969554
        ],
        [
          0.0023847265493268377,
          0.9938491006998029,
          -0.11071710851299249
        ],
        [
          -0.6897389140386471,
          0.08180037859726763,
          0.7194226355363942
        ]
      ],
      "id": 16,
      "t_w2c": [
        -15.159900098987157,
        0.20093092602775262,
        4.945180381944122
      ]
    },
    {
      "R_w2c": [
        [
          0.7585714912473108,
          0.02767265463521279,
          0.6510019330633905
        ],
        [
          0.02605656499023802,
          0.9970103026852797,
          -0.07274277806295673
        ],
        [
          -0.6510686201067752,
          0.07214347181032607,
          0.7555825377729505
        ]
      ],
      "id": 17,
      "t_w2c": [
        -14.81364357395599,
        -0.5376305740607962,
        4.949006611687862
      ]
    },
    {
      "R_w2c": [
        [
          0.7018318176599008,
          0.11005442331671711,
          0.7037898291596892
        ],
        [
          0.014528266071473853,
          0.9855763922988066,
          -0.16860635939437574
        ],
        [
          -0.7121945164104792,
          0.1285581535792023,
          0.690109970905471
        ]
      ],
      "id": 18,
      "t_w2c": [
        -13.609110334334707,
        0.3167603281937183,
        6.844936804578535
      ]
    },
    {
      "R_w2c": [
        [
          0.7769520466692243,
          0.05267357333326774,
          0.6273523825162444
        ],
        [
          0.027444362609492755,
          0.9927126723009672,
          -0.11733864331085218
        ],
        [
          -0.6289613057553398,
          0.1083837853434617,
          0.7698445498522155
        ]
      ],
      "id": 19,
      "t_w2c": [
        -13.757332699261468,
        -0.0045236776873266715,
        6.091069434209331
      ]
    },
    {
      "R_w2c": [
        [
          0.8027977867240713,
          0.04517216166203963,
          0.59453779479669
        ],
        [
          0.05331636545115997,
          0.9876931518517371,
          -0.14703606006779266
        ],
        [
          -0.5938628451132558,
          0.14973881793295865,
          0.7905094607897045
        ]
      ],
      "id": 20,
      "t_w2c": [
        -13.1071496498827,
        -0.1467893156563296,
        5.926579906113346
      ]
    },
    {
      "R_w2c": [
        [
          0.8048366359943594,
          0.05614788331499047,
          0.5908344984515793
        ],
        [
          0.05350419944605548,
          0.984597004503755,
          -0.16645131229242227
        ],
        [
          -0.5910797661931254,
          0.16557824108704317,
          0.7894355933675662
        ]
      ],
      "id": 21,
      "t_w2c": [
        -12.146258422042083,
        -0.06979162830228652,
        5.678421296624168
      ]
    },
    {
      "R_w2c": [
        [
          0.8518899573532677,
          0.01914973659784116,
          0.5233706030614264
        ],
        [
          0.0559784591575977,
          0.9902769787471111,
          -0.12734958764689738
        ],
        [
          -0.5207205706240047,
          0.13778531471723296,
          0.8425350404447782
        ]
      ],
      "id": 22,
      "t_w2c": [
        -11.60460637423492,
        -0.15981249638893136,
        4.445148718882576
      ]
    },
    {
      "R_w2c": [
        [
          0.8513658157879513,
          0.039924127664904996,
          0.5230509647614775
        ],
        [
          0.0596757417081719,
          0.983255384730145,
          -0.17218494199770837
        ],
        [
          -0.5211670111963108,
          0.17780582788359614,
          0.8347275208182209
        ]
      ],
      "id": 23,
      "t_w2c": [
        -10.599953196901998,
        -0.0864043407451284,
        4.35840989297614
      ]
    },
    {
      "R_w2c": [
        [
          0.8860937809024793,
          0.03940659936879292,
          0.4618278157193832
        ],
        [
          0.03028657133097385,
          0.9893274866340449,
          -0.14252665640987136
        ],
        [
          -0.4625154430318656,
          0.14027916494102446,
          0.8754434423996139
        ]
      ],
      "id": 24,
      "t_w2c": [
        -9.89477070730687,
        0.22143696177408417,
        3.4220567996868514
      ]
    },
    {
      "R_w2c": [
        [
          0.9196909704524021,
          0.051853206411661655,
          0.3892040131513912
        ],
        [
          0.007037677521883286,
          0.9889052602232968,
          -0.14838078513672706
        ],
        [
          -0.3925799153846471,
          0.1392035606136682,
          0.9091223123150483
        ]
      ],
      "id": 25,
      "t_w2c": [
        -9.122308246223211,
        0.45194332074013155,
        2.6677216684459077
      ]
    },
    {
      "R_w2c": [
        [
          0.9541396528529172,
          0.03718191170940028,
          0.2970438154470631
        ],
        [
          0.004223001066175708,
          0.9904862299849352,
          -0.1375470627538997
        ],
        [
          -0.29933207164570524,
          0.13249352305627812,
          0.9449051683806295
        ]
      ],
      "id": 26,
      "t_w2c": [
        -8.343693599035204,
        0.4618351352302585,
        1.7921984992969335
      ]
    },
    {
      "R_w2c": [
        [
          0.9597478427432963,
          -0.001709258933926039,
          0.28085789428728153
        ],
        [
          0.03724576136652952,
          0.991924253977324,
          -0.12123954648445727
        ],
        [
          -0.27838252748658016,
          0.1268201593021635,
          0.9520608255698568
        ]
      ],
      "id": 27,
      "t_w2c": [
        -7.408648716031161,
        0.17067982697563838,
        1.784591364751203
      ]
    },
    {
      "R_w2c": [
        [
          0.9738941601410926,
          -0.004341598016241911,
          0.2269610437272024
        ],
        [
          0.03421018277364433,
          0.9912051975285561,
          -0.12783551848750838
        ],
        [
          -0.2244099557454383,
          0.13226264370199778,
          0.9654774802362243
        ]
      ],
      "id": 28,
      "t_w2c": [
        -6.522260768424858,
        0.1974895572580323,
        1.6007280990216293
      ]
    },
    {
      "R_w2c": [
        [
          0.9879844541117836,
          -0.0050536232341517485,
          0.15447064227758028
        ],
        [
          0.024587636574775855,
          0.9918758296238113,
          -0.12481100406511751
        ],
        [
          -0.15258494867157663,
          0.12710939973221208,
          0.9800821567290209
        ]
      ],
      "id": 29,
      "t_w2c": [
        -5.647960928210598,
        0.27590567634441127,
        1.3522355148709568
      ]
    },
    {
      "R_w2c": [
        [
          0.9944722948087927,
          -0.026464573001253298,
          0.10160945444984414
        ],
        [
          0.04079285715108946,
          0.9890775317448166,
          -0.14163890356477699
        ],
        [
          -0.0967512153059817,
          0.14500090542283767,
          0.9846897682840889
        ]
      ],
      "id": 30,
      "t_w2c": [
        -4.768377760272418,
        0.1991388276456048,
        1.3531500266017638
      ]
    }
  ],
  "notes": {
    "convention": "x_cam = R_w2c * x_world + t_w2c",
    "fix_cam_prefix": 1,
    "huber_delta_px": 3.0,
    "min_track_len": 2,
    "num_cameras": 31,
    "num_observations": 65135,
    "num_points": 25842,
    "prefilter_thresh_px": 50.0,
    "solver": "Ceres BA (points-only)",
    "stage": "A",
    "zmin": 0.1
  },
  "points_optimized": [
    {
      "X": [
        -0.6462861357976015,
        1.4404552096229415,
        21.917132722713355
      ],
      "id": 0
    },
    {
      "X": [
        1.431955844780279,
        0.18781890431657133,
        15.434584172435283
      ],
      "id": 1
    },
    {
      "X": [
        5.449849736611035,
        4.992570364899357,
        23.686530043780312
      ],
      "id": 2
    },
    {
      "X": [
        -1.6790612070183992,
        3.979017171721321,
        25.82417125191292
      ],
      "id": 3
    },
    {
      "X": [
        -2.3647879321216654,
        3.253393227809174,
        17.022044354824757
      ],
      "id": 4
    },
    {
      "X": [
        1.5903650722032412,
        4.054624505207807,
        16.970835515070014
      ],
      "id": 5
    },
    {
      "X": [
        -1.3273557066262471,
        1.5741086609818022,
        19.663026027253654
      ],
      "id": 6
    },
    {
      "X": [
        3.187766271202291,
        4.040036066724171,
        20.134518812468716
      ],
      "id": 7
    },
    {
      "X": [
        -0.8437561943108407,
        1.217420991963328,
        18.532261566082816
      ],
      "id": 8
    },
    {
      "X": [
        -0.43046227441819057,
        1.6798870272525948,
        22.73099163348351
      ],
      "id": 9
    },
    {
      "X": [
        -4.17829570908246,
        4.284032610519959,
        23.319602285732774
      ],
      "id": 10
    },
    {
      "X": [
        -1.3697581211136785,
        4.997468030377684,
        20.657565785705607
      ],
      "id": 11
    },
    {
      "X": [
        -0.04838271917931734,
        5.068834485792036,
        21.172246978204196
      ],
      "id": 12
    },
    {
      "X": [
        3.9170862638928376,
        4.906191908430182,
        23.6563451084542
      ],
      "id": 13
    },
    {
      "X": [
        3.0233023766133553,
        3.8894266728679048,
        18.944422724250412
      ],
      "id": 14
    },
    {
      "X": [
        0.16972862443267134,
        4.3361338702447725,
        26.799600364662204
      ],
      "id": 15
    },
    {
      "X": [
        2.4706426318946284,
        4.683821046837943,
        23.955551349668575
      ],
      "id": 16
    },
    {
      "X": [
        -0.09054670832727096,
        3.138515611380422,
        19.97148577602344
      ],
      "id": 17
    },
    {
      "X": [
        5.246464993766692,
        5.047954276263273,
        23.685184715353945
      ],
      "id": 18
    },
    {
      "X": [
        1.8254691620172652,
        3.6040779789016386,
        18.108139047805153
      ],
      "id": 19
    },
    {
      "X": [
        -1.4701590113057335,
        4.114624854818918,
        16.71713642384601
      ],
      "id": 20
    },
    {
      "X": [
        3.6098662850348493,
        4.348894660818566,
        18.739330951890523
      ],
      "id": 21
    },
    {
      "X": [
        -3.0925073517387265,
        4.833745467531538,
        23.86913609894786
      ],
      "id": 22
    },
    {
      "X": [
        -4.4178126508539535,
        4.32288533373394,
        23.454274586466866
      ],
      "id": 23
    },
    {
      "X": [
        2.018542160791025,
        3.269037053533368,
        13.862334048675589
      ],
      "id": 24
    },
    {
      "X": [
        -4.2175325722309545,
        5.306842937260413,
        23.333906588188466
      ],
      "id": 25
    },
    {
      "X": [
        4.40330833785251,
        4.916769001042176,
        23.6115862997985
      ],
      "id": 26
    },
    {
      "X": [
        -3.210304613984777,
        4.909556656022828,
        19.846564774896706
      ],
      "id": 27
    },
    {
      "X": [
        0.023212763317565523,
        4.04452285676315,
        22.81418580511608
      ],
      "id": 28
    },
    {
      "X": [
        -0.269039822577765,
        2.991615168032366,
        15.121517954261922
      ],
      "id": 29
    },
    {
      "X": [
        -2.771204774315952,
        4.778876557062829,
        21.00689189378239
      ],
      "id": 30
    },
    {
      "X": [
        -2.5509641791025426,
        4.718391123711484,
        21.607236761275665
      ],
      "id": 31
    },
    {
      "X": [
        -0.7687737337603165,
        2.5154833005660873,
        17.277409399257095
      ],
      "id": 32
    },
    {
      "X": [
        4.539006494772808,
        4.935431035082037,
        23.70931770490786
      ],
      "id": 33
    },
    {
      "X": [
        -0.9979892835124126,
        4.206382728628571,
        24.855519081930225
      ],
      "id": 34
    },
    {
      "X": [
        3.468855565723326,
        4.024317260404728,
        20.13585393631131
      ],
      "id": 35
    },
    {
      "X": [
        -4.611641798880152,
        3.654166289937362,
        16.86345009534289
      ],
      "id": 36
    },
    {
      "X": [
        -0.04529688157836532,
        3.6871873568366635,
        17.992518588489844
      ],
      "id": 37
    },
    {
      "X": [
        -3.8905596429958678,
        4.911415640840871,
        19.142946493848818
      ],
      "id": 38
    },
    {
      "X": [
        3.071425691786576,
        3.2797628232823994,
        15.873849538831973
      ],
      "id": 39
    },
    {
      "X": [
        -1.8853441522079113,
        3.7867457380554623,
        25.849477617177552
      ],
      "id": 40
    },
    {
      "X": [
        -0.35824098204921406,
        1.497438750303569,
        27.294579198504334
      ],
      "id": 41
    },
    {
      "X": [
        -1.0755656204834978,
        3.5450061255933054,
        14.221079279873297
      ],
      "id": 42
    },
    {
      "X": [
        0.10967829804784433,
        3.7513047524943683,
        16.507006071792993
      ],
      "id": 43
    },
    {
      "X": [
        3.1636774647213315,
        5.02194158355158,
        22.616505402195045
      ],
      "id": 44
    },
    {
      "X": [
        6.027145706342713,
        5.178900085442634,
        22.8754481311422
      ],
      "id": 45
    },
    {
      "X": [
        2.089736315157244,
        3.997458821918424,
        17.442605088839258
      ],
      "id": 46
    },
    {
      "X": [
        3.532819382974936,
        4.601966787677128,
        24.62575790735874
      ],
      "id": 47
    },
    {
      "X": [
        -1.0279468281164978,
        3.727678493815603,
        16.936848507180123
      ],
      "id": 48
    },
    {
      "X": [
        -2.5084374083419716,
        -1.2304720311096051,
        21.432141827812984
      ],
      "id": 49
    },
    {
      "X": [
        -2.5369255756921345,
        4.015476119406506,
        16.517762731628206
      ],
      "id": 50
    },
    {
      "X": [
        -0.5022953192512719,
        4.891433235641033,
        22.071297929110123
      ],
      "id": 51
    },
    {
      "X": [
        -1.5280185883608919,
        4.973722554488708,
        20.6028031349103
      ],
      "id": 52
    },
    {
      "X": [
        0.6981901544184613,
        3.3596651173729315,
        13.759798960379884
      ],
      "id": 53
    },
    {
      "X": [
        0.772536469136209,
        3.966247333899126,
        19.114889339059875
      ],
      "id": 54
    },
    {
      "X": [
        -0.43703697116911516,
        0.9239023182914196,
        26.95273728283874
      ],
      "id": 55
    },
    {
      "X": [
        3.40963262562281,
        5.076969346117284,
        22.34625914547468
      ],
      "id": 56
    },
    {
      "X": [
        2.941403549329421,
        4.755700422346035,
        23.90884522172677
      ],
      "id": 57
    },
    {
      "X": [
        -1.4733017363256398,
        1.5746997853283604,
        21.879702716175508
      ],
      "id": 58
    },
    {
      "X": [
        -0.8449766849985139,
        3.685377001821899,
        17.316827674234162
      ],
      "id": 59
    },
    {
      "X": [
        -2.1366645872138483,
        5.073268736376999,
        20.06070688872684
      ],
      "id": 60
    },
    {
      "X": [
        0.9549254501013991,
        3.953606899252499,
        16.958450634580462
      ],
      "id": 61
    },
    {
      "X": [
        -6.461153856194144,
        2.6276758943504683,
        27.187273502712767
      ],
      "id": 62
    },
    {
      "X": [
        -0.8383967132159215,
        1.2792610978857448,
        18.072004649323098
      ],
      "id": 63
    },
    {
      "X": [
        4.026615899369238,
        4.827872910350047,
        24.121023557936034
      ],
      "id": 64
    },
    {
      "X": [
        -2.2333861090003664,
        3.675334146871574,
        19.68225821367001
      ],
      "id": 65
    },
    {
      "X": [
        3.9486165792336965,
        4.847347645219567,
        23.687643730742582
      ],
      "id": 66
    },
    {
      "X": [
        2.4957919465107086,
        4.03471945574374,
        19.899934489373514
      ],
      "id": 67
    },
    {
      "X": [
        1.9388940885238313,
        3.2754280057304888,
        14.27164341076696
      ],
      "id": 68
    },
    {
      "X": [
        1.1084776752530443,
        -2.644770492746934,
        13.812618954906325
      ],
      "id": 69
    },
    {
      "X": [
        -1.3162054044964908,
        4.470706938266648,
        23.319365927289418
      ],
      "id": 70
    },
    {
      "X": [
        -0.10137394130448969,
        -1.5654452647444657,
        17.702004488713296
      ],
      "id": 71
    },
    {
      "X": [
        -2.3637168454656043,
        3.947141635498424,
        16.85358235107255
      ],
      "id": 72
    },
    {
      "X": [
        1.0837290725180335,
        3.776934043994398,
        18.566595712317092
      ],
      "id": 73
    },
    {
      "X": [
        0.6643700932095369,
        3.2087529394754917,
        13.510784585884135
      ],
      "id": 74
    },
    {
      "X": [
        2.849067265359324,
        4.813526973859752,
        23.175989328263277
      ],
      "id": 75
    },
    {
      "X": [
        3.6323762190165967,
        3.7699216536089017,
        18.11786932729413
      ],
      "id": 76
    },
    {
      "X": [
        0.7784767586616235,
        3.837041515745258,
        17.633337562588178
      ],
      "id": 77
    },
    {
      "X": [
        -2.9884120204265106,
        4.8095117478641916,
        23.843516890298705
      ],
      "id": 78
    },
    {
      "X": [
        3.7672939556076503,
        4.971098724069128,
        23.38650939831521
      ],
      "id": 79
    },
    {
      "X": [
        -1.9585927917966584,
        3.6837929867733497,
        25.870507184162506
      ],
      "id": 80
    },
    {
      "X": [
        -0.6634316809824878,
        4.4314989929828545,
        23.761535533193555
      ],
      "id": 81
    },
    {
      "X": [
        -0.3166389317873669,
        3.347796642198716,
        13.817275844874697
      ],
      "id": 82
    },
    {
      "X": [
        -1.9489664375032916,
        3.5987785671104704,
        25.824801637019277
      ],
      "id": 83
    },
    {
      "X": [
        2.8676471759488753,
        4.015398060725011,
        19.964239347369265
      ],
      "id": 84
    },
    {
      "X": [
        -0.7563486021609233,
        1.8635247568988527,
        27.364865003276886
      ],
      "id": 85
    },
    {
      "X": [
        3.746519609556537,
        3.376319236953158,
        15.826225038737864
      ],
      "id": 86
    },
    {
      "X": [
        1.622807649409837,
        3.64646846558134,
        15.399147253182546
      ],
      "id": 87
    },
    {
      "X": [
        -2.425808118924613,
        3.956594830461072,
        16.75412472720171
      ],
      "id": 88
    },
    {
      "X": [
        4.606226097296207,
        3.8739754850742982,
        17.14045375664995
      ],
      "id": 89
    },
    {
      "X": [
        1.4286024122605965,
        -4.753237308285025,
        19.549303986150235
      ],
      "id": 90
    },
    {
      "X": [
        -2.4488385586002197,
        4.396829587983276,
        25.41432244866253
      ],
      "id": 91
    },
    {
      "X": [
        0.9951901472211153,
        4.735388057731845,
        22.88551142809204
      ],
      "id": 92
    },
    {
      "X": [
        -2.7242961154098935,
        4.9980971019993685,
        19.770633619360233
      ],
      "id": 93
    },
    {
      "X": [
        1.9692660996098563,
        3.9528111202914897,
        20.091356477721362
      ],
      "id": 94
    },
    {
      "X": [
        1.7649795308201133,
        3.5380015036616634,
        16.37416941482992
      ],
      "id": 95
    },
    {
      "X": [
        -1.2079410866943106,
        5.125749892885561,
        20.491978170141387
      ],
      "id": 96
    },
    {
      "X": [
        2.2351003008117254,
        3.707933455074537,
        15.691912054768594
      ],
      "id": 97
    },
    {
      "X": [
        -3.166760585927599,
        4.59708231706955,
        23.97235947090017
      ],
      "id": 98
    },
    {
      "X": [
        3.3462893300449177,
        4.914573888120511,
        23.27201788018382
      ],
      "id": 99
    },
    {
      "X": [
        2.04278021481088,
        3.2084637953921944,
        15.954712331734939
      ],
      "id": 100
    },
    {
      "X": [
        3.132061654991394,
        4.8362511196044515,
        23.883571160862015
      ],
      "id": 101
    },
    {
      "X": [
        -1.228323133879221,
        -2.7299384930998656,
        12.721642049759613
      ],
      "id": 102
    },
    {
      "X": [
        -2.457724332157598,
        -1.09525936524577,
        21.374145710180567
      ],
      "id": 103
    },
    {
      "X": [
        2.763140709129297,
        3.4388522120335168,
        14.704077957147735
      ],
      "id": 104
    },
    {
      "X": [
        2.306735985502792,
        4.193578513709366,
        19.038617897831482
      ],
      "id": 105
    },
    {
      "X": [
        -0.2480309441496123,
        4.064600684855095,
        17.752622281795784
      ],
      "id": 106
    },
    {
      "X": [
        1.9812820378259492,
        4.7532360133513,
        23.723626211885215
      ],
      "id": 107
    },
    {
      "X": [
        3.1298541890805724,
        4.234383824350431,
        19.062750162642864
      ],
      "id": 108
    },
    {
      "X": [
        2.675675829494765,
        3.9764014999631843,
        20.108333889256574
      ],
      "id": 109
    },
    {
      "X": [
        1.1191572836341743,
        4.941881337964145,
        22.46777901942059
      ],
      "id": 110
    },
    {
      "X": [
        -4.217422469075083,
        4.155367438484389,
        23.911795582147825
      ],
      "id": 111
    },
    {
      "X": [
        -3.0896299117084807,
        4.971456357035947,
        19.875020015332264
      ],
      "id": 112
    },
    {
      "X": [
        0.8587124861220515,
        3.998189147520124,
        16.893078514918678
      ],
      "id": 113
    },
    {
      "X": [
        -0.27266374086392264,
        1.413364995006307,
        27.243731345331774
      ],
      "id": 114
    },
    {
      "X": [
        3.8977221889987947,
        4.914684291562008,
        23.274019715470217
      ],
      "id": 115
    },
    {
      "X": [
        3.4822228249660365,
        4.9018079568762065,
        23.6423579166924
      ],
      "id": 116
    },
    {
      "X": [
        -1.9478565089117141,
        4.065753125942784,
        24.525971419588995
      ],
      "id": 117
    },
    {
      "X": [
        3.0007691464035218,
        4.238452890319088,
        18.61132583876831
      ],
      "id": 118
    },
    {
      "X": [
        -1.103016679280523,
        4.05952150301253,
        17.11271211137589
      ],
      "id": 119
    },
    {
      "X": [
        0.3866671537127035,
        0.8940940675731193,
        27.038965243338822
      ],
      "id": 120
    },
    {
      "X": [
        -2.567523176219088,
        4.693893658352816,
        21.56907285367126
      ],
      "id": 121
    },
    {
      "X": [
        0.5165272014863505,
        3.742141109504778,
        15.48430907719538
      ],
      "id": 122
    },
    {
      "X": [
        -4.564263534813707,
        4.278928803378773,
        23.35025517409681
      ],
      "id": 123
    },
    {
      "X": [
        -1.727942720790413,
        1.7193980966170708,
        27.087268850543122
      ],
      "id": 124
    },
    {
      "X": [
        -0.5956035253761776,
        3.86262928663019,
        24.022222116244517
      ],
      "id": 125
    },
    {
      "X": [
        3.7648391124139167,
        4.192525676098193,
        19.61023543180675
      ],
      "id": 126
    },
    {
      "X": [
        1.39703699181574,
        -3.0603440203476153,
        16.065513853075547
      ],
      "id": 127
    },
    {
      "X": [
        -4.635269456765082,
        0.9284813241169678,
        20.916397855108503
      ],
      "id": 128
    },
    {
      "X": [
        0.9274678416508069,
        3.495706390566387,
        14.500118154217912
      ],
      "id": 129
    },
    {
      "X": [
        3.3948856487573904,
        4.066000433584331,
        19.88121811610958
      ],
      "id": 130
    },
    {
      "X": [
        -1.5809673383221492,
        2.9987593601167313,
        21.24908966242165
      ],
      "id": 131
    },
    {
      "X": [
        -2.0846075541099354,
        4.9213966788543715,
        20.552411179468777
      ],
      "id": 132
    },
    {
      "X": [
        3.011263819621092,
        4.917043431838794,
        22.940714989047557
      ],
      "id": 133
    },
    {
      "X": [
        1.1315280606242204,
        3.3169233804055205,
        14.450502833930052
      ],
      "id": 134
    },
    {
      "X": [
        -0.691072480334481,
        3.342581679537658,
        17.460475146346248
      ],
      "id": 135
    },
    {
      "X": [
        -2.2828747781737593,
        4.549478769033549,
        22.33162088084562
      ],
      "id": 136
    },
    {
      "X": [
        -1.7740255566079945,
        4.863504317869965,
        21.100302070642346
      ],
      "id": 137
    },
    {
      "X": [
        -1.2718684731763679,
        4.083012557539091,
        16.861953626315447
      ],
      "id": 138
    },
    {
      "X": [
        -3.669770798842068,
        4.997482115065856,
        19.24978932370037
      ],
      "id": 139
    },
    {
      "X": [
        3.5155723382560344,
        3.3585629809894906,
        15.42522574073161
      ],
      "id": 140
    },
    {
      "X": [
        -3.3927925291554386,
        3.558513009106319,
        20.40562864450775
      ],
      "id": 141
    },
    {
      "X": [
        2.4661351448146767,
        4.683163400240808,
        24.075464220894503
      ],
      "id": 142
    },
    {
      "X": [
        -0.7425237464708573,
        3.8647207395788326,
        16.38268938768927
      ],
      "id": 143
    },
    {
      "X": [
        -1.8648557897694864,
        4.58050405569391,
        22.536432237814168
      ],
      "id": 144
    },
    {
      "X": [
        1.1029207134700685,
        3.953268010255986,
        19.532585124021438
      ],
      "id": 145
    },
    {
      "X": [
        -1.442872242882617,
        4.399418073437982,
        23.48425247218914
      ],
      "id": 146
    },
    {
      "X": [
        2.540472875414726,
        4.259477733067852,
        18.263412491828106
      ],
      "id": 147
    },
    {
      "X": [
        4.611682355096951,
        5.080295410630575,
        22.760920567297752
      ],
      "id": 148
    },
    {
      "X": [
        -1.43452320836967,
        3.00605047373329,
        18.54445552356021
      ],
      "id": 149
    },
    {
      "X": [
        2.5037035225994937,
        -1.5167667739294919,
        18.842269400854764
      ],
      "id": 150
    },
    {
      "X": [
        -4.650318090298136,
        1.0980839933481077,
        20.992109735439996
      ],
      "id": 151
    },
    {
      "X": [
        4.749965388099517,
        4.866885589471478,
        24.03488518223309
      ],
      "id": 152
    },
    {
      "X": [
        1.0259425581459163,
        5.055802403866338,
        21.61441366388093
      ],
      "id": 153
    },
    {
      "X": [
        1.4091139887533444,
        4.8620247832340056,
        22.823094859328464
      ],
      "id": 154
    },
    {
      "X": [
        -5.284248289762286,
        5.012858538097511,
        18.746206723845035
      ],
      "id": 155
    },
    {
      "X": [
        -0.38546256951888563,
        2.8928990780486314,
        14.564266020072193
      ],
      "id": 156
    },
    {
      "X": [
        -2.771872401811659,
        4.68531906427846,
        23.938407018344726
      ],
      "id": 157
    },
    {
      "X": [
        -2.053896429895638,
        5.021656490404157,
        20.40428606253916
      ],
      "id": 158
    },
    {
      "X": [
        -4.717135200341981,
        4.463701157034928,
        23.25316157560088
      ],
      "id": 159
    },
    {
      "X": [
        -4.641704620153476,
        0.981284393819224,
        20.918183756481433
      ],
      "id": 160
    },
    {
      "X": [
        0.1390699664512703,
        4.889683670499426,
        22.068382368500956
      ],
      "id": 161
    },
    {
      "X": [
        2.2262843995899773,
        3.797209820181476,
        19.140671347786675
      ],
      "id": 162
    },
    {
      "X": [
        -1.3110195037357193,
        4.7626684061632805,
        22.144275470236135
      ],
      "id": 163
    },
    {
      "X": [
        -1.39019980861446,
        3.6613739756858634,
        19.00731260247157
      ],
      "id": 164
    },
    {
      "X": [
        0.07471401576602922,
        3.7649853381426888,
        17.528802514972607
      ],
      "id": 165
    },
    {
      "X": [
        -0.8959354963888152,
        1.758254955380788,
        27.304364006919233
      ],
      "id": 166
    },
    {
      "X": [
        -3.271537016893347,
        3.752105877303591,
        14.461501866429797
      ],
      "id": 167
    },
    {
      "X": [
        0.16639279240474406,
        -1.5673593949864923,
        7.79592850345807
      ],
      "id": 168
    },
    {
      "X": [
        -2.5889931063965355,
        4.712922944677493,
        24.09063647336523
      ],
      "id": 169
    },
    {
      "X": [
        3.0072774412890957,
        4.745802512118946,
        24.402033168943465
      ],
      "id": 170
    },
    {
      "X": [
        -3.0572161840970185,
        3.7234874117867194,
        17.908829041113577
      ],
      "id": 171
    },
    {
      "X": [
        -2.506669345171321,
        4.043891316086092,
        16.517465007042542
      ],
      "id": 172
    },
    {
      "X": [
        1.6152406463114712,
        4.29376048139001,
        18.117183962681253
      ],
      "id": 173
    },
    {
      "X": [
        2.145008572816713,
        5.149133235415393,
        21.60038578188956
      ],
      "id": 174
    },
    {
      "X": [
        6.1112657607793075,
        5.2235411929668825,
        23.01988743374133
      ],
      "id": 175
    },
    {
      "X": [
        4.444159215232746,
        5.154903024434364,
        22.37714283822205
      ],
      "id": 176
    },
    {
      "X": [
        -0.5577728133220976,
        1.459733872257897,
        21.776024991066294
      ],
      "id": 177
    },
    {
      "X": [
        -0.8267124484062259,
        3.777497539840458,
        19.03739224015112
      ],
      "id": 178
    },
    {
      "X": [
        2.2956104659738075,
        4.935554737102384,
        22.85982871235758
      ],
      "id": 179
    },
    {
      "X": [
        -2.209880274560201,
        3.786515402308229,
        25.70568180827064
      ],
      "id": 180
    },
    {
      "X": [
        0.5425435457477089,
        4.677879701715272,
