{
  "K": [
    [
      3183.8330165146126,
      0.0,
      1100.814254448177
    ],
    [
      0.0,
      3183.592270336112,
      1927.6877827756523
    ],
    [
      0.0,
      0.0,
      1.0
    ]
  ],
  "cameras_optimized": [
    {
      "R_w2c": [
        [
          1.0,
          0.0,
          -0.0
        ],
        [
          -0.0,
          1.0,
          0.0
        ],
        [
          0.0,
          -0.0,
          1.0
        ]
      ],
      "id": 0,
      "t_w2c": [
        0.0,
        0.0,
        0.0
      ]
    },
    {
      "R_w2c": [
        [
          0.999146105162784,
          0.011209009768985312,
          0.03976705468145348
        ],
        [
          -0.009028993667905313,
          0.9984684771691906,
          -0.05458184105343486
        ],
        [
          -0.04031795891887193,
          0.054176177416243504,
          0.9977170961696407
        ]
      ],
      "id": 1,
      "t_w2c": [
        -0.979083769427485,
        -0.02731687941389551,
        -0.20161585272380902
      ]
    },
    {
      "R_w2c": [
        [
          0.9832851750408403,
          0.003838552116471991,
          0.1820316732399975
        ],
        [
          0.001986180204260015,
          0.9994921078953641,
          -0.03180536657669491
        ],
        [
          -0.1820613073475534,
          0.03163529314754116,
          0.9827781482076048
        ]
      ],
      "id": 2,
      "t_w2c": [
        -1.9958560302930013,
        -0.004638079465207098,
        -0.09606422696052933
      ]
    },
    {
      "R_w2c": [
        [
          0.942733030216364,
          -0.0007544453987835386,
          0.33354739476004347
        ],
        [
          0.011462863430416683,
          0.9994800243077668,
          -0.030137746626471944
        ],
        [
          -0.3333512209382885,
          0.03223525743477256,
          0.9422514800609582
        ]
      ],
      "id": 3,
      "t_w2c": [
        -2.981935376926328,
        0.0038229660737724505,
        0.12826762688268048
      ]
    },
    {
      "R_w2c": [
        [
          0.8959074573069892,
          0.00042497033593918987,
          0.4442405287025699
        ],
        [
          0.013996157142917654,
          0.9994761100349717,
          -0.029182410020281796
        ],
        [
          -0.44402019720611363,
          0.03236239900833466,
          0.8954321524289092
        ]
      ],
      "id": 4,
      "t_w2c": [
        -3.920643206768754,
        0.026471347968040626,
        0.2677390381315737
      ]
    },
    {
      "R_w2c": [
        [
          0.8200682409057717,
          0.018811404102680195,
          0.5719564767824549
        ],
        [
          0.03213099694251752,
          0.9963693817058936,
          -0.07883942056164069
        ],
        [
          -0.5713630013338221,
          0.08303123674076517,
          0.8164864569802158
        ]
      ],
      "id": 5,
      "t_w2c": [
        -4.8365117878358115,
        0.033854020535462735,
        0.8395988347398763
      ]
    },
    {
      "R_w2c": [
        [
          0.7619254986681757,
          0.02272927577464859,
          0.6472657217109615
        ],
        [
          0.06237031387569962,
          0.9921642052823242,
          -0.1082595663373029
        ],
        [
          -0.6446545419263706,
          0.12285589029124387,
          0.7545375748062169
        ]
      ],
      "id": 6,
      "t_w2c": [
        -5.727590737999004,
        -0.09962558496367223,
        1.399665969513763
      ]
    },
    {
      "R_w2c": [
        [
          0.6915051282829924,
          0.014739470204962548,
          0.7222211611247619
        ],
        [
          0.017471039995403812,
          0.9991581041813649,
          -0.03711934280371496
        ],
        [
          -0.7221602455963644,
          0.03828617069880098,
          0.6906654391334642
        ]
      ],
      "id": 7,
      "t_w2c": [
        -6.553670457209136,
        -0.03947326251255575,
        1.985971533447669
      ]
    },
    {
      "R_w2c": [
        [
          0.5677466983966215,
          0.027014297320542956,
          0.8227599371627261
        ],
        [
          -0.012288327933734442,
          0.9996281637011376,
          -0.02434196647941201
        ],
        [
          -0.8231115862726808,
          0.003709727182573076,
          0.5678675501099726
        ]
      ],
      "id": 8,
      "t_w2c": [
        -7.151181727540697,
        0.030081941307702937,
        2.97180389776019
      ]
    },
    {
      "R_w2c": [
        [
          0.48028579106423896,
          0.021530108279086094,
          0.8768477709039861
        ],
        [
          -0.006097942291024217,
          0.9997564901336135,
          -0.02120791209746187
        ],
        [
          -0.8770908584642836,
          0.0048388917335645855,
          0.48030012609323486
        ]
      ],
      "id": 9,
      "t_w2c": [
        -7.772740523594737,
        -0.062132896178127554,
        3.429029693549298
      ]
    },
    {
      "R_w2c": [
        [
          0.37209102968753843,
          0.012717654015762744,
          0.9281091136835167
        ],
        [
          0.002885697459103446,
          0.999885448225371,
          -0.014858101403746125
        ],
        [
          -0.9281917573304785,
          0.00820680836164903,
          0.372011706697885
        ]
      ],
      "id": 10,
      "t_w2c": [
        -8.306196184778647,
        -0.16878642717308354,
        4.351551075746084
      ]
    },
    {
      "R_w2c": [
        [
          0.29658176288504123,
          0.04146891068798203,
          0.954106696009599
        ],
        [
          -0.009272849447740237,
          0.999134743122113,
          -0.04054354880161455
        ],
        [
          -0.9549624454328667,
          0.003177189428020668,
          0.2967096784404205
        ]
      ],
      "id": 11,
      "t_w2c": [
        -8.92212665076441,
        0.04794815292995877,
        4.857897530514045
      ]
    },
    {
      "R_w2c": [
        [
          0.17465499085904068,
          0.02340883686770816,
          0.984351390776957
        ],
        [
          -0.023500508421194385,
          0.9995316712855109,
          -0.01960010717160187
        ],
        [
          -0.9843492064668786,
          -0.019709501609475932,
          0.17512331447963256
        ]
      ],
      "id": 12,
      "t_w2c": [
        -9.240802657201005,
        -0.03592640066213217,
        5.9040538076699285
      ]
    },
    {
      "R_w2c": [
        [
          0.04996534281558486,
          0.04158933672873175,
          0.997884658458975
        ],
        [
          -0.0025263393484675836,
          0.9991346893892897,
          -0.04151493789545663
        ],
        [
          -0.9987477570071522,
          -0.00044668717398283625,
          0.05002717605213323
        ]
      ],
      "id": 13,
      "t_w2c": [
        -9.429495459670433,
        -0.0311619519389255,
        6.963869740120461
      ]
    },
    {
      "R_w2c": [
        [
          -0.049694692541252306,
          0.04060748897414169,
          0.9979386100219018
        ],
        [
          -0.04967048761497104,
          0.9978362758522592,
          -0.04307678322930689
        ],
        [
          -0.9975285861534603,
          -0.051708784867840855,
          -0.04757017315682108
        ]
      ],
      "id": 14,
      "t_w2c": [
        -9.67176636925728,
        0.2763478876705877,
        7.682619695423238
      ]
    },
    {
      "R_w2c": [
        [
          -0.22822412658358202,
          0.0389126139724712,
          0.9728306926279571
        ],
        [
          -0.03582273542552168,
          0.9981887893819176,
          -0.04833086362661925
        ],
        [
          -0.9729493715871316,
          -0.0458797256540537,
          -0.22641680834715996
        ]
      ],
      "id": 15,
      "t_w2c": [
        -9.133390341451236,
        0.24079799957426215,
        9.256534980615534
      ]
    },
    {
      "R_w2c": [
        [
          -0.3062460692516951,
          0.03472697261246254,
          0.9513187596389863
        ],
        [
          -0.05603373178742568,
          0.9969440897938208,
          -0.05443071492406973
        ],
        [
          -0.9503018288785205,
          -0.06997513271401336,
          -0.3033643268939105
        ]
      ],
      "id": 16,
      "t_w2c": [
        -9.34418519012661,
        0.3974242624023844,
        9.828871644896232
      ]
    },
    {
      "R_w2c": [
        [
          -0.46538966817168065,
          0.04305345314445952,
          0.8840581750831731
        ],
        [
          -0.02613937843879674,
          0.9977120641078842,
          -0.062348777280851045
        ],
        [
          -0.884719836814958,
          -0.052125207970056375,
          -0.4631994959412111
        ]
      ],
      "id": 17,
      "t_w2c": [
        -8.511794820561722,
        0.28894481623845225,
        11.215223743697747
      ]
    },
    {
      "R_w2c": [
        [
          -0.5732320993833474,
          0.05519144397740671,
          0.8175321796408072
        ],
        [
          -0.018398296005007454,
          0.9966104793983649,
          -0.08018138847309786
        ],
        [
          -0.8191864640853584,
          -0.06100374468055612,
          -0.5702736888497288
        ]
      ],
      "id": 18,
      "t_w2c": [
        -8.027268230734608,
        0.4607737906475185,
        12.24800270192432
      ]
    },
    {
      "R_w2c": [
        [
          -0.7038892351287332,
          0.038421841672788365,
          0.7092698405771657
        ],
        [
          -0.025655361633456778,
          0.9965092437134594,
          -0.07944261836750595
        ],
        [
          -0.7098462841273055,
          -0.07411537813503903,
          -0.7004464031134408
        ]
      ],
      "id": 19,
      "t_w2c": [
        -6.8285916952888295,
        0.5597101619056634,
        13.501785309306245
      ]
    },
    {
      "R_w2c": [
        [
          -0.7906328080507101,
          0.00981089872770527,
          0.6122119805263563
        ],
        [
          -0.05383694267585011,
          0.9948851207100885,
          -0.08547034686363397
        ],
        [
          -0.6099191310634272,
          -0.10053528164692924,
          -0.786060627882485
        ]
      ],
      "id": 20,
      "t_w2c": [
        -5.9989544953399605,
        0.7310135062909087,
        14.287507405748846
      ]
    },
    {
      "R_w2c": [
        [
          -0.929807910628217,
          0.022888334890475318,
          0.3673327829899354
        ],
        [
          -0.01842097676288768,
          0.9939193629533931,
          -0.10855859045428376
        ],
        [
          -0.36758389103480943,
          -0.10770526483074636,
          -0.923732460715465
        ]
      ],
      "id": 21,
      "t_w2c": [
        -4.4027769451603636,
        0.7827612574967139,
        15.035204440921927
      ]
    },
    {
      "R_w2c": [
        [
          -0.9771005197235267,
          0.04374844438680768,
          0.20823219724564276
        ],
        [
          0.021584479362839692,
          0.993965925141296,
          -0.1075446414687536
        ],
        [
          -0.21168061934586505,
          -0.10058734150847216,
          -0.9721489094380598
        ]
      ],
      "id": 22,
      "t_w2c": [
        -2.3026867463602123,
        1.1402358361516158,
        15.64212293162572
      ]
    },
    {
      "R_w2c": [
        [
          -0.9789037556642842,
          0.009806494414851461,
          0.20408642731365229
        ],
        [
          -0.011589029553826641,
          0.994574731651874,
          -0.10337696819699506
        ],
        [
          -0.20399296934051359,
          -0.10356126605489856,
          -0.9734792923492244
        ]
      ],
      "id": 23,
      "t_w2c": [
        -0.7298146822121416,
        1.0578090373867821,
        15.553109917457459
      ]
    },
    {
      "R_w2c": [
        [
          -0.9998874652847147,
          0.0013426182879413338,
          -0.014941691425047006
        ],
        [
          0.003409064180005888,
          0.990265488268838,
          -0.1391497072404281
        ],
        [
          0.014609416412883798,
          -0.1391849852527676,
          -0.9901586260959715
        ]
      ],
      "id": 24,
      "t_w2c": [
        0.37255715472377593,
        1.2814640235643413,
        15.408256371884983
      ]
    },
    {
      "R_w2c": [
        [
          -0.9809878616512469,
          -0.008825325980085962,
          -0.1938683288065878
        ],
        [
          0.017361912962252306,
          0.9909688292266271,
          -0.1329636923355381
        ],
        [
          0.19329091874996404,
          -0.1338016932723711,
          -0.9719751682045386
        ]
      ],
      "id": 25,
      "t_w2c": [
        2.144392828686981,
        1.189769826202767,
        15.17334841614497
      ]
    },
    {
      "R_w2c": [
        [
          -0.9393038290741871,
          -0.007126193353218367,
          -0.34301244008761955
        ],
        [
          0.05012500447600955,
          0.9862059390912308,
          -0.15775084667748754
        ],
        [
          0.339405068631643,
          -0.16536947441857794,
          -0.9259898143703703
        ]
      ],
      "id": 26,
      "t_w2c": [
        3.471174750305938,
        1.5739854069845143,
        14.50017997131719
      ]
    },
    {
      "R_w2c": [
        [
          -0.8497913793661757,
          -0.0179487060513011,
          -0.5268134921450062
        ],
        [
          0.07237599150434339,
          0.9859814130870966,
          -0.15034084242325552
        ],
        [
          0.5221267350066415,
          -0.16588700068979162,
          -0.8365794496600124
        ]
      ],
      "id": 27,
      "t_w2c": [
        5.381378285207412,
        1.4761825288478163,
        13.333027868309543
      ]
    },
    {
      "R_w2c": [
        [
          -0.8029938799891121,
          -0.010789713897579788,
          -0.5958895961283766
        ],
        [
          0.0819382415186223,
          0.9883431232767415,
          -0.12831210094302045
        ],
        [
          0.5903278354244084,
          -0.15185997743179183,
          -0.7927493891372912
        ]
      ],
      "id": 28,
      "t_w2c": [
        5.553182512580394,
        1.217306566150318,
        13.257747848455024
      ]
    },
    {
      "R_w2c": [
        [
          -0.6536680378580166,
          -0.0281394624131494,
          -0.7562580690068367
        ],
        [
          0.0964179351937148,
          0.9880682151483443,
          -0.12010322221549784
        ],
        [
          0.7506142005423498,
          -0.1514244790932549,
          -0.6431554626025541
        ]
      ],
      "id": 29,
      "t_w2c": [
        7.353654579804364,
        1.188386651646809,
        11.948199017413518
      ]
    },
    {
      "R_w2c": [
        [
          -0.5292840258275169,
          -0.05403227826111538,
          -0.8467224651027808
        ],
        [
          0.09714465446894628,
          0.9875476771155072,
          -0.12374369289735532
        ],
        [
          0.8428649572214552,
          -0.1477501212509802,
          -0.5174442632384624
        ]
      ],
      "id": 30,
      "t_w2c": [
        8.13261833158466,
        1.2194077653084954,
        10.822335675286835
      ]
    },
    {
      "R_w2c": [
        [
          -0.4251747986075096,
          -0.04677062119861902,
          -0.9039020409434636
        ],
        [
          0.09380745060577245,
          0.9910088263926565,
          -0.09540266360377192
        ],
        [
          0.9002369426100604,
          -0.12535555434261456,
          -0.41696454544187156
        ]
      ],
      "id": 31,
      "t_w2c": [
        8.376342292836924,
        0.8297282605885534,
        9.979496611505331
      ]
    },
    {
      "R_w2c": [
        [
          -0.2786929683339372,
          -0.04418185583299508,
          -0.9593634311439911
        ],
        [
          0.11590036383862981,
          0.9900929402489975,
          -0.07926585223895707
        ],
        [
          0.9533610727648221,
          -0.13328140637105906,
          -0.27081124727835865
        ]
      ],
      "id": 32,
      "t_w2c": [
        8.84393007043495,
        0.818153016565438,
        8.672473733894412
      ]
    },
    {
      "R_w2c": [
        [
          -0.10674983505108566,
          -0.05056160663320237,
          -0.992999494789013
        ],
        [
          0.12039358609183642,
          0.9907004866132495,
          -0.06338714579643101
        ],
        [
          0.9869700386255468,
          -0.12631733752315924,
          -0.09966982038985868
        ]
      ],
      "id": 33,
      "t_w2c": [
        9.229852299219239,
        0.6848280929596464,
        7.029541934962342
      ]
    },
    {
      "R_w2c": [
        [
          0.043009951022471744,
          -0.07728518471671401,
          -0.9960808924662437
        ],
        [
          0.10264704281518762,
          0.9920691939496342,
          -0.07254170536608806
        ],
        [
          0.993787567196502,
          -0.09912474282149075,
          0.05060194310727301
        ]
      ],
      "id": 34,
      "t_w2c": [
        9.184731650304638,
        0.6637132159056393,
        5.633135486702881
      ]
    },
    {
      "R_w2c": [
        [
          0.20011874345168312,
          -0.0672737522614812,
          -0.9774593243588096
        ],
        [
          0.10985611395610571,
          0.992889679090429,
          -0.04584451310864049
        ],
        [
          0.9735934073039848,
          -0.09820553656676412,
          0.20608626796041363
        ]
      ],
      "id": 35,
      "t_w2c": [
        8.965552486075987,
        0.46208138545149136,
        4.091022220026966
      ]
    },
    {
      "R_w2c": [
        [
          0.34781543664842957,
          -0.04217123121126964,
          -0.9366141197351168
        ],
        [
          0.12880713814423686,
          0.9916645544910142,
          0.0031831633997299186
        ],
        [
          0.9286727858574049,
          -0.12174973767636436,
          0.3503481956334051
        ]
      ],
      "id": 36,
      "t_w2c": [
        8.490933829596395,
        0.17600082491193023,
        2.769287633286709
      ]
    },
    {
      "R_w2c": [
        [
          0.5601354162619664,
          -0.062111625006793875,
          -0.8260692837093323
        ],
        [
          0.14321887334014624,
          0.9894302581739169,
          0.02271824220918802
        ],
        [
          0.8159268777091567,
          -0.13103400417033587,
          0.5631104864792305
        ]
      ],
      "id": 37,
      "t_w2c": [
        7.90872000536632,
        0.1311296566822281,
        0.7136044515004815
      ]
    },
    {
      "R_w2c": [
        [
          0.646361207515423,
          -0.07426048163165831,
          -0.7594093562019356
        ],
        [
          0.12737847873321773,
          0.9917882962673796,
          0.011432346332212157
        ],
        [
          0.7523243400122154,
          -0.10412183370879799,
          0.6505126679552843
        ]
      ],
      "id": 38,
      "t_w2c": [
        6.960457380245946,
        0.12900790961431868,
        0.048989532738993306
      ]
    },
    {
      "R_w2c": [
        [
          0.763693527123124,
          -0.07064785360560688,
          -0.6417017043854277
        ],
        [
          0.11599927627315584,
          0.9928332363489092,
          0.02874600328837204
        ],
        [
          0.6350719365035321,
          -0.09639006993395,
          0.7664154160008669
        ]
      ],
      "id": 39,
      "t_w2c": [
        5.908654669134441,
        0.003030254257102872,
        -0.8395681942328489
      ]
    },
    {
      "R_w2c": [
        [
          0.8666533430806157,
          -0.06486759005969273,
          -0.49467583192131004
        ],
        [
          0.09270493510680408,
          0.9951819810450752,
          0.03191582068571709
        ],
        [
          0.49022217201391016,
          -0.07351884359160758,
          0.8684913365733229
        ]
      ],
      "id": 40,
      "t_w2c": [
        4.672741316987521,
        -0.13987867517575303,
        -1.7525128343889298
      ]
    },
    {
      "R_w2c": [
        [
          0.9191785497711845,
          -0.06703280735669766,
          -0.3880945714364243
        ],
        [
          0.08553438462835929,
          0.9958659989310938,
          0.030574192045292423
        ],
        [
          0.3844407141378107,
          -0.06129857185003895,
          0.9211122745910814
        ]
      ],
      "id": 41,
      "t_w2c": [
        3.4788045145969124,
        -0.15984204207966363,
        -1.9897820115031848
      ]
    },
    {
      "R_w2c": [
        [
          0.9713456916263223,
          -0.04281873366690458,
          -0.23378217084744574
        ],
        [
          0.04485096058125721,
          0.9989879684161368,
          0.003380871890223524
        ],
        [
          0.2334008112537746,
          -0.013769350273788686,
          0.9722831204433807
        ]
      ],
      "id": 42,
      "t_w2c": [
        2.2226236805142503,
        -0.1794620818506775,
        -2.063531619067598
      ]
    },
    {
      "R_w2c": [
        [
          0.9826222122569414,
          -0.017433474670639174,
          -0.1847962714455641
        ],
        [
          0.024114279915465033,
          0.9991320121407808,
          0.03396651026633576
        ],
        [
          0.18404371622914223,
          -0.03783247647752754,
          0.9821897037946102
        ]
      ],
      "id": 43,
      "t_w2c": [
        1.210781571384514,
        -0.26988513508979756,
        -1.7310369701869974
      ]
    }
  ],
  "notes": {
    "convention": "x_cam = R_w2c * x_world + t_w2c",
    "fix_cam_prefix": 1,
    "huber_delta_px": 3.0,
    "min_track_len": 2,
    "num_cameras": 44,
    "num_observations": 6125,
    "num_points": 2666,
    "prefilter_thresh_px": 50.0,
    "solver": "Ceres BA (Schur)",
    "stage": "B",
    "stageB_free_t": 1,
    "two_stage": 1,
    "zmin": 0.1
  },
  "points_optimized": [
    {
      "X": [
        -0.9645956272013586,
        -5.722740774659258,
        14.175981334574626
      ],
      "id": 0
    },
    {
      "X": [
        -0.5442697037961042,
        1.3561717251510255,
        10.180287524781399
      ],
      "id": 1
    },
    {
      "X": [
        -0.5791733562790313,
        1.3228725601391274,
        10.196238842800811
      ],
      "id": 2
    },
    {
      "X": [
        0.39251570376480727,
        2.6108650248860625,
        12.5723894718241
      ],
      "id": 3
    },
    {
      "X": [
        -1.198816808705123,
        2.6460689460615865,
        12.427659312037719
      ],
      "id": 4
    },
    {
      "X": [
        0.06176455524958919,
        2.6759333094859494,
        12.366297964504605
      ],
      "id": 5
    },
    {
      "X": [
        0.6869271451554123,
        2.0300657613319197,
        10.278013902219566
      ],
      "id": 6
    },
    {
      "X": [
        -0.9848374086996008,
        -5.715456151700454,
        14.20003824515626
      ],
      "id": 7
    },
    {
      "X": [
        -1.1130082254303184,
        2.5667396456315643,
        12.391151221418628
      ],
      "id": 8
    },
    {
      "X": [
        -1.426294745868969,
        2.978294972632333,
        12.584875312494393
      ],
      "id": 9
    },
    {
      "X": [
        -1.1182180269150486,
        2.4928629069231687,
        12.402823258665526
      ],
      "id": 10
    },
    {
      "X": [
        0.5461992685200593,
        2.490150397717977,
        12.696870549883851
      ],
      "id": 11
    },
    {
      "X": [
        -0.4665038502849198,
        1.1143887019732839,
        10.345723241853177
      ],
      "id": 12
    },
    {
      "X": [
        -0.4424820736695346,
        1.3523537422704892,
        10.193307046295132
      ],
      "id": 13
    },
    {
      "X": [
        -1.116158692331008,
        2.5209757466406923,
        12.407739013443546
      ],
      "id": 14
    },
    {
      "X": [
        0.736026855430457,
        3.000680533062471,
        12.425638632716245
      ],
      "id": 15
    },
    {
      "X": [
        -0.36121529604857416,
        1.3483385926914768,
        10.179748161462783
      ],
      "id": 16
    },
    {
      "X": [
        0.2923169375529494,
        2.647892970551351,
        12.513258635212285
      ],
      "id": 17
    },
    {
      "X": [
        0.4693370841826955,
        2.6647023659965217,
        12.637197092724954
      ],
      "id": 18
    },
    {
      "X": [
        0.39230530913221456,
        2.6871429410553365,
        12.578007738361084
      ],
      "id": 19
    },
    {
      "X": [
        0.31038828411901476,
        2.4860113617550192,
        12.528148927192621
      ],
      "id": 20
    },
    {
      "X": [
        0.2913208301901396,
        2.6251900561747905,
        12.522823114869666
      ],
      "id": 21
    },
    {
      "X": [
        -0.6202114915195163,
        1.3225740881722265,
        10.195685993783488
      ],
      "id": 22
    },
    {
      "X": [
        -0.22840052286093132,
        2.242678481000036,
        12.329183802996882
      ],
      "id": 23
    },
    {
      "X": [
        0.6852048273921717,
        2.008194686108367,
        10.274034542159399
      ],
      "id": 24
    },
    {
      "X": [
        0.21376083164251822,
        2.998894758067772,
        12.318042264430115
      ],
      "id": 25
    },
    {
      "X": [
        -1.1967769927979204,
        2.6956393278779296,
        12.424728507765236
      ],
      "id": 26
    },
    {
      "X": [
        -0.034884861323898175,
        2.925668440702574,
        10.450972522256855
      ],
      "id": 27
    },
    {
      "X": [
        -1.202436437097765,
        2.4959408479795173,
        12.431541271590872
      ],
      "id": 28
    },
    {
      "X": [
        -0.37144907074379535,
        1.2425504204760807,
        10.247355176541683
      ],
      "id": 29
    },
    {
      "X": [
        -0.1715586485741224,
        2.847132489480652,
        12.248388427162764
      ],
      "id": 30
    },
    {
      "X": [
        -0.386195427751402,
        1.2979776713606939,
        10.210101737508408
      ],
      "id": 31
    },
    {
      "X": [
        0.5953222709724567,
        2.9592382267828747,
        11.171441854219466
      ],
      "id": 32
    },
    {
      "X": [
        -0.6768776047529313,
        0.6983109498055365,
        13.998270223720887
      ],
      "id": 33
    },
    {
      "X": [
        -1.761660053161545,
        1.1861944102547186,
        12.867927914245948
      ],
      "id": 34
    },
    {
      "X": [
        -1.712442975222223,
        2.7181028776996596,
        12.766841940457052
      ],
      "id": 35
    },
    {
      "X": [
        0.2319054810467304,
        2.6539003564534385,
        12.500396083680569
      ],
      "id": 36
    },
    {
      "X": [
        0.41313633754135487,
        2.650869191964406,
        12.594849516938044
      ],
      "id": 37
    },
    {
      "X": [
        -1.1068830860318,
        2.687388223896685,
        12.373825676668387
      ],
      "id": 38
    },
    {
      "X": [
        0.30786358767322675,
        2.2128488400201687,
        10.327361167017251
      ],
      "id": 39
    },
    {
      "X": [
        -0.5582001937086744,
        1.1939598788004357,
        10.294114948265888
      ],
      "id": 40
    },
    {
      "X": [
        -1.231338562245267,
        1.106332894704866,
        12.543627252661835
      ],
      "id": 41
    },
    {
      "X": [
        2.303809095368149,
        3.136679628797158,
        14.921665890967091
      ],
      "id": 42
    },
    {
      "X": [
        2.236805980578758,
        3.573996713453842,
        21.743403914230807
      ],
      "id": 43
    },
    {
      "X": [
        0.8770176358242237,
        2.8874499993859373,
        12.988270075602092
      ],
      "id": 44
    },
    {
      "X": [
        2.7260332789534463,
        2.9733729918119858,
        11.859661514269199
      ],
      "id": 45
    },
    {
      "X": [
        2.1922336138769687,
        2.9540577115370703,
        11.245079351367705
      ],
      "id": 46
    },
    {
      "X": [
        0.21488935000437778,
        2.9258755248566857,
        10.478772906237724
      ],
      "id": 47
    },
    {
      "X": [
        -0.08859498055761011,
        2.92566659965642,
        10.495718259986639
      ],
      "id": 48
    },
    {
      "X": [
        -1.770946196322938,
        2.7280301219164884,
        12.859088547987197
      ],
      "id": 49
    },
    {
      "X": [
        0.16990902120610085,
        2.974013291745909,
        11.632929884266442
      ],
      "id": 50
    },
    {
      "X": [
        -1.7378889850227655,
        2.700643992272805,
        12.807541048063017
      ],
      "id": 51
    },
    {
      "X": [
        -1.7725930281543272,
        2.5780412687823415,
        12.862414766430092
      ],
      "id": 52
    },
    {
      "X": [
        3.182322766014635,
        3.20595687481216,
        16.425269179398114
      ],
      "id": 53
    },
    {
      "X": [
        0.6800859221743979,
        -0.18974051174576054,
        14.483861198393585
      ],
      "id": 54
    },
    {
      "X": [
        2.3240399603500346,
        2.953971878769411,
        11.068503903620275
      ],
      "id": 55
    },
    {
      "X": [
        0.5345770268605163,
        2.929084490241858,
        10.419825462394899
      ],
      "id": 56
    },
    {
      "X": [
        -0.25167905868964313,
        2.9119061186445734,
        10.281724058042471
      ],
      "id": 57
    },
    {
      "X": [
        -0.6500193556440266,
        1.3490342678836875,
        10.171732055910592
      ],
      "id": 58
    },
    {
      "X": [
        3.0770531333258857,
        3.21212534784265,
        16.566148235043332
      ],
      "id": 59
    },
    {
      "X": [
        -0.43503326744472615,
        1.1368204652593958,
        10.303989706979666
      ],
      "id": 60
    },
    {
      "X": [
        -0.9718250200337769,
        -5.668429950736845,
        14.19464236864003
      ],
      "id": 61
    },
    {
      "X": [
        0.5745210824169176,
        1.603877678976146,
        7.623515694268379
      ],
      "id": 62
    },
    {
      "X": [
        0.7160148044298351,
        1.636930019624036,
        7.721031433257063
      ],
      "id": 63
    },
    {
      "X": [
        0.5385409759277737,
        1.6034774316121996,
        7.457976465766161
      ],
      "id": 64
    },
    {
      "X": [
        0.6724267434859638,
        1.4718714949055922,
        7.384218253595666
      ],
      "id": 65
    },
    {
      "X": [
        0.20479132526046154,
        1.741574252173592,
        7.4829236689554985
      ],
      "id": 66
    },
    {
      "X": [
        0.6333216159926467,
        1.5689840966395472,
        7.673457381797996
      ],
      "id": 67
    },
    {
      "X": [
        0.7012226563956134,
        1.527892237166172,
        7.726665141303587
      ],
      "id": 68
    },
    {
      "X": [
        0.04892196036853095,
        1.6290934382700997,
        7.470212726932615
      ],
      "id": 69
    },
    {
      "X": [
        0.09375683060544082,
        1.518131707435742,
        7.310298232645396
      ],
      "id": 70
    },
    {
      "X": [
        0.622779511885297,
        1.5294970962234054,
        7.7709913702260565
      ],
      "id": 71
    },
    {
      "X": [
        0.48390366227633097,
        1.562680449623163,
        7.317730313429664
      ],
      "id": 72
    },
    {
      "X": [
        0.5629890771918944,
        1.6247524107859797,
        7.615213739525949
      ],
      "id": 73
    },
    {
      "X": [
        0.634179410203425,
        1.5824333624847384,
        7.668478985812054
      ],
      "id": 74
    },
    {
      "X": [
        0.23485907962627106,
        1.7569623228751043,
        7.4717731800241785
      ],
      "id": 75
    },
    {
      "X": [
        0.5749380750425538,
        1.6347354257136562,
        7.6266332717016905
      ],
      "id": 76
    },
    {
      "X": [
        0.44334663699004095,
        1.610618291186977,
        7.563840300936269
      ],
      "id": 77
    },
    {
      "X": [
        0.049313391749043894,
        1.5238262701726384,
        7.4744858879325395
      ],
      "id": 78
    },
    {
      "X": [
        0.4416275525020945,
        1.5286807078397262,
        7.575045118782931
      ],
      "id": 79
    },
    {
      "X": [
        0.6214359499101859,
        1.5144681826252304,
        7.659572984755503
      ],
      "id": 80
    },
    {
      "X": [
        1.0657655633893992,
        1.5456525293147012,
        7.597783212929823
      ],
      "id": 81
    },
    {
      "X": [
        0.3473343801250398,
        1.819400705422777,
        7.54786825432066
      ],
      "id": 82
    },
    {
      "X": [
        1.0054086013678107,
        1.6592103553086208,
        8.143562097117863
      ],
      "id": 83
    },
    {
      "X": [
        0.6270128100133566,
        1.8196659483170194,
        7.471399438042896
      ],
      "id": 84
    },
    {
      "X": [
        0.7083683662786617,
        1.8181541932464538,
        7.3024323093829375
      ],
      "id": 85
    },
    {
      "X": [
        1.0114741167502972,
        1.490634530127175,
        7.883215532993793
      ],
      "id": 86
    },
    {
      "X": [
        0.8295615662734606,
        1.8344126058344727,
        7.53155144278174
      ],
      "id": 87
    },
    {
      "X": [
        0.8893053359747264,
        1.8223685708164479,
        7.38367389249787
      ],
      "id": 88
    },
    {
      "X": [
        0.7823234157792814,
        1.5071145826026142,
        7.385367902713002
      ],
      "id": 89
    },
    {
      "X": [
        0.5705276303983731,
        1.4506000754683261,
        7.221302268205423
      ],
      "id": 90
    },
    {
      "X": [
        0.4988334843153298,
        1.449523461023591,
        7.185255260151223
      ],
      "id": 91
    },
    {
      "X": [
        0.7393665949356143,
        1.4514243726679106,
        7.387818199029298
      ],
      "id": 92
    },
    {
      "X": [
        0.5487157116851513,
        1.4507108542194078,
        7.2123866585906935
      ],
      "id": 93
    },
    {
      "X": [
        0.9709594434590929,
        1.6659351713594288,
        7.539165130633444
      ],
      "id": 94
    },
    {
      "X": [
        -0.562488416049508,
        1.6314063591920926,
        7.823396693457228
      ],
      "id": 95
    },
    {
      "X": [
        -0.0015308346214678349,
        1.4871071171264363,
        7.173218954714968
      ],
      "id": 96
    },
    {
      "X": [
        0.5750858421847278,
        1.419603042641365,
        7.141609018631186
      ],
      "id": 97
    },
    {
      "X": [
        -0.08069508170078314,
        1.446249942070651,
        7.193620857353184
      ],
      "id": 98
    },
    {
      "X": [
        -0.07999024868974476,
        1.4607556214930366,
        7.189548191280595
      ],
      "id": 99
    },
    {
      "X": [
        0.08131848075965811,
        1.555287269956442,
        7.150227140944586
      ],
      "id": 100
    },
    {
      "X": [
        0.01501201805429075,
        1.429318869319952,
        7.110168815335673
      ],
      "id": 101
    },
    {
      "X": [
        -0.07285326664534013,
        1.4454979177349827,
        7.128362283487334
      ],
      "id": 102
    },
    {
      "X": [
        -0.47060152991020443,
        1.6280630452655354,
        7.807311441294225
      ],
      "id": 103
    },
    {
      "X": [
        -0.08043836231083579,
        1.4896034317326667,
        7.19153253816701
      ],
      "id": 104
    },
    {
      "X": [
        0.7685221524216705,
        1.5315625081723996,
        7.331139061531474
      ],
      "id": 105
    },
    {
      "X": [
        0.37057235198078614,
        1.7355340444290206,
        7.180848346248049
      ],
      "id": 106
    },
    {
      "X": [
        -0.021683636792567372,
        1.5566394871619675,
        7.1635965299509845
      ],
      "id": 107
    },
    {
      "X": [
        0.10703064903734727,
        1.4411531116100433,
        7.094491389181904
      ],
      "id": 108
    },
    {
      "X": [
        0.05823143185911976,
        1.5260311581923767,
        7.149431621514347
      ],
      "id": 109
    },
    {
      "X": [
        0.07799796331923296,
        1.5415636865875046,
        7.154764765057407
      ],
      "id": 110
    },
    {
      "X": [
        0.7773172638146956,
        1.405470137285238,
        7.066695064549867
      ],
      "id": 111
    },
    {
      "X": [
        0.08054997032545337,
        1.4838781988764518,
        7.154589466174812
      ],
      "id": 112
    },
    {
      "X": [
        0.0028706048199298984,
        1.5559024965122845,
        7.157950946337745
      ],
      "id": 113
    },
    {
      "X": [
        -0.1030938934077782,
        1.5607712681880985,
        7.190617221182485
      ],
      "id": 114
    },
    {
      "X": [
        0.2276028584926527,
        -3.2797034374638354,
        8.33699374913471
      ],
      "id": 115
    },
    {
      "X": [
        0.5932434439956458,
        1.725528628420198,
        7.1129036795608975
      ],
      "id": 116
    },
    {
      "X": [
        0.05826897880319541,
        1.455287322803966,
        7.155442328423647
      ],
      "id": 117
    },
    {
      "X": [
        -0.09264731732568673,
        1.4602745549688547,
        7.192677025640721
      ],
      "id": 118
    },
    {
      "X": [
        0.2565082648251299,
        1.7289114029411883,
        7.024812308059006
      ],
      "id": 119
    },
    {
      "X": [
        0.6827329397154577,
        1.5400567805249803,
        7.279978337907369
      ],
      "id": 120
    },
    {
      "X": [
        0.20408461953425264,
        -3.299637121568649,
        8.37045926864454
      ],
      "id": 121
    },
    {
      "X": [
        0.09742510528097673,
        1.4443484247263427,
        7.08916104222549
      ],
      "id": 122
    },
    {
      "X": [
        1.2230038255102267,
        1.7672364136945804,
        8.005179870570894
      ],
      "id": 123
    },
    {
      "X": [
        0.06642994498020445,
        1.556646931498783,
        7.156368761590324
      ],
      "id": 124
    },
    {
      "X": [
        -0.009789059453146242,
        1.5486674651133212,
        7.161112875176349
      ],
      "id": 125
    },
    {
      "X": [
        0.2603120233928616,
        0.7704165505169338,
        5.817337829211814
      ],
      "id": 126
    },
    {
      "X": [
        0.6148864621531579,
        1.4766910485889038,
        7.066151801204415
      ],
      "id": 127
    },
    {
      "X": [
        0.765652069698259,
        1.5126351344503872,
        7.141805729591197
      ],
      "id": 128
    },
    {
      "X": [
        0.5051507027031583,
        1.6778854230478213,
        8.593556744868199
      ],
      "id": 129
    },
    {
      "X": [
        0.7089118576672679,
        1.5371265990859415,
        7.31201132209734
      ],
      "id": 130
    },
    {
      "X": [
        0.4675470130510935,
