{
  "frame_001": {
    "R_w2c": [
      [
        1.0,
        0.0,
        0.0
      ],
      [
        0.0,
        1.0,
        0.0
      ],
      [
        0.0,
        0.0,
        1.0
      ]
    ],
    "t_w2c": [
      0.0,
      0.0,
      0.0
    ]
  },
  "frame_002": {
    "R_w2c": [
      [
        0.999707,
        0.023392,
        0.006249
      ],
      [
        -0.023381,
        0.999725,
        -0.001804
      ],
      [
        -0.006289,
        0.001657,
        0.999979
      ]
    ],
    "t_w2c": [
      0.7138798903230883,
      -0.07216663585228289,
      -0.6965398433126411
    ]
  },
  "frame_004": {
    "R_w2c": [
      [
        0.996951775048,
        0.076776019202,
        0.013877356864
      ],
      [
        -0.076889546163,
        0.997008594147,
        0.007861167087
      ],
      [
        -0.01323132192,
        -0.008904415356000001,
        0.999872838252
      ]
    ],
    "t_w2c": [
      0.14891708701433204,
      -0.11957464692513463,
      -1.532926815416691
    ]
  },
  "frame_005": {
    "R_w2c": [
      [
        0.994024654977,
        0.10912859578212285,
        -0.0023873701579815517
      ],
      [
        -0.10902672166747515,
        0.9936819716242112,
        0.026642686913530868
      ],
      [
        0.005281026864908183,
        -0.02622400291226475,
        0.9996425522561461
      ]
    ],
    "t_w2c": [
      0.7672288494020947,
      -0.05230495966672304,
      -2.323475680629775
    ]
  },
  "frame_008": {
    "R_w2c": [
      [
        0.9829601745431168,
        0.1611580658950411,
        -0.08841339179462289
      ],
      [
        -0.15904341647294576,
        0.9868006135877198,
        0.030497693081747986
      ],
      [
        0.09216277367365998,
        -0.015917191650732583,
        0.9956176728002676
      ]
    ],
    "t_w2c": [
      1.924562884430225,
      -0.10488024355117921,
      -2.524686902983923
    ]
  },
  "frame_009": {
    "R_w2c": [
      [
        0.9783893007735307,
        0.17771560810465425,
        -0.10569134498475923
      ],
      [
        -0.17481125940782308,
        0.9839360935354391,
        0.03620028487500674
      ],
      [
        0.11042828663589428,
        -0.016942454210595745,
        0.993740753131585
      ]
    ],
    "t_w2c": [
      2.535260410127325,
      -0.08648809472508215,
      -3.3101720723756776
    ]
  },
  "frame_012": {
    "R_w2c": [
      [
        0.9683312443089682,
        0.24184189493207175,
        0.06202587282758584
      ],
      [
        -0.24601834835600855,
        0.9665843636987286,
        0.07203082967628145
      ],
      [
        -0.04253145134812427,
        -0.08500986880470478,
        0.9954732671504559
      ]
    ],
    "t_w2c": [
      0.9474875097990155,
      -0.3511570691179036,
      -3.586749570620395
    ]
  },
  "frame_013": {
    "R_w2c": [
      [
        0.9571304789423182,
        0.28252173307450873,
        -0.06389270612813047
      ],
      [
        -0.2759325478813041,
        0.956417270939216,
        0.09553263788327068
      ],
      [
        0.08809941000987531,
        -0.07380764708736186,
        0.9933751953205558
      ]
    ],
    "t_w2c": [
      2.3792902663937974,
      -0.4888706579372517,
      -3.555236540050932
    ]
  },
  "frame_014": {
    "R_w2c": [
      [
        0.8666379149888113,
        0.31757053486714953,
        -0.38481974926550855
      ],
      [
        -0.2516797834606853,
        0.9442142838529459,
        0.2124059887255329
      ],
      [
        0.43080642540028635,
        -0.08722751247582093,
        0.8982202103065929
      ]
    ],
    "t_w2c": [
      4.337001909297227,
      -1.184104405119469,
      -2.3007624041007
    ]
  },
  "frame_015": {
    "R_w2c": [
      [
        0.8550693376949875,
        0.3423903103036809,
        -0.38939014953893264
      ],
      [
        -0.2750662157528837,
        0.9361248816042163,
        0.2191063651580877
      ],
      [
        0.43953872270281924,
        -0.08024328226332805,
        0.8946334315608004
      ]
    ],
    "t_w2c": [
      5.326329627665836,
      -1.2069384495510345,
      -2.1983196693676765
    ]
  },
  "frame_016": {
    "R_w2c": [
      [
        0.8373900477707903,
        0.3636510590471475,
        -0.40808752420480615
      ],
      [
        -0.29658848093452517,
        0.9294114937803328,
        0.2196106423210822
      ],
      [
        0.4591435800298331,
        -0.06286589584672907,
        0.8861364606881066
      ]
    ],
    "t_w2c": [
      5.8279205763625805,
      -1.1270114816329382,
      -2.9344153933582753
    ]
  },
  "frame_017": {
    "R_w2c": [
      [
        0.7996304833361555,
        0.3934394218247159,
        -0.45364871317428973
      ],
      [
        -0.32204199867565003,
        0.9186036126988185,
        0.22903060358297436
      ],
      [
        0.5068336716344937,
        -0.03704540827423041,
        0.8612493352593605
      ]
    ],
    "t_w2c": [
      6.859544192217138,
      -1.1254568192482748,
      -2.9870961755160144
    ]
  },
  "frame_018": {
    "R_w2c": [
      [
        0.7596291475831877,
        0.42828885733446725,
        -0.4894212857305934
      ],
      [
        -0.3564223681230768,
        0.9036209880001072,
        0.23754969923775093
      ],
      [
        0.5439918826915283,
        -0.006009057725760436,
        0.8390707621870725
      ]
    ],
    "t_w2c": [
      7.956010286527037,
      -1.3296658039238634,
      -2.5455706283627624
    ]
  },
  "frame_019": {
    "R_w2c": [
      [
        0.6524299954361445,
        0.46785478189063257,
        -0.5961944100162164
      ],
      [
        -0.39275521158591237,
        0.8815387905779518,
        0.2619744701312145
      ],
      [
        0.6481355965469541,
        0.0632383020367808,
        0.7588971351823872
      ]
    ],
    "t_w2c": [
      9.133705514149252,
      -1.7716105500713253,
      -1.0820861882159554
    ]
  },
  "frame_020": {
    "R_w2c": [
      [
        0.6467875481673352,
        0.48184689674324166,
        -0.5911776060170089
      ],
      [
        -0.4104514458357744,
        0.8732291452484755,
        0.26267682783153595
      ],
      [
        0.642804121651747,
        0.07275307895865955,
        0.7625706524046365
      ]
    ],
    "t_w2c": [
      8.933003670654767,
      -1.5910209660026406,
      -2.04788552483051
    ]
  },
  "frame_021": {
    "R_w2c": [
      [
        0.6604398155218644,
        0.4884430128686118,
        -0.5703015303909487
      ],
      [
        -0.4232953871265668,
        0.8695091968253978,
        0.2545054156996287
      ],
      [
        0.6201948674288383,
        0.0733196528733053,
        0.7810163229695687
      ]
    ],
    "t_w2c": [
      8.374217120769602,
      -1.165283751459537,
      -3.0435356160304687
    ]
  },
  "frame_022": {
    "R_w2c": [
      [
        0.625031761371943,
        0.513152333129124,
        -0.5882268138946053
      ],
      [
        -0.45225449319158684,
        0.8522512121672112,
        0.2629285682138707
      ],
      [
        0.6362404581022321,
        0.10168812301240582,
        0.7647626260389474
      ]
    ],
    "t_w2c": [
      9.380883751372734,
      -1.4186466440326309,
      -3.0894408147246013
    ]
  },
  "frame_024": {
    "R_w2c": [
      [
        0.4634054651633906,
        0.53472223813106,
        -0.7066322375942992
      ],
      [
        -0.4786129256744619,
        0.822135325153398,
        0.3082549265508582
      ],
      [
        0.7457786641920652,
        0.1953543768481718,
        0.6369101137983788
      ]
    ],
    "t_w2c": [
      10.686006169148252,
      -2.1486276030137272,
      -1.2214953029584996
    ]
  },
  "frame_025": {
    "R_w2c": [
      [
        0.3598620285032141,
        0.5537782843028405,
        -0.7508874511630748
      ],
      [
        -0.4957287557164613,
        0.7952895397821249,
        0.34894865098523237
      ],
      [
        0.790412856737276,
        0.24666110937161484,
        0.5607211152496447
      ]
    ],
    "t_w2c": [
      11.613461224945251,
      -2.6420281981699145,
      -0.2894750547725035
    ]
  },
  "frame_026": {
    "R_w2c": [
      [
        0.3173505946164087,
        0.5696340834383008,
        -0.7581611506719258
      ],
      [
        -0.5058144057367217,
        0.7779399753261949,
        0.3727722519689878
      ],
      [
        0.8021469587059258,
        0.26518782713475547,
        0.5350118659532372
      ]
    ],
    "t_w2c": [
      12.331694308281174,
      -2.4242326439745843,
      0.24717967739183036
    ]
  },
  "frame_027": {
    "R_w2c": [
      [
        0.2517824199002696,
        0.592744137511225,
        -0.7650250575494024
      ],
      [
        -0.5036202277731938,
        0.7552720697969659,
        0.4194392570769525
      ],
      [
        0.8264208114300304,
        0.27967301037026,
        0.4886845342269264
      ]
    ],
    "t_w2c": [
      13.074571993006929,
      -3.033267675237276,
      1.349266953869737
    ]
  },
  "frame_028": {
    "R_w2c": [
      [
        0.2566208108822751,
        0.5937629424006868,
        -0.7626236605799337
      ],
      [
        -0.4830437603076858,
        0.7622228521448495,
        0.43090934329445224
      ],
      [
        0.8371457856437562,
        0.25779920846500604,
        0.4824190932677819
      ]
    ],
    "t_w2c": [
      13.112374101406033,
      -2.758423302631674,
      0.37992881709599624
    ]
  },
  "frame_029": {
    "R_w2c": [
      [
        0.12361509898141411,
        0.5927558878031126,
        -0.7958423461428161
      ],
      [
        -0.4870350570597501,
        0.7349920601230095,
        0.47178575319410176
      ],
      [
        0.86458954296009,
        0.32928204123594607,
        0.3795518592304575
      ]
    ],
    "t_w2c": [
      13.792046646476404,
      -3.2787707269552526,
      1.9428582409659778
    ]
  },
  "frame_030": {
    "R_w2c": [
      [
        0.02793066696350473,
        0.5850385403563663,
        -0.8105283916344725
      ],
      [
        -0.4902429585642134,
        0.7146464996025268,
        0.4989389777339361
      ],
      [
        0.8711374434350457,
        0.38341944897806507,
        0.30677387277493295
      ]
    ],
    "t_w2c": [
      14.433992849420154,
      -3.767632264757707,
      3.2778194642648275
    ]
  },
  "frame_031": {
    "R_w2c": [
      [
        -0.053663477822352375,
        0.5735302874908872,
        -0.8174286715605508
      ],
      [
        -0.4959873483115085,
        0.6951731411664409,
        0.5203152347909156
      ],
      [
        0.8666688332750134,
        0.4333557523295382,
        0.2471601087501804
      ]
    ],
    "t_w2c": [
      14.99783623170202,
      -4.205545037019402,
      4.129421574966703
    ]
  },
  "frame_032": {
    "R_w2c": [
      [
        -0.12446791596694635,
        0.5627979388491383,
        -0.8171739275641218
      ],
      [
        -0.49969847833421804,
        0.6759530227657514,
        0.5416516559071161
      ],
      [
        0.8572089709131991,
        0.47575809205046754,
        0.19709612254265227
      ]
    ],
    "t_w2c": [
      15.555224771108875,
      -4.510750163614254,
      4.976046039995243
    ]
  },
  "frame_033": {
    "R_w2c": [
      [
        -0.1954062627975453,
        0.5517579641934865,
        -0.8107942742861162
      ],
      [
        -0.4994122349837059,
        0.655523091708856,
        0.5664586946969868
      ],
      [
        0.8440387006471944,
        0.5156090299489962,
        0.14746147610432095
      ]
    ],
    "t_w2c": [
      16.033255408269056,
      -5.044342510287033,
      6.125133641850068
    ]
  },
  "frame_034": {
    "R_w2c": [
      [
        -0.2135472374993594,
        0.5677995735936642,
        -0.7949899721896003
      ],
      [
        -0.49568834757929847,
        0.6382501001281575,
        0.5890070041415445
      ],
      [
        0.8418364055961245,
        0.5198467664872539,
        0.14515450230930815
      ]
    ],
    "t_w2c": [
      16.352888439219125,
      -5.484404024475958,
      5.320439305340673
    ]
  },
  "frame_035": {
    "R_w2c": [
      [
        -0.35219010870263306,
        0.5216653320892661,
        -0.7770675529504663
      ],
      [
        -0.48500011682508976,
        0.6083603260452832,
        0.6282295716091989
      ],
      [
        0.8004599444943578,
        0.5981328115066867,
        0.0387475822834373
      ]
    ],
    "t_w2c": [
      16.161101911844,
      -6.20501176647081,
      7.429320914677679
    ]
  },
  "frame_037": {
    "R_w2c": [
      [
        -0.3555517649503989,
        0.534525716260291,
        -0.7667276332512855
      ],
      [
        -0.4765434974756182,
        0.6020172836959757,
        0.640688997968777
      ],
      [
        0.8040447835706758,
        0.5931753988567914,
        0.040674526120499536
      ]
    ],
    "t_w2c": [
      16.15523116435976,
      -6.485986082776,
      6.367510853401133
    ]
  },
  "frame_038": {
    "R_w2c": [
      [
        -0.4260898560130989,
        0.514831180171194,
        -0.7439098871525001
      ],
      [
        -0.47032188567704264,
        0.5763711631924331,
        0.6682771791433996
      ],
      [
        0.7728156358444564,
        0.6346210860694395,
        -0.0034519495004137605
      ]
    ],
    "t_w2c": [
      16.31076941288956,
      -7.049844881511557,
      6.87403917152929
    ]
  },
  "frame_039": {
    "R_w2c": [
      [
        -0.4999540140809433,
        0.48771704893984374,
        -0.7156700420147695
      ],
      [
        -0.46237703256735524,
        0.5484084998984833,
        0.696746976459483
      ],
      [
        0.7322928845349909,
        0.6792486945667415,
        -0.04867291569287606
      ]
    ],
    "t_w2c": [
      16.34649469362745,
      -7.483625581646493,
      7.552531183163821
    ]
  },
  "frame_040": {
    "R_w2c": [
      [
        -0.5237547986837195,
        0.501520326049298,
        -0.6885952438888439
      ],
      [
        -0.4550255138419606,
        0.5186471155996188,
        0.7238498053707512
      ],
      [
        0.7201613087196785,
        0.692446223497377,
        -0.04344294611475953
      ]
    ],
    "t_w2c": [
      16.940819431470402,
      -8.198354036592596,
      7.282807496467207
    ]
  },
  "frame_041": {
    "R_w2c": [
      [
        -0.6038643421437998,
        0.46655106830308773,
        -0.6462837740600182
      ],
      [
        -0.43856652727649337,
        0.4825633060371237,
        0.7581515968810353
      ],
      [
        0.6655868905092378,
        0.7412576308421728,
        -0.0867932078548147
      ]
    ],
    "t_w2c": [
      16.837523585080405,
      -9.17467819232349,
      8.660900443596901
    ]
  },
  "frame_042": {
    "R_w2c": [
      [
        -0.6507454394473806,
        0.4700231484746317,
        -0.5963317122089926
      ],
      [
        -0.4107331747557506,
        0.44263657781141147,
        0.7971033702370091
      ],
      [
        0.6386129341870519,
        0.7636436029369392,
        -0.09499431552778716
      ]
    ],
    "t_w2c": [
      16.87211524750908,
      -10.159153628500677,
      8.657781513473491
    ]
  },
  "frame_043": {
    "R_w2c": [
      [
        -0.6656936466134485,
        0.459865415080624,
        -0.5876884895019806
      ],
      [
        -0.3997353181499703,
        0.4452632074820579,
        0.80122148498171
      ],
      [
        0.6301273906005247,
        0.768286586799209,
        -0.11258999693957861
      ]
    ],
    "t_w2c": [
      16.639330006569946,
      -10.08836653225277,
      8.058731162800242
    ]
  },
  "frame_044": {
    "R_w2c": [
      [
        -0.5964855917613154,
        0.4642235803975676,
        -0.654756202300154
      ],
      [
        0.673990251454235,
        0.7326648654712596,
        -0.09455395160623413
      ],
      [
        0.43581999048033593,
        -0.4976930647972272,
        -0.7499098352726286
      ]
    ],
    "t_w2c": [
      17.774215406351257,
      6.570344507665881,
      9.246360389321508
    ]
  },
  "frame_045": {
    "R_w2c": [
      [
        -0.6159797244956103,
        0.5620927831946535,
        -0.5519272289952818
      ],
      [
        0.6670729884788013,
        0.7448598777239724,
        0.014085227336794643
      ],
      [
        0.4190232559548528,
        -0.3594930595214103,
        -0.8337795281769108
      ]
    ],
    "t_w2c": [
      17.538712949972755,
      5.099751926531166,
      12.073621995297247
    ]
  },
  "frame_046": {
    "R_w2c": [
      [
        -0.6073491956584717,
        0.5792829820143348,
        -0.5436557187193817
      ],
      [
        0.6752700518174708,
        0.7369268483962423,
        0.030831618994367097
      ],
      [
        0.4184922542057711,
        -0.34838192299965887,
        -0.8387484334248683
      ]
    ],
    "t_w2c": [
      17.586941756290486,
      5.049560590446243,
      11.350793379152694
    ]
  },
  "frame_048": {
    "R_w2c": [
      [
        -0.5359199828303578,
        0.6228492844645285,
        -0.5699586542174359
      ],
      [
        0.7386378735708345,
        0.6728687066590318,
        0.040778692084953404
      ],
      [
        0.40890299099842325,
        -0.39913222428411527,
        -0.820668084631908
      ]
    ],
    "t_w2c": [
      18.467175621820292,
      3.8396520995000336,
      11.493585027587587
    ]
  },
  "frame_049": {
    "R_w2c": [
      [
        -0.5419968235442911,
        0.606065592313749,
        -0.5821754745246503
      ],
      [
        0.7384938338367167,
        0.6741106418459804,
        0.014240778318642044
      ],
      [
        0.40107750682803445,
        -0.4222077105044536,
        -0.8129457552939905
      ]
    ],
    "t_w2c": [
      18.51589348715897,
      4.250709409796112,
      12.130766893774105
    ]
  },
  "frame_051": {
    "R_w2c": [
      [
        -0.4720960334589178,
        0.7937874815670732,
        -0.3834429329190294
      ],
      [
        0.8409792071742584,
        0.5359672242356035,
        0.07411215385356065
      ],
      [
        0.2643395926189149,
        -0.28747351129181137,
        -0.9205927145677292
      ]
    ],
    "t_w2c": [
      16.95568316949939,
      1.4770836948216184,
      15.947816228745392
    ]
  },
  "frame_052": {
    "R_w2c": [
      [
        -0.4579111427452009,
        0.8372475340702346,
        -0.2988879878195809
      ],
      [
        0.8620023199984899,
        0.5003840640755001,
        0.08103782652503262
      ],
      [
        0.21740499723996903,
        -0.22052807040717165,
        -0.9508475658735304
      ]
    ],
    "t_w2c": [
      16.512526217754033,
      0.7480896349182641,
      17.584592366693208
    ]
  },
  "frame_053": {
    "R_w2c": [
      [
        -0.4970646694890211,
        0.8086733010983258,
        -0.3146022192523947
      ],
      [
        0.8327630853559621,
        0.5464502057312992,
        0.08886996499592435
      ],
      [
        0.24377893266527978,
        -0.21780894599514103,
        -0.9450608622989682
      ]
    ],
    "t_w2c": [
      16.826759326393617,
      1.1896551118832084,
      18.393987950221085
    ]
  },
  "frame_054": {
    "R_w2c": [
      [
        -0.4924932655128861,
        0.8494111985337228,
        -0.1896023356057331
      ],
      [
        0.8490646651734949,
        0.516777644356879,
        0.1096763773999374
      ],
      [
        0.19114101991375387,
        -0.10696393012744189,
        -0.9757223825826553
      ]
    ],
    "t_w2c": [
      15.38772919208118,
      0.47734491341432483,
      20.196106306435823
    ]
  },
  "frame_055": {
    "R_w2c": [
      [
        -0.46574278775629374,
        0.8682602466705891,
        -0.1708991890043758
      ],
      [
        0.8627044270126735,
        0.4885065726881546,
        0.13077203857239503
      ],
      [
        0.19702824913501113,
        -0.08652349393383506,
        -0.9765773535544207
      ]
    ],
    "t_w2c": [
      16.082301257220024,
      -0.42957903886334886,
      20.49447537876168
    ]
  },
  "frame_056": {
    "R_w2c": [
      [
        -0.43685900082520024,
        0.8941860343642029,
        -0.09789587884654219
      ],
      [
        0.884795684658091,
        0.4467707151614943,
        0.13240733640780605
      ],
      [
        0.16213247088782026,
        -0.028768504178487274,
        -0.9863554429425625
      ]
    ],
    "t_w2c": [
      15.597600655516977,
      -1.2453703562426013,
      21.53484462261634
    ]
  },
  "frame_057": {
    "R_w2c": [
      [
        -0.40245999392190984,
        0.9144319989738967,
        -0.04286468715598337
      ],
      [
        0.9045201379500917,
        0.40443832363734966,
        0.13517622513358393
      ],
      [
        0.14094398125591648,
        0.015636711830427235,
        -0.9898999367911787
      ]
    ],
    "t_w2c": [
      15.349978262168094,
      -1.9423365507960813,
      21.858084509063183
    ]
  },
  "frame_058": {
    "R_w2c": [
      [
        -0.3349312726002334,
        0.8663000578253377,
        0.3705956390240617
      ],
      [
        0.9409833374536274,
        0.28722426673758383,
        0.1790277788141063
      ],
      [
        0.04864894192014654,
        0.4086897431889197,
        -0.9113837115893673
      ]
    ],
    "t_w2c": [
      6.017927891406385,
      -4.595805095217367,
      26.064698864063068
    ]
  },
  "frame_059": {
    "R_w2c": [
      [
        -0.290163219759796,
        0.8781919776502027,
        0.3802381490482603
      ],
      [
        0.9553283910429152,
        0.24252386559657046,
        0.16890290168222707
      ],
      [
        0.05611334431441903,
        0.41226441376526607,
        -0.909342788089651
      ]
    ],
    "t_w2c": [
      6.471161017336321,
      -5.262066905681231,
      26.70314240097114
    ]
  },
  "frame_060": {
    "R_w2c": [
      [
        -0.2488033567140899,
        0.8948921499165755,
        0.37048985074308427
      ],
      [
        0.9663156573342794,
        0.2033742754601099,
        0.15770752469730204
      ],
      [
        0.0657833188292682,
        0.39725043956042333,
        -0.9153571737690688
      ]
    ],
    "t_w2c": [
      5.917352113535838,
      -5.560086954034253,
      25.97873769826647
    ]
  },
  "frame_061": {
    "R_w2c": [
      [
        -0.20478926154283308,
        0.8716473467334611,
        0.44529832345402914
      ],
      [
        0.9774944141537082,
        0.15860321127978613,
        0.13909619162649706
      ],
      [
        0.050617596136375335,
        0.46376328818938506,
        -0.8845203037159002
      ]
    ],
    "t_w2c": [
      4.616962471406079,
      -5.869303219005656,
      25.99482390803228
    ]
  },
  "frame_062": {
    "R_w2c": [
      [
        -0.15288441859725946,
        0.8452048340632538,
        0.5121088470695526
      ],
      [
        0.987270901851176,
        0.10765964506196782,
        0.11706161885376169
      ],
      [
        0.04380872077612386,
        0.5234881702575949,
        -0.8509147158102379
      ]
    ],
    "t_w2c": [
      3.479066980840961,
      -6.240919511033155,
      26.10463819309613
    ]
  },
  "frame_063": {
    "R_w2c": [
      [
        -0.08975377494602198,
        0.8169847718373425,
        0.5696336325469512
      ],
      [
        0.9949569072262857,
        0.04786453935209222,
        0.08812866015615203
      ],
      [
        0.04473606437539808,
        0.5746714609520941,
        -0.817168990424287
      ]
    ],
    "t_w2c": [
      2.43711860818451,
      -6.765606678644968,
      26.370093316369676
    ]
  },
  "frame_064": {
    "R_w2c": [
      [
        -0.024571100984611866,
        0.7561169656350848,
        0.653977660927012
      ],
      [
        0.9989188463733305,
        -0.0072225888431022645,
        0.04588880492196161
      ],
      [
        0.03942226440068954,
        0.6543975634874047,
        -0.7551302897350547
      ]
    ],
    "t_w2c": [
      0.25851281287402494,
      -6.867608594099444,
      26.221374183617684
    ]
  },
  "frame_065": {
    "R_w2c": [
      [
        0.04254363174359847,
        0.6872539672882002,
        0.7251734135766337
      ],
      [
        0.9981814439779731,
        -0.06022809029272437,
        -0.0014767551441989546
      ],
      [
        0.04266313315678617,
        0.7239161002893254,
        -0.6885747050642576
      ]
    ],
    "t_w2c": [
      -1.8033463118825444,
      -6.7378611377452815,
      25.78440873945905
    ]
  },
  "frame_066": {
    "R_w2c": [
      [
        0.12078774390809649,
        0.5827960150772694,
        0.8035952705772199
      ],
      [
        0.9916375028176184,
        -0.10787042354880393,
        -0.07081697788809237
      ],
      [
        0.045414949190083334,
        0.8054269005324103,
        -0.590959543654783
      ]
    ],
    "t_w2c": [
      -4.644895761725408,
      -6.41102379337632,
      25.56872720458646
    ]
  },
  "frame_067": {
    "R_w2c": [
      [
        0.18419205458540844,
        0.4764714423796465,
        0.8596845198737187
      ],
      [
        0.9824051105903603,
        -0.11667574207333534,
        -0.14581719737373117
      ],
      [
        0.030829431463349877,
        0.8714134948778458,
        -0.4895854648398746
      ]
    ],
    "t_w2c": [
      -7.080449589807018,
      -5.34857582664269,
      25.299113357867366
    ]
  },
  "frame_068": {
    "R_w2c": [
      [
        0.24119437528139182,
        0.4043242876500465,
        0.882245408186499
      ],
      [
        0.9700928067866088,
        -0.1259452762562798,
        -0.2074912246416037
      ],
      [
        0.027223536658864428,
        0.9059023109155939,
        -0.4226156577409301
      ]
    ],
    "t_w2c": [
      -8.291037384917217,
      -4.652764154479003,
      24.502433793874772
    ]
  },
  "frame_069": {
    "R_w2c": [
      [
        0.3226218252611167,
        0.3409096646835709,
        0.8830099637780285
      ],
      [
        0.9463441006624357,
        -0.13446425743068877,
        -0.2938498816272547
      ],
      [
        0.01855977919887007,
        0.9304291411721336,
        -0.36600506521224185
      ]
    ],
    "t_w2c": [
      -9.238438305332128,
      -3.7567275622784617,
      24.446397931790163
    ]
  },
  "frame_070": {
    "R_w2c": [
      [
        0.41993970392939417,
        0.3066306613338404,
        0.8541893302799709
      ],
      [
        0.9074337380564498,
        -0.12681051835457458,
        -0.4005987305604809
      ],
      [
        -0.014512366360429243,
        0.9433431066426791,
        -0.33150531283417184
      ]
    ],
    "t_w2c": [
      -9.47169717188168,
      -1.8230786618447965,
      25.14806063587656
    ]
  },
  "frame_071": {
    "R_w2c": [
      [
        0.47744811170350787,
        0.3476000240135854,
        0.8069866080910182
      ],
      [
        0.8743567910876479,
        -0.09718918484840834,
        -0.4754492171333244
      ],
      [
        -0.08683216051531707,
        0.9325919625472806,
        -0.35033573666469336
      ]
    ],
    "t_w2c": [
      -8.229159372698764,
      -0.0861914329603024,
      26.61651823225105
    ]
  },
  "frame_072": {
    "R_w2c": [
      [
        0.5414121840879171,
        0.23267668016094106,
        0.8079259665471878
      ],
      [
        0.8393725326035952,
        -0.09449645086170418,
        -0.5352786900843767
      ],
      [
        -0.04819659026980172,
        0.9679516537807059,
        -0.2464694119847692
      ]
    ],
    "t_w2c": [
      -10.248973447356553,
      0.7851348374094462,
      25.61998976715964
    ]
  },
  "frame_073": {
    "R_w2c": [
      [
        0.5490225775875999,
        0.09367038707065431,
        0.830548716964322
      ],
      [
        0.831807239916789,
        -0.15831021083010183,
        -0.5320086101829817
      ],
      [
        0.08165372242371614,
        0.9829354047536137,
        -0.164835535301493
      ]
    ],
    "t_w2c": [
      -12.74369566944825,
      -0.6924765143589734,
      23.87336401115422
    ]
  },
  "frame_074": {
    "R_w2c": [
      [
        0.5524662656120953,
        0.010009085728400268,
        0.8334816798863388
      ],
      [
        0.8186718815413326,
        -0.19449053126140356,
        -0.5403229641968602
      ],
      [
        0.15669809647365257,
        0.9808522844054745,
        -0.11564669333825035
      ]
    ],
    "t_w2c": [
      -13.750924630806427,
      -1.2432064084925054,
      22.3375723433904
    ]
  },
  "frame_075": {
    "R_w2c": [
      [
        0.5620361354720449,
        -0.0425922799541083,
        0.8260218388682793
      ],
      [
        0.8082279009239894,
        -0.1838915637594893,
        -0.5594204306345115
      ],
      [
        0.17572720259118801,
        0.9820220156821112,
        -0.06893305089918958
      ]
    ],
    "t_w2c": [
      -13.937231668091068,
      -0.5197628317690908,
      21.296115277225194
    ]
  },
  "frame_076": {
    "R_w2c": [
      [
        0.5556723403968878,
        -0.2168115063877779,
        0.8026400141914687
      ],
      [
        0.7963487388659379,
        -0.13855614345378356,
        -0.588754960138982
      ],
      [
        0.23886098458153443,
        0.9663292511004774,
        0.09566347796677921
      ]
    ],
    "t_w2c": [
      -16.413712728141853,
      0.6156453227528846,
      18.632921771873455
    ]
  },
  "frame_077": {
    "R_w2c": [
      [
        0.5570533908588455,
        -0.29417830317118715,
        0.7766336721154473
      ],
      [
        0.7870671131130774,
        -0.11136574179907888,
        -0.6067337595026815
      ],
      [
        0.2649798600715105,
        0.9492385514592959,
        0.16949975674735707
      ]
    ],
    "t_w2c": [
      -16.89511907487058,
      1.298248860902969,
      17.738093791782777
    ]
  },
  "frame_078": {
    "R_w2c": [
      [
        0.5516733825393579,
        -0.38400408406727693,
        0.740408960911093
      ],
      [
        0.7824116437947619,
        -0.06925425258285084,
        -0.6189010394539178
      ],
      [
        0.28893827275847317,
        0.9207288366956945,
        0.2622437985175579
      ]
    ],
    "t_w2c": [
      -17.464244704217514,
      2.098683945445524,
      16.098899940310034
    ]
  },
  "frame_079": {
    "R_w2c": [
      [
        0.5649487351274697,
        -0.4495534844853969,
        0.6919105829782037
      ],
      [
        0.7661798486946582,
        -0.02542671887001966,
        -0.6421255375245807
      ],
      [
        0.3062644619673297,
        0.8928896171252823,
        0.33007531244310173
      ]
    ],
    "t_w2c": [
      -17.45140109645416,
      3.2283039329704515,
      14.558682349234246
    ]
  },
  "frame_080": {
    "R_w2c": [
      [
        0.5816141101033433,
        -0.5016422508595121,
        0.6403785607890702
      ],
      [
        0.741205029361838,
        0.0024622977668638337,
        -0.6712768772233653
      ],
      [
        0.3351656953049533,
        0.865069762167455,
        0.3732530699113502
      ]
    ],
    "t_w2c": [
      -17.120987317006744,
      3.9504087100488565,
      13.502334491063355
    ]
  },
  "frame_081": {
    "R_w2c": [
      [
        0.5839903206477821,
        -0.5783588118353565,
        0.5696136613850081
      ],
      [
        0.7164906560916442,
        0.03742417466386813,
        -0.6965955971851138
      ],
      [
        0.3815657864478394,
        0.8149217745115274,
        0.43624580866219026
      ]
    ],
    "t_w2c": [
      -17.097127809259796,
      4.733582269904716,
      11.845128957986137
    ]
  },
  "frame_082": {
    "R_w2c": [
      [
        0.5960958218671641,
        -0.6223130031391437,
        0.5073439642027192
      ],
      [
        0.6870901130229307,
        0.06845092056609653,
        -0.7233451604421248
      ],
      [
        0.415419468064459,
        0.7797673390756252,
        0.4683905430269617
      ]
    ],
    "t_w2c": [
      -16.548726716510185,
      5.4731590516083894,
      10.552364273242294
    ]
  },
  "frame_083": {
    "R_w2c": [
      [
        0.5911705435295438,
        -0.6842622619997827,
        0.4269686051730659
      ],
      [
        0.6603874802075469,
        0.10674954062316751,
        -0.7433039193459109
      ],
      [
        0.4630364368701811,
        0.7213774826146895,
        0.5149883815258085
      ]
    ],
    "t_w2c": [
      -16.116652953206028,
      6.415564746164867,
      8.978898366028835
    ]
  },
  "frame_084": {
    "R_w2c": [
      [
        0.5802725374456189,
        -0.7436127202625634,
        0.3321469432773884
      ],
      [
        0.6305998060531256,
        0.1521594539996676,
        -0.7610523402280841
      ],
      [
        0.5153880888840144,
        0.6510639275435327,
        0.5572193921530662
      ]
    ],
    "t_w2c": [
      -15.543604432436101,
      7.173899106530276,
      7.339885203209142
    ]
  },
  "frame_085": {
    "R_w2c": [
      [
        0.5798742646853786,
        -0.7344106747306047,
        0.35268328089464707
      ],
      [
        0.639305789722676,
        0.14185942147462538,
        -0.7557598254538078
      ],
      [
        0.5050058198241091,
        0.6637113827801208,
        0.5517772157780128
      ]
    ],
    "t_w2c": [
      -15.105856714042645,
      6.524347263099242,
      8.407411617005625
    ]
  },
  "frame_086": {
    "R_w2c": [
      [
        0.595919674258961,
        -0.7479488496461294,
        0.29231854996577344
      ],
      [
        0.6108868859458936,
        0.18595887419294369,
        -0.7695749790336367
      ],
      [
        0.5212423178371162,
        0.6371723104636837,
        0.5677328923682523
      ]
    ],
    "t_w2c": [
      -14.304303739118783,
      7.430783578961455,
      7.138325567790131
    ]
  },
  "frame_087": {
    "R_w2c": [
      [
        0.5748012815238022,
        -0.8003225860312739,
        0.17053623741999072
      ],
      [
        0.5759095061361004,
        0.2476160870742963,
        -0.779117985859419
      ],
      [
        0.5813170494225947,
        0.5460455886374869,
        0.6032487780004261
      ]
    ],
    "t_w2c": [
      -13.471985464654967,
      8.361943560690747,
      5.342299472749484
    ]
  },
  "frame_088": {
    "R_w2c": [
      [
        0.5904363921388482,
        -0.7992301006122324,
        0.11229498005636582
      ],
      [
        0.534952743971391,
        0.2833734407593776,
        -0.7959495264755411
      ],
      [
        0.6043244088755126,
        0.5300245976553638,
        0.594870214141824
      ]
    ],
    "t_w2c": [
      -12.154140495229907,
      8.931789472418762,
      5.359860210901718
    ]
  },
  "frame_089": {
    "R_w2c": [
      [
        0.5901099765881336,
        -0.8021733706809944,
        0.09100477408417872
      ],
      [
        0.5250002711218962,
        0.2956757100743356,
        -0.7980979896733686
      ],
      [
        0.6133039988879934,
        0.5187389072253281,
        0.5956286399916968
      ]
    ],
    "t_w2c": [
      -11.232445224017289,
      8.75559873150062,
      4.821808059634008
    ]
  },
  "frame_090": {
    "R_w2c": [
      [
        0.5106721599312409,
        -0.8549616032082238,
        -0.09081288467513648
      ],
      [
        0.45724040052652576,
        0.359518791670258,
        -0.8134428894448452
      ],
      [
        0.7281088468503764,
        0.3738767556190988,
        0.5745259650375337
      ]
    ],
    "t_w2c": [
      -10.144214912675286,
      9.906316508322154,
      3.013943796452245
    ]
  },
  "frame_091": {
    "R_w2c": [
      [
        0.45202637337411333,
        -0.8685259680577511,
        -0.20329214869557907
      ],
      [
        0.4183323355479391,
        0.40770475180568894,
        -0.8116577075874952
      ],
      [
        0.7878250444897903,
        0.28184535279687334,
        0.5476314102617713
      ]
    ],
    "t_w2c": [
      -8.896545301154754,
      10.845477314829322,
      2.211523585916761
    ]
  },
  "frame_092": {
    "R_w2c": [
      [
        0.4436795232802187,
        -0.8576353445349576,
        -0.26000751591436544
      ],
      [
        0.3816114750197592,
        0.4433139700315366,
        -0.811085603068331
      ],
      [
        0.8108759721068426,
        0.2606386360906965,
        0.5239781357439801
      ]
    ],
    "t_w2c": [
      -7.486204655190359,
      11.024888189523345,
      2.3258444031568084
    ]
  },
  "frame_093": {
    "R_w2c": [
      [
        0.41809803626857384,
        -0.8449806368229434,
        -0.3334601350447397
      ],
      [
        0.3656039304309126,
        0.49256911926879743,
        -0.7897611943931854
      ],
      [
        0.8315808247800233,
        0.20828202681690744,
        0.5148766385523217
      ]
    ],
    "t_w2c": [
      -6.09270247169182,
      11.244943441882054,
      2.2236375176723
    ]
  },
  "frame_094": {
    "R_w2c": [
      [
        0.36192348155653453,
        -0.8319343557395464,
        -0.4205849469969288
      ],
      [
        0.3460111193268305,
        0.5388305850398909,
        -0.7680826720837154
      ],
      [
        0.8656127830523287,
        0.1324598831417386,
        0.4828802168945387
      ]
    ],
    "t_w2c": [
      -4.653884630914902,
      11.69409343457616,
      1.5856975874914543
    ]
  },
  "frame_095": {
    "R_w2c": [
      [
        0.29473660619819975,
        -0.8095800457505071,
        -0.5076479734254197
      ],
      [
        0.33805216729176796,
        0.5852326388784718,
        -0.737045412986338
      ],
      [
        0.8937830679097564,
        0.045623880271253255,
        0.4461761418078408
      ]
    ],
    "t_w2c": [
      -3.128459617345686,
      11.946351508085828,
      0.9827037716614673
    ]
  },
  "frame_096": {
    "R_w2c": [
      [
        0.27118494765434525,
        -0.7811058163591861,
        -0.5624322751798572
      ],
      [
        0.32277460930055596,
        0.6242939504819315,
        -0.7113963596969339
      ],
      [
        0.9067922618162255,
        0.011383048562845645,
        0.421426988703974
      ]
    ],
    "t_w2c": [
      -1.5859823086286349,
      12.09929025782439,
      0.7554182546891428
    ]
  },
  "frame_097": {
    "R_w2c": [
      [
        0.2411863702875656,
        -0.7436277140075808,
        -0.6235759026786329
      ],
      [
        0.3095906393657807,
        0.6679284140322815,
        -0.6767833626871598
      ],
      [
        0.9197715028318465,
        -0.02981927537873461,
        0.39132250146762304
      ]
    ],
    "t_w2c": [
      0.05579686280998341,
      12.15774380968293,
      0.4945097945401824
    ]
  },
  "frame_098": {
    "R_w2c": [
      [
        0.18718843797659562,
        -0.6924031866113567,
        -0.696807630910397
      ],
      [
        0.29661494880439243,
        0.7160751171219893,
        -0.6318742178831203
      ],
      [
        0.9364700906612321,
        -0.08840084837537242,
        0.3394255704127938
      ]
    ],
    "t_w2c": [
      1.6052115384243244,
      12.419132341287662,
      -0.051232638282990954
    ]
  },
  "frame_099": {
    "R_w2c": [
      [
        0.06794570665443622,
        -0.617665423159765,
        -0.7835046896836991
      ],
      [
        0.24742180639001596,
        0.7712163994877841,
        -0.5865295417241734
      ],
      [
        0.9665205423812848,
        -0.1540001151891661,
        0.20523147839590794
      ]
    ],
    "t_w2c": [
      3.4701686853494302,
      12.472670260012974,
      0.7241462107081031
    ]
  },
  "frame_100": {
    "R_w2c": [
      [
        0.011270254804597693,
        -0.5471910504949571,
        -0.8369370225281518
      ],
      [
