{
  "frame_001": {
    "R_w2c": [
      [
        1.0,
        0.0,
        0.0
      ],
      [
        0.0,
        1.0,
        0.0
      ],
      [
        0.0,
        0.0,
        1.0
      ]
    ],
    "t_w2c": [
      0.0,
      0.0,
      0.0
    ]
  },
  "frame_003": {
    "R_w2c": [
      [
        0.999941,
        0.001733,
        0.010705
      ],
      [
        -0.001584,
        0.999902,
        -0.013896
      ],
      [
        -0.010728,
        0.013878,
        0.999846
      ]
    ],
    "t_w2c": [
      -0.9985936133914075,
      -0.05158214419675739,
      -0.012248019682212239
    ]
  },
  "frame_004": {
    "R_w2c": [
      [
        0.9997524583099999,
        0.001587068416,
        0.022174765678000002
      ],
      [
        -0.0010377798579999998,
        0.9996934938659999,
        -0.024715909628
      ],
      [
        -0.022207149656,
        0.024686350577999998,
        0.9994487894
      ]
    ],
    "t_w2c": [
      -1.9950386627914116,
      -0.055137830895609016,
      -0.08622141609108395
    ]
  },
  "frame_005": {
    "R_w2c": [
      [
        0.9995211212283586,
        0.005055837908702018,
        0.03050759257335927
      ],
      [
        -0.0038309088061732276,
        0.9991907462126722,
        -0.040037978865205784
      ],
      [
        -0.030685490637917714,
        0.03990148872340169,
        0.9987325009532481
      ]
    ],
    "t_w2c": [
      -2.7668916451913317,
      -0.10888124010289438,
      -0.7039945370316569
    ]
  },
  "frame_006": {
    "R_w2c": [
      [
        0.9988156713069845,
        0.012438276308293382,
        0.047021308794683934
      ],
      [
        -0.009853265585362186,
        0.9984497977599089,
        -0.054780903495005126
      ],
      [
        -0.047630203155615204,
        0.054252463924583216,
        0.9973912140746268
      ]
    ],
    "t_w2c": [
      -3.7531052978654733,
      -0.14003424792715863,
      -0.8767994581084484
    ]
  },
  "frame_007": {
    "R_w2c": [
      [
        0.9974898903887451,
        0.0206880977279795,
        0.06770557245537179
      ],
      [
        -0.016391702090557035,
        0.9978537465466832,
        -0.06339146396640649
      ],
      [
        -0.06887221062641438,
        0.06212213811915202,
        0.9956900702437379
      ]
    ],
    "t_w2c": [
      -4.760719926205054,
      -0.03671113731871161,
      -0.667972341498018
    ]
  },
  "frame_008": {
    "R_w2c": [
      [
        0.9945820276215749,
        0.025325155588701017,
        0.10081397341683596
      ],
      [
        -0.019067605261125522,
        0.9978593308898656,
        -0.06254847072387447
      ],
      [
        -0.10218246533083489,
        0.06028669665229329,
        0.9929380926166634
      ]
    ],
    "t_w2c": [
      -5.731741885575976,
      -0.053693583290479505,
      -0.8153481421451467
    ]
  },
  "frame_009": {
    "R_w2c": [
      [
        0.9897011559979505,
        0.022923072520703795,
        0.14129701156112529
      ],
      [
        -0.015294064117925504,
        0.9983779422073593,
        -0.05483365203059424
      ],
      [
        -0.14232513892975246,
        0.05210692480865578,
        0.9884486479825807
      ]
    ],
    "t_w2c": [
      -6.731557585819361,
      0.09042899706823924,
      -0.7384825798496961
    ]
  },
  "frame_010": {
    "R_w2c": [
      [
        0.9852544284417457,
        0.014292139425064215,
        0.17049623062342148
      ],
      [
        -0.007163752500702748,
        0.9990775188711842,
        -0.04233960859739971
      ],
      [
        -0.17094356196716992,
        0.04049307283891837,
        0.9844495065021552
      ]
    ],
    "t_w2c": [
      -7.7421052110823165,
      0.03978682732046543,
      -0.6718060291155826
    ]
  },
  "frame_011": {
    "R_w2c": [
      [
        0.9810910869681282,
        0.004241877262598035,
        0.1934972377203534
      ],
      [
        0.0020249312910857573,
        0.9994803510552966,
        -0.03216898893107774
      ],
      [
        -0.19353292653848533,
        0.0319512605350308,
        0.9805746169497455
      ]
    ],
    "t_w2c": [
      -8.717066576213314,
      -0.07698986387215276,
      -0.7665725628370522
    ]
  },
  "frame_012": {
    "R_w2c": [
      [
        0.9766215704728133,
        -0.0031701060264897407,
        0.21494169185581
      ],
      [
        0.00858419372818922,
        0.9996688610681969,
        -0.02425176297433527
      ],
      [
        -0.21479371714054302,
        0.025528285639941545,
        0.9763266528353508
      ]
    ],
    "t_w2c": [
      -9.699955413666563,
      -0.05276243829805781,
      -0.8021369533136612
    ]
  },
  "frame_013": {
    "R_w2c": [
      [
        0.9713230966977152,
        -0.005471538966048346,
        0.23769813158906258
      ],
      [
        0.010377258916096178,
        0.9997585316664077,
        -0.019384684643058255
      ],
      [
        -0.23753437007778974,
        0.02129342908387172,
        0.9711465844865156
      ]
    ],
    "t_w2c": [
      -10.713287498052834,
      -0.015214730207049682,
      -0.5953920268716816
    ]
  },
  "frame_014": {
    "R_w2c": [
      [
        0.9623704570866912,
        -0.0054008910710284875,
        0.27168372806674723
      ],
      [
        0.0108334141146553,
        0.9997700884690989,
        -0.018492843871141997
      ],
      [
        -0.2715206954786658,
        0.020737678802417257,
        0.962209615183397
      ]
    ],
    "t_w2c": [
      -11.654022180956478,
      -0.169532033754952,
      -0.5652199992345555
    ]
  },
  "frame_015": {
    "R_w2c": [
      [
        0.9497603059276423,
        -0.0034176688008376098,
        0.31295746837255245
      ],
      [
        0.011315983533021302,
        0.9996617722348169,
        -0.023417687096791324
      ],
      [
        -0.31277078885009635,
        0.025780203303266015,
        0.9494786165483167
      ]
    ],
    "t_w2c": [
      -12.624185990307604,
      -0.04116474881414027,
      -0.33034263611211845
    ]
  },
  "frame_016": {
    "R_w2c": [
      [
        0.93760848433412,
        -0.0002878163170296224,
        0.3476908094625965
      ],
      [
        0.011603260639335658,
        0.9994686609358415,
        -0.0304554131954525
      ],
      [
        -0.34749654410065584,
        0.032586836475451415,
        0.9371142174708781
      ]
    ],
    "t_w2c": [
      -13.62397394969801,
      -0.011144751957756991,
      0.22290295946807667
    ]
  },
  "frame_017": {
    "R_w2c": [
      [
        0.9261473292510132,
        0.0016244615393493681,
        0.3771556622396967
      ],
      [
        0.013738180247346823,
        0.9991820526409326,
        -0.03803055627637019
      ],
      [
        -0.3769083662609021,
        0.04040045514697648,
        0.9253683945435018
      ]
    ],
    "t_w2c": [
      -14.587859141668382,
      0.023324555664180555,
      0.4462313548815665
    ]
  },
  "frame_018": {
    "R_w2c": [
      [
        0.9165303649611705,
        0.0010463880019647774,
        0.39996237834989096
      ],
      [
        0.0153927875035797,
        0.9991641229328916,
        -0.0378777936774173
      ],
      [
        -0.3996667076482497,
        0.040869573717305596,
        0.9157486745971581
      ]
    ],
    "t_w2c": [
      -15.516096538922028,
      0.06331779046389653,
      0.48180042880741847
    ]
  },
  "frame_019": {
    "R_w2c": [
      [
        0.9063434159671866,
        0.00040678352575148187,
        0.4225403491218153
      ],
      [
        0.015114720209748073,
        0.9993291596551839,
        -0.033373151473857506
      ],
      [
        -0.4222685702484004,
        0.036630339792650186,
        0.9057295822798221
      ]
    ],
    "t_w2c": [
      -16.498267907810856,
      0.06960008919845038,
      0.8236250908040851
    ]
  },
  "frame_020": {
    "R_w2c": [
      [
        0.897308290026142,
        0.00017860568407034453,
        0.4414025824013304
      ],
      [
        0.014477765840216919,
        0.9994511950620306,
        -0.029827323979162292
      ],
      [
        -0.44116349392740994,
        0.03315095972334437,
        0.8968137787686972
      ]
    ],
    "t_w2c": [
      -17.44753648935637,
      0.09472053940285396,
      0.9277881864937194
    ]
  },
  "frame_021": {
    "R_w2c": [
      [
        0.8839573760893525,
        0.0018459519966520705,
        0.4675615939123266
      ],
      [
        0.013464671329288995,
        0.9994777815742831,
        -0.029394484886951837
      ],
      [
        -0.46736931606202725,
        0.03227582341327666,
        0.8834719890588878
      ]
    ],
    "t_w2c": [
      -18.327217617435622,
      0.09630453408851218,
      1.036103980409182
    ]
  },
  "frame_022": {
    "R_w2c": [
      [
        0.8714810861487979,
        0.004804837698341964,
        0.49040376598498453
      ],
      [
        0.0140029952032335,
        0.9993014474929681,
        -0.03466766923426244
      ],
      [
        -0.49022518425277994,
        0.037075680293329374,
        0.8708059013130214
      ]
    ],
    "t_w2c": [
      -19.293515092144233,
      0.11306613400285928,
      1.5252417864700067
    ]
  },
  "frame_023": {
    "R_w2c": [
      [
        0.8562767675308509,
        0.009140086760877412,
        0.5164344370492018
      ],
      [
        0.016530253570204753,
        0.998846792902994,
        -0.04508010117265354
      ],
      [
        -0.516248144481942,
        0.047133902307722415,
        0.8551397890769799
      ]
    ],
    "t_w2c": [
      -20.229760778752688,
      0.24554377116683723,
      2.0213745577494935
    ]
  },
  "frame_024": {
    "R_w2c": [
      [
        0.8391817163309728,
        0.01625563391335752,
        0.5436057060591292
      ],
      [
        0.019880532521537087,
        0.9979690542394538,
        -0.060527910354549956
      ],
      [
        -0.5434829587213713,
        0.06159796786361368,
        0.8371557941155633
      ]
    ],
    "t_w2c": [
      -21.079709811074686,
      0.257551158674441,
      2.312561846032303
    ]
  },
  "frame_025": {
    "R_w2c": [
      [
        0.8230449912393853,
        0.019839627967482863,
        0.5676276731041521
      ],
      [
        0.025557660323472953,
        0.9970848930999717,
        -0.0719034419971854
      ],
      [
        -0.5673968804548747,
        0.07368390350527057,
        0.8201393621064421
      ]
    ],
    "t_w2c": [
      -22.000941732820554,
      0.2323889005813837,
      2.9868893075716914
    ]
  },
  "frame_026": {
    "R_w2c": [
      [
        0.8091224754764658,
        0.020059272633765477,
        0.5872964745580631
      ],
      [
        0.03237804305576787,
        0.9963785984761465,
        -0.07863408066541026
      ],
      [
        -0.5867436263460893,
        0.08263688593818716,
        0.8055429865101155
      ]
    ],
    "t_w2c": [
      -22.888020089108874,
      0.2055527857761866,
      3.7761701389422675
    ]
  },
  "frame_027": {
    "R_w2c": [
      [
        0.7958844834897094,
        0.017844411189890937,
        0.6051846018387766
      ],
      [
        0.04077299983563161,
        0.9957180992803579,
        -0.08297486594104597
      ],
      [
        -0.6040698078615755,
        0.09071042320714774,
        0.7917494527683785
      ]
    ],
    "t_w2c": [
      -23.77816051104843,
      -0.13143218651808417,
      4.284490907189822
    ]
  },
  "frame_028": {
    "R_w2c": [
      [
        0.7823137722031228,
        0.01518148659070633,
        0.6226987561062365
      ],
      [
        0.04622881544202798,
        0.99553212999878,
        -0.08234513295746805
      ],
      [
        -0.6211621736009794,
        0.09320281649859281,
        0.7781174237102226
      ]
    ],
    "t_w2c": [
      -24.67442380971499,
      -0.2555308540201426,
      4.887616385459201
    ]
  },
  "frame_029": {
    "R_w2c": [
      [
        0.7606941177338145,
        0.020713171755996844,
        0.6487796144955247
      ],
      [
        0.0507547155523768,
        0.9945346035518908,
        -0.09125725531506408
      ],
      [
        -0.6471192096162179,
        0.1023438755153401,
        0.7554850191850141
      ]
    ],
    "t_w2c": [
      -25.422802977787573,
      -0.2844673373400819,
      6.094518370561885
    ]
  },
  "frame_030": {
    "R_w2c": [
      [
        0.747991068765755,
        0.027397166807161637,
        0.6631431488920195
      ],
      [
        0.05618440192610701,
        0.9929497515873469,
        -0.10439198886544715
      ],
      [
        -0.6613226298567002,
        0.11533907480071384,
        0.7411771308373654
      ]
    ],
    "t_w2c": [
      -26.285842874891827,
      -0.2503462420172421,
      6.751262425453509
    ]
  },
  "frame_031": {
    "R_w2c": [
      [
        0.7462372489964482,
        0.02488020490092291,
        0.6652147969463086
      ],
      [
        0.06290311031389266,
        0.9921966076766788,
        -0.1076717047861534
      ],
      [
        -0.6626972399320793,
        0.12218949227191978,
        0.7388481192663109
      ]
    ],
    "t_w2c": [
      -27.18617085862483,
      -0.4177305376250455,
      6.416848632726298
    ]
  },
  "frame_032": {
    "R_w2c": [
      [
        0.7220597232441787,
        0.02470380714064794,
        0.6913893081605238
      ],
      [
        0.060727870726109114,
        0.9932441129187402,
        -0.09890880695420219
      ],
      [
        -0.6891562331659595,
        0.11340163748916565,
        0.7156801446890352
      ]
    ],
    "t_w2c": [
      -27.918082948529545,
      -0.4968862307057885,
      7.16883923603763
    ]
  },
  "frame_033": {
    "R_w2c": [
      [
        0.7009459132651221,
        0.02574961734240926,
        0.7127487437567241
      ],
      [
        0.044144397954531546,
        0.9958684978324107,
        -0.07938940769842831
      ],
      [
        -0.7118423849377934,
        0.08710823585360157,
        0.6969125273595427
      ]
    ],
    "t_w2c": [
      -28.675667938804654,
      -0.28766876775291705,
      8.164622870396627
    ]
  },
  "frame_034": {
    "R_w2c": [
      [
        0.6959292059867997,
        0.022307913617329346,
        0.7177632476387379
      ],
      [
        0.028357417611893573,
        0.997886513780184,
        -0.05850695311648858
      ],
      [
        -0.7175460248403744,
        0.06106717393339653,
        0.6938251289645255
      ]
    ],
    "t_w2c": [
      -29.602425708204592,
      -0.17325231678591552,
      8.188736602829092
    ]
  },
  "frame_035": {
    "R_w2c": [
      [
        0.6865169909603698,
        0.018391869479877018,
        0.7268799432846368
      ],
      [
        0.020208933663594573,
        0.9988133534875041,
        -0.044357247138459524
      ],
      [
        -0.7268288497133847,
        0.04513863131471421,
        0.6853300015639571
      ]
    ],
    "t_w2c": [
      -30.41004144957901,
      -0.17729771994815471,
      8.171659941755607
    ]
  },
  "frame_036": {
    "R_w2c": [
      [
        0.6708163800002159,
        0.017148745754333842,
        0.7414238158937227
      ],
      [
        0.015978078852405656,
        0.9991685363202257,
        -0.037565153310079306
      ],
      [
        -0.7414472697672551,
        0.03704270494842797,
        0.6699845758040176
      ]
    ],
    "t_w2c": [
      -31.218125694426472,
      -0.19856710480099757,
      8.961097755137086
    ]
  },
  "frame_037": {
    "R_w2c": [
      [
        0.6545544546221903,
        0.014912183964132445,
        0.7558665370230596
      ],
      [
        0.013994158681454915,
        0.9993976900692869,
        -0.031834388788576695
      ],
      [
        -0.755881192706917,
        0.03141128878227387,
        0.6539507247063175
      ]
    ],
    "t_w2c": [
      -32.015867962934976,
      -0.24331434419250425,
      9.617663668195352
    ]
  },
  "frame_038": {
    "R_w2c": [
      [
        0.6331682697641904,
        0.017048370694527762,
        0.7738255780982265
      ],
      [
        0.010230249761415726,
        0.9994884082140867,
        -0.030389236170376917
      ],
      [
        -0.7739423909434688,
        0.027153938915239664,
        0.6326686253026109
      ]
    ],
    "t_w2c": [
      -32.5832941109752,
      -0.20124698384830098,
      9.98288644015687
    ]
  },
  "frame_039": {
    "R_w2c": [
      [
        0.60712321468027,
        0.020770904643923675,
        0.7943360409111379
      ],
      [
        0.002400033246267552,
        0.9996080112427982,
        -0.027971601972857425
      ],
      [
        -0.794600195840654,
        0.018884886641648713,
        0.6068344733468981
      ]
    ],
    "t_w2c": [
      -33.23149818536947,
      -0.0931538820063408,
      11.04425036960362
    ]
  },
  "frame_040": {
    "R_w2c": [
      [
        0.5791105946927416,
        0.024762038643296576,
        0.814873071835788
      ],
      [
        -0.005937902382313784,
        0.9996427978544538,
        -0.02615568031721898
      ],
      [
        -0.815224136751678,
        0.010304767103917315,
        0.5790496184177275
      ]
    ],
    "t_w2c": [
      -33.81587393801116,
      0.061644537310672466,
      12.334633962562405
    ]
  },
  "frame_041": {
    "R_w2c": [
      [
        0.5479813920895238,
        0.02702189707950226,
        0.8360547457732355
      ],
      [
        -0.012361567342410406,
        0.9996326383131378,
        -0.024205343381806493
      ],
      [
        -0.8363960283245706,
        0.0029261803219148732,
        0.5481129651593728
      ]
    ],
    "t_w2c": [
      -34.292635865538855,
      0.01760171002621639,
      13.425583241300519
    ]
  },
  "frame_042": {
    "R_w2c": [
      [
        0.5171248125096976,
        0.026340922330422865,
        0.8555059910951323
      ],
      [
        -0.015016491631663987,
        0.9996534216428,
        -0.021701565078036097
      ],
      [
        -0.8557753058337232,
        -0.0016269913005109427,
        0.5173392210735329
      ]
    ],
    "t_w2c": [
      -34.74573432503735,
      0.03241183669436884,
      14.407002550850445
    ]
  },
  "frame_043": {
    "R_w2c": [
      [
        0.49613611477769143,
        0.02309435312095862,
        0.8679387774430533
      ],
      [
        -0.013638229345423322,
        0.9997320109304679,
        -0.018804794729121495
      ],
      [
        -0.8681345112433381,
        -0.0025101414365816233,
        0.4963159378801156
      ]
    ],
    "t_w2c": [
      -35.38143779036957,
      -0.04264167040176772,
      15.189420697998585
    ]
  },
  "frame_044": {
    "R_w2c": [
      [
        0.4787454168212813,
        0.01996435374365991,
        0.8777280128648803
      ],
      [
        -0.011224811750454311,
        0.9998010707248799,
        -0.01661797340866563
      ],
      [
        -0.8778788775100252,
        -0.0018989130752243004,
        0.4788715900160492
      ]
    ],
    "t_w2c": [
      -36.069678399461736,
      -0.1198733913607437,
      15.900720201739976
    ]
  },
  "frame_045": {
    "R_w2c": [
      [
        0.47041128493619677,
        0.01962853000476006,
        0.882230133574094
      ],
      [
        -0.008483025176912042,
        0.9998095325325144,
        -0.017720578889030714
      ],
      [
        -0.8824035165300813,
        0.000849493158646136,
        0.4704854619644076
      ]
    ],
    "t_w2c": [
      -36.76775185703411,
      -0.29414642477155495,
      15.727799149824072
    ]
  },
  "frame_046": {
    "R_w2c": [
      [
        0.46014295462636545,
        0.02218050434173377,
        0.887569165534288
      ],
      [
        -0.007047363211388789,
        0.9997497476987268,
        -0.021329824154395046
      ],
      [
        -0.8878140755444581,
        0.003557535997632203,
        0.46018204046993477
      ]
    ],
    "t_w2c": [
      -37.40950680533748,
      -0.40109176194916596,
      15.608478812929283
    ]
  },
  "frame_047": {
    "R_w2c": [
      [
        0.4501078703478864,
        0.026165910446773476,
        0.8925920832024532
      ],
      [
        -0.004067794577236164,
        0.9996224078775535,
        -0.027251861553224982
      ],
      [
        -0.8929617364476671,
        0.00863326165894495,
        0.4500420437702537
      ]
    ],
    "t_w2c": [
      -38.22503740063213,
      -0.46097063354063167,
      15.99088189413373
    ]
  },
  "frame_048": {
    "R_w2c": [
      [
        0.428906037747786,
        0.033719515500111985,
        0.9027204320472352
      ],
      [
        0.0038918526019075237,
        0.9992267975420474,
        -0.03917261999363763
      ],
      [
        -0.9033375939056714,
        0.02031285724988324,
        0.4284415776291193
      ]
    ],
    "t_w2c": [
      -38.81247101861345,
      -0.18978700181471206,
      17.002918402491186
    ]
  },
  "frame_051": {
    "R_w2c": [
      [
        0.3510126031880826,
        0.01303408385160335,
        0.9362806838129216
      ],
      [
        0.001118301153869199,
        0.9998989090936583,
        -0.014338823514742242
      ],
      [
        -0.9363674241920845,
        0.0060781724626978425,
        0.35096081794752065
      ]
    ],
    "t_w2c": [
      -38.21710910636622,
      -0.8401693272364175,
      20.09798602597086
    ]
  },
  "frame_052": {
    "R_w2c": [
      [
        0.316470594198553,
        0.039502327975238775,
        0.9477801245456952
      ],
      [
        -0.03588698914313851,
        0.9989185785703857,
        -0.02965039101021919
      ],
      [
        -0.9479202900303905,
        -0.024631315562593823,
        0.31754393947179277
      ]
    ],
    "t_w2c": [
      -38.448258375370955,
      0.8516452553361953,
      21.288692447906875
    ]
  },
  "frame_053": {
    "R_w2c": [
      [
        0.30274303840980166,
        0.04683641083201567,
        0.9519210178319971
      ],
      [
        -0.04362802553817521,
        0.9984282125231212,
        -0.03524961050996322
      ],
      [
        -0.952069642081407,
        -0.030860416106281714,
        0.3043090051496752
      ]
    ],
    "t_w2c": [
      -39.09167837427041,
      1.1962736056484782,
      21.539946404630147
    ]
  },
  "frame_054": {
    "R_w2c": [
      [
        0.2944324466678459,
        0.04393889015174737,
        0.9546625122455604
      ],
      [
        -0.035815881079970156,
        0.9987501072040417,
        -0.03492200896187348
      ],
      [
        -0.9549976730309307,
        -0.023911921598616655,
        0.2956360082620416
      ]
    ],
    "t_w2c": [
      -39.89746772540984,
      0.9116234473044142,
      21.79054093494459
    ]
  },
  "frame_055": {
    "R_w2c": [
      [
        0.28472993571003896,
        0.042131565548860335,
        0.9576825767887082
      ],
      [
        -0.023829150590799184,
        0.999037917169814,
        -0.03686606928094839
      ],
      [
        -0.9583088612115018,
        -0.012326441197480989,
        0.2854573854368748
      ]
    ],
    "t_w2c": [
      -40.632452692989865,
      0.527744807569928,
      21.923474178500303
    ]
  },
  "frame_056": {
    "R_w2c": [
      [
        0.2754569000561462,
        0.04073228121668542,
        0.9604509836220577
      ],
      [
        -0.010553508304951376,
        0.99917197898494,
        -0.03934664563655985
      ],
      [
        -0.9612530026851395,
        0.000699647293060445,
        0.2756560768605801
      ]
    ],
    "t_w2c": [
      -41.390845131817855,
      0.13108919613085368,
      22.550578650951774
    ]
  },
  "frame_057": {
    "R_w2c": [
      [
        0.2798354881973622,
        0.036493858248523255,
        0.959355174606628
      ],
      [
        0.006313401924969118,
        0.9991882651503744,
        -0.03984926868590142
      ],
      [
        -0.9600245337309402,
        0.01720569852142734,
        0.2793754804802701
      ]
    ],
    "t_w2c": [
      -42.49123960376908,
      -0.41984925005437035,
      22.312420237462714
    ]
  },
  "frame_058": {
    "R_w2c": [
      [
        0.2927322548985628,
        0.025330049475949946,
        0.9558595267633918
      ],
      [
        0.023764966567827558,
        0.9991499663880375,
        -0.033754692524790644
      ],
      [
        -0.9558962433961833,
        0.03259551272345878,
        0.291879892666389
      ]
    ],
    "t_w2c": [
      -43.700547846144474,
      -1.3379421155697564,
      21.343077261666714
    ]
  },
  "frame_059": {
    "R_w2c": [
      [
        0.1756020052510845,
        0.01834319480109701,
        0.9842913026510788
      ],
      [
        0.022357741436799947,
        0.9994967264196658,
        -0.02261480258206391
      ],
      [
        -0.9842047962146305,
        0.02597575029728711,
        0.17510159955539248
      ]
    ],
    "t_w2c": [
      -41.780399620043205,
      -1.7883223665498644,
      26.640195756086086
    ]
  },
  "frame_060": {
    "R_w2c": [
      [
        0.15156147087985541,
        0.02428293374920159,
        0.9881505186254415
      ],
      [
        -0.002103315190254805,
        0.999705837749985,
        -0.024243850194194255
      ],
      [
        -0.9884432083284036,
        0.001593865582418031,
        0.15156634951957332
      ]
    ],
    "t_w2c": [
      -42.11824315935969,
      -0.8766817061744816,
      27.790917068547976
    ]
  },
  "frame_061": {
    "R_w2c": [
      [
        0.15332958751212064,
        0.0216697369359686,
        0.9879384841981624
      ],
      [
        -0.025080426137874316,
        0.9995250190408255,
        -0.01803141514400816
      ],
      [
        -0.9878547067032372,
        -0.022015807791383648,
        0.15379891557632558
      ]
    ],
    "t_w2c": [
      -43.06934310371286,
      -0.3861166547469408,
      27.307425216338427
    ]
  },
  "frame_062": {
    "R_w2c": [
      [
        0.1194490515513777,
        0.023857192645887027,
        0.9925546283265534
      ],
      [
        -0.03459222027991405,
        0.9992064177896168,
        -0.019854067250084772
      ],
      [
        -0.9922356637067663,
        -0.031965667697040005,
        0.12017867879524427
      ]
    ],
    "t_w2c": [
      -43.1073278147801,
      -0.07861093845472789,
      28.832584872372188
    ]
  },
  "frame_063": {
    "R_w2c": [
      [
        0.08763314818436321,
        0.03271038459091783,
        0.9956165818707241
      ],
      [
        -0.029113877610464498,
        0.9991202173020568,
        -0.03026290785608464
      ],
      [
        -0.9957259002838184,
        -0.026336710382185678,
        0.08850742782032069
      ]
    ],
    "t_w2c": [
      -43.16817920192189,
      0.06171990425601059,
      30.18582841615544
    ]
  },
  "frame_064": {
    "R_w2c": [
      [
        0.06548239138208106,
        0.03967343671394417,
        0.9970652946389357
      ],
      [
        -0.017709844819328264,
        0.9991001792370618,
        -0.03859214073066741
      ],
      [
        -0.9976953332007592,
        -0.015133480762049732,
        0.06612540172212561
      ]
    ],
    "t_w2c": [
      -43.39925949007223,
      -0.04497994116537764,
      30.714117803407543
    ]
  },
  "frame_065": {
    "R_w2c": [
      [
        0.043679360707534344,
        0.041509061432199984,
        0.9981834515099922
      ],
      [
        -0.007064830215467712,
        0.9991265684705163,
        -0.04124001584140446
      ],
      [
        -0.9990193051861328,
        -0.00525338928730149,
        0.04393396270390424
      ]
    ],
    "t_w2c": [
      -43.718162668653754,
      -0.24247038384227013,
      31.649984387139195
    ]
  },
  "frame_066": {
    "R_w2c": [
      [
        0.02847412151698585,
        0.04001845093827523,
        0.9987935833306213
      ],
      [
        -0.003623368303549596,
        0.9991978980143469,
        -0.039931918233442394
      ],
      [
        -0.999586266318092,
        -0.002484488576301356,
        0.028595910854563984
      ]
    ],
    "t_w2c": [
      -44.21368834800954,
      -0.29878469280911063,
      32.166132949077245
    ]
  },
  "frame_067": {
    "R_w2c": [
      [
        0.04772199824528872,
        0.04275260356344848,
        0.997946083093736
      ],
      [
        -0.008378583622234237,
        0.9990679863006268,
        -0.0424003006142148
      ],
      [
        -0.9988234978964332,
        -0.006340608006211518,
        0.04803497877274731
      ]
    ],
    "t_w2c": [
      -45.65857597019418,
      -0.11776033644903756,
      30.76121659610561
    ]
  },
  "frame_068": {
    "R_w2c": [
      [
        -0.02913388615903837,
        0.022807869238416784,
        0.9993162568040136
      ],
      [
        -0.007735014060417234,
        0.9997067415737819,
        -0.02304253215268241
      ],
      [
        -0.9995432771522483,
        -0.008403698659031433,
        -0.028949708085715148
      ]
    ],
    "t_w2c": [
      -44.13131710757728,
      -1.1369565043567427,
      34.10140496255783
    ]
  },
  "frame_069": {
    "R_w2c": [
      [
        -0.11350352878238383,
        0.025190251470866523,
        0.9932186423120678
      ],
      [
        -0.023381928715051972,
        0.9993359063646354,
        -0.028018356514429146
      ],
      [
        -0.9932596757290895,
        -0.02640644846559528,
        -0.1128395551924494
      ]
    ],
    "t_w2c": [
      -42.09371314859178,
      -0.3749711092920765,
      37.77827170063052
    ]
  },
  "frame_070": {
    "R_w2c": [
      [
        -0.08969982563659339,
        0.03821812448177636,
        0.9952359655124795
      ],
      [
        -0.058184073441464014,
        0.9973577175940155,
        -0.04354503143042374
      ],
      [
        -0.994265151110086,
        -0.061815381154786395,
        -0.08724006603684867
      ]
    ],
    "t_w2c": [
      -43.979494210149106,
      1.4792076575141482,
      36.52887760375972
    ]
  },
  "frame_071": {
    "R_w2c": [
      [
        -0.07448534727558347,
        0.03993562683271143,
        0.9964227376169661
      ],
      [
        -0.05148714418022831,
        0.997712604214801,
        -0.043837264432945576
      ],
      [
        -0.9958891134174728,
        -0.05457042367407771,
        -0.07226024810990975
      ]
    ],
    "t_w2c": [
      -45.53006820754461,
      1.1985869157699092,
      35.82998554029283
    ]
  },
  "frame_072": {
    "R_w2c": [
      [
        -0.07730700690845824,
        0.04037315205434082,
        0.9961902547900192
      ],
      [
        -0.016438050227273515,
        0.998994113405524,
        -0.04176331203557503
      ],
      [
        -0.996868851593071,
        -0.019606573982061563,
        -0.07656697570006692
      ]
    ],
    "t_w2c": [
      -46.42404034209433,
      0.011656746896916807,
      35.89524817225429
    ]
  },
  "frame_073": {
    "R_w2c": [
      [
        -0.08094271831258786,
        0.046178623922958524,
        0.9956487285248243
      ],
      [
        0.019113010117658185,
        0.9988157160819765,
        -0.04477317058537359
      ],
      [
        -0.9965327420642653,
        0.015403625681156413,
        -0.08173117369449648
      ]
    ],
    "t_w2c": [
      -47.18224705788596,
      -1.1025789865397004,
      35.600851491963866
    ]
  },
  "frame_074": {
    "R_w2c": [
      [
        -0.12520148421681312,
        0.055120988123561136,
        0.9905992771505796
      ],
      [
        0.044842811919313094,
        0.9977513270288184,
        -0.049852429037660705
      ],
      [
        -0.991114209139768,
        0.038177745075050444,
        -0.12739300729480207
      ]
    ],
    "t_w2c": [
      -46.50690599620905,
      -1.671585701154426,
      37.34293205444381
    ]
  },
  "frame_075": {
    "R_w2c": [
      [
        -0.22502486394204047,
        0.05168216794378994,
        0.9729819744047601
      ],
      [
        0.029167070261820565,
        0.998504323134541,
        -0.046294137797188335
      ],
      [
        -0.9739135544677304,
        0.017960408374549215,
        -0.2261969284661493
      ]
    ],
    "t_w2c": [
      -43.4772345372477,
      -1.2689381479188928,
      41.91259093203867
    ]
  },
  "frame_076": {
    "R_w2c": [
      [
        -0.25498678393103513,
        0.039619874127174846,
        0.9661331047808042
      ],
      [
        -0.03737930026937511,
        0.9980120841142684,
        -0.05079504199691102
      ],
      [
        -0.9662191702431936,
        -0.049066316918502,
        -0.25299947727283373
      ]
    ],
    "t_w2c": [
      -43.145551520979154,
      1.044801971020582,
      43.08390395005
    ]
  },
  "frame_077": {
    "R_w2c": [
      [
        -0.26965968493713294,
        0.03640167141979666,
        0.9622682991813579
      ],
      [
        -0.07006035287352957,
        0.9958983565806327,
        -0.05730921238359376
      ],
      [
        -0.9604011342815881,
        -0.08287169901112112,
        -0.2660029116514994
      ]
    ],
    "t_w2c": [
      -43.424312827924204,
      2.357044855257264,
      43.348071073801464
    ]
  },
  "frame_078": {
    "R_w2c": [
      [
        -0.28598844974570764,
        0.03495297221874223,
        0.9575965272344608
      ],
      [
        -0.06606917893206808,
        0.9962398780562423,
        -0.05609662678351675
      ],
      [
        -0.955950085753931,
        -0.0793115686365339,
        -0.2826036494164767
      ]
    ],
    "t_w2c": [
      -43.67784173281088,
      2.1370177183751506,
      44.13135775520437
    ]
  },
  "frame_080": {
    "R_w2c": [
      [
        -0.3020277945912648,
        0.030259624405108817,
        0.9528199364245215
      ],
      [
        -0.05071310586559303,
        0.9975732448434653,
        -0.04775794478556141
      ],
      [
        -0.9519470305722731,
        -0.06274611327890413,
        -0.29976040020850003
      ]
    ],
    "t_w2c": [
      -43.90618960647846,
      1.029401380002088,
      44.85352750233279
    ]
  },
  "frame_081": {
    "R_w2c": [
      [
        -0.32867628577990937,
        0.03573614931472867,
        0.9437674716238067
      ],
      [
        -0.056279560265266274,
        0.9967691828011156,
        -0.05734414822854535
      ],
      [
        -0.9427618841802262,
        -0.07196383775677194,
        -0.3256025889605898
      ]
    ],
    "t_w2c": [
      -43.62115392940955,
      1.7620822233828504,
      45.8701388153987
    ]
  },
  "frame_082": {
    "R_w2c": [
      [
        -0.3627875541192655,
        0.0419011651463,
        0.9309306876613879
      ],
      [
        -0.0584149490633108,
        0.9960036986453158,
        -0.06759510914092799
      ],
      [
        -0.930036617196406,
        -0.07890491193674518,
        -0.3588899530495351
      ]
    ],
    "t_w2c": [
      -42.88107271709523,
      2.5002322196459112,
      47.102478567759334
    ]
  },
  "frame_083": {
    "R_w2c": [
      [
        -0.3979598157604134,
        0.04608062671290786,
        0.9162461683568295
      ],
      [
        -0.05335011663848631,
        0.9958873268591636,
        -0.0732579125100968
      ],
      [
        -0.9158474898024241,
        -0.07803666074884665,
        -0.39386445177915347
      ]
    ],
    "t_w2c": [
      -42.0428820032237,
      2.6225950985521203,
      48.52644811926581
    ]
  },
  "frame_084": {
    "R_w2c": [
      [
        -0.432519854041873,
        0.044903905853145624,
        0.9005065440390885
      ],
      [
        -0.04127063627348945,
        0.9967287230769806,
        -0.06952485348407546
      ],
      [
        -0.9006760204373996,
        -0.06723615906066263,
        -0.42925139447202454
      ]
    ],
    "t_w2c": [
      -41.15449424262156,
      2.138712091072766,
      49.979371815807
    ]
  },
  "frame_085": {
    "R_w2c": [
      [
        -0.46302989100276687,
        0.043248178242539535,
        0.8852874010616765
      ],
      [
        -0.028321947986747364,
        0.9975795547164196,
        -0.06354666719897574
      ],
      [
        -0.8858861692658461,
        -0.05449736026271927,
        -0.46068390432379
      ]
    ],
    "t_w2c": [
      -40.33333531915698,
      1.287908415193813,
      50.99088151047071
    ]
  },
  "frame_086": {
    "R_w2c": [
      [
        -0.4882516400492826,
        0.04351079833931454,
        0.8716174209223799
      ],
      [
        -0.026150680927894257,
        0.9975808652771988,
        -0.06444659244406269
      ],
      [
        -0.8723067893490852,
        -0.054259683779513374,
        -0.48593292902561763
      ]
    ],
    "t_w2c": [
      -39.844998034043435,
      1.1926016429628594,
      52.23083577378698
    ]
  },
  "frame_087": {
    "R_w2c": [
      [
        -0.5085229216541245,
        0.046980270621967135,
        0.8597652969310465
      ],
      [
        -0.03197292876737713,
        0.9967940447966215,
        -0.07337885626666446
      ],
      [
        -0.8604502758782919,
        -0.06480422737201082,
        -0.5053912811350892
      ]
    ],
    "t_w2c": [
      -39.59586976830267,
      1.9736667603077505,
      53.292390349791276
    ]
  },
  "frame_088": {
    "R_w2c": [
      [
        -0.5245059810892269,
        0.05354224638220914,
        0.8497205748221891
      ],
      [
        -0.04172970108375438,
        0.995206781536924,
        -0.0884678867210996
      ],
      [
        -0.8503795453015299,
        -0.08186125446248406,
        -0.519758505951986
      ]
    ],
    "t_w2c": [
      -39.480735641879015,
      3.0026073658277364,
      53.535295944240495
    ]
  },
  "frame_089": {
    "R_w2c": [
      [
        -0.5427093922763963,
        0.05707670839895718,
        0.837977759252106
      ],
      [
        -0.04053104997975267,
        0.9947487699338426,
        -0.09400473620209432
      ],
      [
        -0.8389379126206565,
        -0.08498141828907238,
        -0.537546352263641
      ]
    ],
    "t_w2c": [
      -39.307439636184476,
      3.276930124463618,
      54.4760898442873
    ]
  },
  "frame_090": {
    "R_w2c": [
      [
        -0.566905138396574,
        0.05735307347403663,
        0.8217826806900611
      ],
      [
        -0.03085928009387975,
        0.9953973136213936,
        -0.09075885399552631
      ],
      [
        -0.8232007833365268,
        -0.07681184243458414,
        -0.5625261884770751
      ]
    ],
    "t_w2c": [
      -38.681460652746715,
      2.9189258849921407,
      55.81087253840577
    ]
  },
  "frame_091": {
    "R_w2c": [
      [
        -0.5949886939876545,
        0.05551456983348803,
        0.8018134499088686
      ],
      [
        -0.01801700441945279,
        0.9964427541621381,
        -0.0823595061430023
      ],
      [
        -0.803528386057451,
        -0.06344955478664575,
        -0.5918720370746688
      ]
    ],
    "t_w2c": [
      -37.662095997495776,
      1.883770339998934,
      56.83880715847838
    ]
  },
  "frame_092": {
    "R_w2c": [
      [
        -0.6240378164441568,
        0.05290938502259403,
        0.7795995751115508
      ],
      [
        -0.007888440750414442,
        0.9972300388555518,
        -0.07399382754762279
      ],
      [
        -0.7813506386390171,
        -0.05232481973467956,
        -0.6218927455781059
      ]
    ],
    "t_w2c": [
      -36.528423842231504,
      1.2271111479159436,
      58.01028502248716
    ]
  },
  "frame_093": {
    "R_w2c": [
      [
        -0.6531850006770196,
        0.05049736818250818,
        0.7555109830956027
      ],
      [
        -0.0021204718966834333,
        0.9976500963769286,
        -0.068515076811106
      ],
      [
        -0.7571914870718315,
        -0.04635571503206431,
        -0.6515445359101371
      ]
    ],
    "t_w2c": [
      -35.302407838935565,
      0.7590437000968461,
      59.43258293850328
    ]
  },
  "frame_094": {
    "R_w2c": [
      [
        -0.6780091810882797,
